0.785398 0
0.785395 -0.00693458
0.785384 -0.0138691
0.785367 -0.0208036
0.785343 -0.0277379
0.785311 -0.034672
0.785273 -0.0416058
0.785228 -0.0485394
0.785176 -0.0554726
0.785117 -0.0624055
0.785051 -0.0693379
0.784979 -0.0762698
0.784899 -0.0832013
0.784812 -0.0901321
0.784719 -0.0970623
0.784618 -0.103992
0.784511 -0.110921
0.784396 -0.117849
0.784275 -0.124776
0.784147 -0.131702
0.784012 -0.138628
0.783869 -0.145552
0.78372 -0.152476
0.783565 -0.159398
0.783402 -0.166319
0.783232 -0.17324
0.783055 -0.180158
0.782872 -0.187076
0.782681 -0.193993
0.782484 -0.200908
0.782279 -0.207821
0.782068 -0.214733
0.78185 -0.221644
0.781625 -0.228553
0.781393 -0.235461
0.781154 -0.242367
0.780908 -0.249271
0.780655 -0.256174
0.780396 -0.263074
0.780129 -0.269973
0.779856 -0.27687
0.779575 -0.283765
0.779288 -0.290658
0.778994 -0.297549
0.778693 -0.304438
0.778385 -0.311325
0.77807 -0.31821
0.777749 -0.325092
0.77742 -0.331973
0.777085 -0.338851
0.776742 -0.345726
0.776393 -0.352599
0.776037 -0.35947
0.775674 -0.366338
0.775305 -0.373203
0.774928 -0.380066
0.774544 -0.386927
0.774154 -0.393784
0.773757 -0.400639
0.773353 -0.407491
0.772942 -0.41434
0.772524 -0.421186
0.7721 -0.42803
0.771668 -0.43487
0.77123 -0.441707
0.770785 -0.448541
0.770333 -0.455372
0.769874 -0.4622
0.769408 -0.469024
0.768936 -0.475845
0.768457 -0.482663
0.767971 -0.489478
0.767478 -0.496289
0.766978 -0.503096
0.766471 -0.5099
0.765958 -0.5167
0.765438 -0.523497
0.764911 -0.53029
0.764377 -0.537079
0.763837 -0.543864
0.76329 -0.550646
0.762736 -0.557424
0.762175 -0.564197
0.761607 -0.570967
0.761033 -0.577733
0.760452 -0.584494
0.759864 -0.591251
0.759269 -0.598005
0.758668 -0.604754
0.75806 -0.611498
0.757445 -0.618238
0.756823 -0.624974
0.756195 -0.631706
0.75556 -0.638433
0.754918 -0.645155
0.75427 -0.651873
0.753614 -0.658586
0.752952 -0.665294
0.752284 -0.671998
0.751608 -0.678696
0.750926 -0.68539
0.750238 -0.692079
0.749542 -0.698763
0.74884 -0.705442
0.748131 -0.712116
0.747416 -0.718785
0.746694 -0.725449
0.745965 -0.732107
0.74523 -0.73876
0.744488 -0.745408
0.743739 -0.752051
0.742983 -0.758688
0.742221 -0.765319
0.741453 -0.771945
0.740678 -0.778566
0.739896 -0.785181
0.739107 -0.79179
0.738312 -0.798393
0.73751 -0.804991
0.736702 -0.811583
0.735887 -0.818168
0.735066 -0.824748
0.734238 -0.831322
0.733403 -0.83789
0.732562 -0.844452
0.731714 -0.851007
0.73086 -0.857557
0.729999 -0.8641
0.729132 -0.870637
0.728258 -0.877167
0.727377 -0.883691
0.72649 -0.890209
0.725597 -0.89672
0.724697 -0.903224
0.723791 -0.909722
0.722878 -0.916213
0.721958 -0.922698
0.721032 -0.929175
0.7201 -0.935646
0.719161 -0.94211
0.718216 -0.948567
0.717264 -0.955017
0.716305 -0.96146
0.715341 -0.967895
0.71437 -0.974324
0.713392 -0.980745
0.712408 -0.987159
0.711418 -0.993566
0.710421 -0.999965
0.709418 -1.00636
0.708408 -1.01274
0.707392 -1.01912
0.70637 -1.02549
0.705341 -1.03185
0.704306 -1.0382
0.703265 -1.04455
0.702217 -1.05089
0.701163 -1.05722
0.700103 -1.06354
0.699036 -1.06986
0.697963 -1.07616
0.696884 -1.08246
0.695798 -1.08875
0.694706 -1.09503
0.693608 -1.10131
0.692504 -1.10757
0.691393 -1.11383
0.690276 -1.12008
0.689153 -1.12632
0.688023 -1.13255
0.686888 -1.13877
0.685746 -1.14499
0.684598 -1.1512
0.683444 -1.15739
0.682283 -1.16358
0.681116 -1.16976
0.679944 -1.17593
0.678764 -1.18209
0.677579 -1.18825
0.676388 -1.19439
0.675191 -1.20052
0.673987 -1.20665
0.672777 -1.21276
0.671561 -1.21887
0.67034 -1.22497
0.669111 -1.23106
0.667877 -1.23713
0.666637 -1.2432
0.665391 -1.24926
0.664139 -1.25531
0.66288 -1.26135
0.661616 -1.26738
0.660346 -1.2734
0.659069 -1.27941
0.657787 -1.28541
0.656498 -1.2914
0.655204 -1.29739
0.653904 -1.30336
0.652597 -1.30932
0.651285 -1.31527
0.649967 -1.32121
0.648643 -1.32714
0.647312 -1.33306
0.645976 -1.33896
0.644635 -1.34486
0.643287 -1.35075
0.641933 -1.35663
0.640573 -1.36249
0.639208 -1.36835
0.637837 -1.3742
0.63646 -1.38003
0.635077 -1.38585
0.633688 -1.39167
0.632293 -1.39747
0.630893 -1.40326
0.629487 -1.40904
0.628075 -1.4148
0.626657 -1.42056
0.625234 -1.42631
0.623805 -1.43204
0.62237 -1.43776
0.620929 -1.44348
0.619483 -1.44917
0.618031 -1.45486
0.616573 -1.46054
0.61511 -1.4662
0.613641 -1.47186
0.612166 -1.4775
0.610686 -1.48313
0.6092 -1.48875
0.607708 -1.49435
0.606211 -1.49995
0.604708 -1.50553
0.6032 -1.5111
0.601686 -1.51665
0.600167 -1.5222
0.598642 -1.52773
0.597111 -1.53325
0.595575 -1.53876
0.594034 -1.54426
0.592487 -1.54974
0.590934 -1.55521
0.589376 -1.56067
0.587813 -1.56611
0.586244 -1.57154
0.58467 -1.57696
0.58309 -1.58237
0.581505 -1.58776
0.579915 -1.59314
0.578319 -1.59851
0.576718 -1.60386
0.575111 -1.6092
0.573499 -1.61453
0.571882 -1.61985
0.570259 -1.62515
0.568632 -1.63043
0.566999 -1.63571
0.56536 -1.64097
0.563717 -1.64622
0.562068 -1.65145
0.560414 -1.65667
0.558754 -1.66187
0.55709 -1.66707
0.55542 -1.67225
0.553745 -1.67741
0.552066 -1.68256
0.55038 -1.6877
0.54869 -1.69282
0.546995 -1.69793
0.545294 -1.70302
0.543589 -1.7081
0.541878 -1.71316
0.540162 -1.71821
0.538442 -1.72325
0.536716 -1.72827
0.534985 -1.73328
0.533249 -1.73827
0.531509 -1.74325
0.529763 -1.74821
0.528012 -1.75316
0.526256 -1.7581
0.524496 -1.76301
0.52273 -1.76792
0.52096 -1.77281
0.519185 -1.77768
0.517405 -1.78254
0.51562 -1.78738
0.51383 -1.79221
0.512035 -1.79702
0.510236 -1.80182
0.508432 -1.8066
0.506623 -1.81137
0.504809 -1.81612
0.50299 -1.82085
0.501167 -1.82557
0.499339 -1.83028
0.497507 -1.83497
0.495669 -1.83964
0.493827 -1.84429
0.491981 -1.84893
0.49013 -1.85356
0.488274 -1.85817
0.486413 -1.86276
0.484548 -1.86734
0.482679 -1.8719
0.480804 -1.87644
0.478926 -1.88097
0.477042 -1.88548
0.475155 -1.88997
0.473263 -1.89445
0.471366 -1.89891
0.469465 -1.90336
0.467559 -1.90779
0.465649 -1.9122
0.463735 -1.91659
0.461816 -1.92097
0.459893 -1.92533
0.457965 -1.92968
0.456033 -1.934
0.454097 -1.93832
0.452157 -1.94261
0.450212 -1.94688
0.448263 -1.95114
0.44631 -1.95539
0.444352 -1.95961
0.442391 -1.96382
0.440425 -1.96801
0.438455 -1.97218
0.43648 -1.97633
0.434502 -1.98047
0.432519 -1.98459
0.430533 -1.98869
0.428542 -1.99278
0.426547 -1.99684
0.424548 -2.00089
0.422545 -2.00492
0.420538 -2.00893
0.418527 -2.01293
0.416513 -2.01691
0.414494 -2.02086
0.412471 -2.0248
0.410444 -2.02873
0.408413 -2.03263
0.406379 -2.03652
0.40434 -2.04038
0.402298 -2.04423
0.400252 -2.04806
0.398202 -2.05188
0.396148 -2.05567
0.394091 -2.05944
0.392029 -2.0632
0.389964 -2.06694
0.387895 -2.07066
0.385823 -2.07436
0.383747 -2.07804
0.381667 -2.0817
0.379583 -2.08534
0.377496 -2.08897
0.375405 -2.09257
0.373311 -2.09616
0.371213 -2.09973
0.369111 -2.10327
0.367006 -2.1068
0.364898 -2.11031
0.362786 -2.1138
0.36067 -2.11727
0.358551 -2.12072
0.356429 -2.12416
0.354303 -2.12757
0.352174 -2.13096
0.350041 -2.13433
0.347905 -2.13769
0.345766 -2.14102
0.343623 -2.14433
0.341477 -2.14763
0.339328 -2.1509
0.337175 -2.15416
0.335019 -2.15739
0.33286 -2.16061
0.330698 -2.1638
0.328533 -2.16697
0.326364 -2.17013
0.324193 -2.17326
0.322018 -2.17638
0.31984 -2.17947
0.317659 -2.18254
0.315475 -2.1856
0.313288 -2.18863
0.311097 -2.19164
0.308904 -2.19463
0.306708 -2.1976
0.304509 -2.20055
0.302307 -2.20348
0.300102 -2.20639
0.297894 -2.20928
0.295684 -2.21215
0.29347 -2.215
0.291254 -2.21782
0.289034 -2.22063
0.286812 -2.22342
0.284588 -2.22618
0.28236 -2.22892
0.28013 -2.23164
0.277897 -2.23434
0.275661 -2.23702
0.273423 -2.23968
0.271182 -2.24232
0.268938 -2.24494
0.266692 -2.24753
0.264443 -2.25011
0.262192 -2.25266
0.259938 -2.25519
0.257681 -2.2577
0.255422 -2.26019
0.253161 -2.26266
0.250897 -2.2651
0.248631 -2.26753
0.246362 -2.26993
0.244091 -2.27231
0.241817 -2.27467
0.239541 -2.27701
0.237263 -2.27932
0.234983 -2.28162
0.2327 -2.28389
0.230415 -2.28614
0.228128 -2.28837
0.225838 -2.29057
0.223547 -2.29276
0.221253 -2.29492
0.218957 -2.29706
0.216659 -2.29918
0.214358 -2.30128
0.212056 -2.30336
0.209752 -2.30541
0.207445 -2.30744
0.205137 -2.30945
0.202826 -2.31143
0.200514 -2.3134
0.198199 -2.31534
0.195883 -2.31726
0.193565 -2.31916
0.191245 -2.32103
0.188923 -2.32289
0.186599 -2.32472
0.184273 -2.32653
0.181946 -2.32831
0.179617 -2.33007
0.177286 -2.33182
0.174953 -2.33353
0.172619 -2.33523
0.170283 -2.3369
0.167945 -2.33855
0.165606 -2.34018
0.163265 -2.34179
0.160922 -2.34337
0.158578 -2.34493
0.156232 -2.34647
0.153885 -2.34798
0.151536 -2.34947
0.149186 -2.35094
0.146834 -2.35239
0.144481 -2.35381
0.142127 -2.35521
0.139771 -2.35659
0.137414 -2.35795
0.135055 -2.35928
0.132695 -2.36059
0.130334 -2.36187
0.127971 -2.36314
0.125607 -2.36438
0.123243 -2.36559
0.120876 -2.36679
0.118509 -2.36796
0.11614 -2.36911
0.113771 -2.37023
0.1114 -2.37133
0.109028 -2.37241
0.106655 -2.37347
0.104281 -2.3745
0.101906 -2.37551
0.0995301 -2.37649
0.0971531 -2.37746
0.0947752 -2.3784
0.0923963 -2.37931
0.0900166 -2.38021
0.0876359 -2.38108
0.0852544 -2.38192
0.0828721 -2.38275
0.0804889 -2.38355
0.078105 -2.38432
0.0757203 -2.38508
0.0733348 -2.38581
0.0709487 -2.38651
0.0685618 -2.3872
0.0661743 -2.38786
0.0637861 -2.38849
0.0613973 -2.38911
0.0590079 -2.3897
0.0566179 -2.39026
0.0542273 -2.39081
0.0518363 -2.39133
0.0494447 -2.39182
0.0470526 -2.3923
0.0446601 -2.39275
0.0422671 -2.39317
0.0398737 -2.39358
0.03748 -2.39395
0.0350858 -2.39431
0.0326914 -2.39464
0.0302965 -2.39495
0.0279014 -2.39524
0.0255061 -2.3955
0.0231105 -2.39574
0.0207146 -2.39595
0.0183185 -2.39614
0.0159223 -2.39631
0.0135259 -2.39646
0.0111294 -2.39658
0.00873277 -2.39667
0.00633605 -2.39675
0.00393927 -2.3968
0.00154246 -2.39683
-0.000854376 -2.39683
-0.0032512 -2.39681
-0.00564799 -2.39676
-0.00804473 -2.3967
-0.0104414 -2.39661
-0.0128379 -2.39649
-0.0152344 -2.39636
-0.0176307 -2.39619
-0.0200268 -2.39601
-0.0224227 -2.3958
-0.0248184 -2.39557
-0.0272138 -2.39531
-0.029609 -2.39504
-0.0320039 -2.39473
-0.0343985 -2.39441
-0.0367927 -2.39406
-0.0391866 -2.39369
-0.0415801 -2.39329
-0.0439732 -2.39287
-0.0463658 -2.39243
-0.048758 -2.39196
-0.0511497 -2.39147
-0.053541 -2.39096
-0.0559317 -2.39042
-0.0583218 -2.38986
-0.0607114 -2.38928
-0.0631004 -2.38867
-0.0654887 -2.38804
-0.0678765 -2.38739
-0.0702635 -2.38671
-0.0726499 -2.38601
-0.0750355 -2.38529
-0.0774205 -2.38454
-0.0798046 -2.38377
-0.082188 -2.38298
-0.0845706 -2.38216
-0.0869523 -2.38132
-0.0893332 -2.38046
-0.0917132 -2.37957
-0.0940924 -2.37866
-0.0964706 -2.37773
-0.0988478 -2.37677
-0.101224 -2.37579
-0.103599 -2.37479
-0.105974 -2.37377
-0.108347 -2.37272
-0.110719 -2.37164
-0.11309 -2.37055
-0.11546 -2.36943
-0.117829 -2.36829
-0.120197 -2.36712
-0.122563 -2.36594
-0.124929 -2.36473
-0.127293 -2.36349
-0.129656 -2.36224
-0.132017 -2.36096
-0.134378 -2.35966
-0.136737 -2.35833
-0.139094 -2.35698
-0.141451 -2.35561
-0.143805 -2.35422
-0.146159 -2.3528
-0.148511 -2.35136
-0.150862 -2.3499
-0.153211 -2.34841
-0.155559 -2.3469
-0.157905 -2.34537
-0.160249 -2.34382
-0.162592 -2.34224
-0.164934 -2.34064
-0.167274 -2.33902
-0.169612 -2.33738
-0.171948 -2.33571
-0.174283 -2.33402
-0.176616 -2.33231
-0.178948 -2.33058
-0.181278 -2.32882
-0.183605 -2.32704
-0.185932 -2.32524
-0.188256 -2.32342
-0.190578 -2.32157
-0.192899 -2.3197
-0.195218 -2.31781
-0.197535 -2.31589
-0.19985 -2.31396
-0.202163 -2.312
-0.204474 -2.31002
-0.206783 -2.30802
-0.20909 -2.30599
-0.211395 -2.30395
-0.213698 -2.30188
-0.215998 -2.29979
-0.218297 -2.29767
-0.220594 -2.29554
-0.222888 -2.29338
-0.225181 -2.2912
-0.227471 -2.289
-0.229759 -2.28678
-0.232044 -2.28454
-0.234328 -2.28227
-0.236609 -2.27998
-0.238888 -2.27767
-0.241164 -2.27534
-0.243438 -2.27299
-0.24571 -2.27061
-0.247979 -2.26822
-0.250247 -2.2658
-0.252511 -2.26336
-0.254773 -2.2609
-0.257033 -2.25842
-0.25929 -2.25591
-0.261545 -2.25339
-0.263797 -2.25084
-0.266046 -2.24827
-0.268293 -2.24568
-0.270538 -2.24307
-0.27278 -2.24044
-0.275019 -2.23779
-0.277255 -2.23512
-0.279489 -2.23242
-0.28172 -2.22971
-0.283948 -2.22697
-0.286174 -2.22421
-0.288397 -2.22143
-0.290617 -2.21863
-0.292834 -2.21581
-0.295048 -2.21297
-0.29726 -2.21011
-0.299469 -2.20723
-0.301674 -2.20432
-0.303877 -2.2014
-0.306077 -2.19845
-0.308274 -2.19549
-0.310468 -2.1925
-0.312659 -2.1895
-0.314847 -2.18647
-0.317032 -2.18342
-0.319214 -2.18035
-0.321393 -2.17727
-0.323569 -2.17416
-0.325741 -2.17103
-0.327911 -2.16788
-0.330077 -2.16471
-0.33224 -2.16152
-0.3344 -2.15832
-0.336557 -2.15509
-0.33871 -2.15184
-0.34086 -2.14857
-0.343007 -2.14528
-0.345151 -2.14197
-0.347291 -2.13865
-0.349428 -2.1353
-0.351562 -2.13193
-0.353692 -2.12854
-0.355819 -2.12514
-0.357942 -2.12171
-0.360062 -2.11827
-0.362179 -2.1148
-0.364292 -2.11132
-0.366401 -2.10781
-0.368508 -2.10429
-0.37061 -2.10075
-0.372709 -2.09719
-0.374804 -2.0936
-0.376896 -2.09
-0.378984 -2.08639
-0.381069 -2.08275
-0.38315 -2.07909
-0.385227 -2.07542
-0.387301 -2.07172
-0.389371 -2.06801
-0.391437 -2.06428
-0.393499 -2.06052
-0.395558 -2.05675
-0.397613 -2.05297
-0.399664 -2.04916
-0.401711 -2.04533
-0.403754 -2.04149
-0.405794 -2.03763
-0.40783 -2.03375
-0.409861 -2.02985
-0.411889 -2.02593
-0.413913 -2.022
-0.415933 -2.01804
-0.417949 -2.01407
-0.419962 -2.01008
-0.42197 -2.00608
-0.423974 -2.00205
-0.425974 -1.99801
-0.42797 -1.99395
-0.429962 -1.98987
-0.431949 -1.98577
-0.433933 -1.98165
-0.435913 -1.97752
-0.437888 -1.97337
-0.439859 -1.96921
-0.441827 -1.96502
-0.44379 -1.96082
-0.445748 -1.9566
-0.447703 -1.95236
-0.449653 -1.94811
-0.451599 -1.94384
-0.453541 -1.93955
-0.455478 -1.93524
-0.457411 -1.93092
-0.45934 -1.92658
-0.461264 -1.92223
-0.463184 -1.91785
-0.4651 -1.91346
-0.467011 -1.90906
-0.468918 -1.90463
-0.470821 -1.90019
-0.472718 -1.89573
-0.474612 -1.89126
-0.476501 -1.88677
-0.478386 -1.88226
-0.480266 -1.87774
-0.482141 -1.8732
-0.484012 -1.86865
-0.485878 -1.86408
-0.48774 -1.85949
-0.489597 -1.85488
-0.49145 -1.85026
-0.493298 -1.84563
-0.495141 -1.84098
-0.49698 -1.83631
-0.498814 -1.83162
-0.500643 -1.82693
-0.502468 -1.82221
-0.504287 -1.81748
-0.506103 -1.81273
-0.507913 -1.80797
-0.509718 -1.80319
-0.511519 -1.7984
-0.513315 -1.79359
-0.515106 -1.78877
-0.516893 -1.78393
-0.518674 -1.77908
-0.520451 -1.77421
-0.522223 -1.76932
-0.52399 -1.76442
-0.525752 -1.75951
-0.527509 -1.75458
-0.529261 -1.74964
-0.531008 -1.74468
-0.53275 -1.7397
-0.534487 -1.73471
-0.53622 -1.72971
-0.537947 -1.72469
-0.539669 -1.71966
-0.541386 -1.71462
-0.543098 -1.70955
-0.544805 -1.70448
-0.546507 -1.69939
-0.548204 -1.69429
-0.549896 -1.68917
-0.551582 -1.68404
-0.553264 -1.67889
-0.55494 -1.67373
-0.556611 -1.66855
-0.558277 -1.66337
-0.559938 -1.65816
-0.561593 -1.65295
-0.563244 -1.64772
-0.564889 -1.64248
-0.566529 -1.63722
-0.568163 -1.63195
-0.569793 -1.62667
-0.571417 -1.62137
-0.573035 -1.61606
-0.574649 -1.61073
-0.576257 -1.6054
-0.57786 -1.60005
-0.579457 -1.59468
-0.581049 -1.58931
-0.582636 -1.58392
-0.584217 -1.57851
-0.585793 -1.5731
-0.587363 -1.56767
-0.588928 -1.56223
-0.590487 -1.55678
-0.592042 -1.55131
-0.59359 -1.54583
-0.595133 -1.54034
-0.596671 -1.53483
-0.598203 -1.52932
-0.599729 -1.52379
-0.60125 -1.51825
-0.602766 -1.51269
-0.604276 -1.50713
-0.60578 -1.50155
-0.607279 -1.49596
-0.608772 -1.49036
-0.61026 -1.48474
-0.611742 -1.47912
-0.613218 -1.47348
-0.614689 -1.46783
-0.616154 -1.46217
-0.617613 -1.45649
-0.619066 -1.45081
-0.620514 -1.44511
-0.621957 -1.4394
-0.623393 -1.43368
-0.624824 -1.42795
-0.626249 -1.42221
-0.627669 -1.41646
-0.629082 -1.41069
-0.63049 -1.40492
-0.631892 -1.39913
-0.633288 -1.39333
-0.634679 -1.38752
-0.636063 -1.3817
-0.637442 -1.37587
-0.638815 -1.37003
-0.640182 -1.36418
-0.641543 -1.35831
-0.642899 -1.35244
-0.644248 -1.34655
-0.645592 -1.34066
-0.64693 -1.33475
-0.648261 -1.32884
-0.649587 -1.32291
-0.650907 -1.31697
-0.652221 -1.31103
-0.653529 -1.30507
-0.654831 -1.2991
-0.656127 -1.29312
-0.657418 -1.28714
-0.658702 -1.28114
-0.65998 -1.27513
-0.661252 -1.26911
-0.662518 -1.26308
-0.663778 -1.25705
-0.665032 -1.251
-0.66628 -1.24494
-0.667522 -1.23888
-0.668758 -1.2328
-0.669988 -1.22672
-0.671211 -1.22062
-0.672429 -1.21452
-0.67364 -1.2084
-0.674846 -1.20228
-0.676045 -1.19615
-0.677238 -1.19001
-0.678425 -1.18386
-0.679606 -1.1777
-0.68078 -1.17153
-0.681949 -1.16536
-0.683111 -1.15917
-0.684267 -1.15298
-0.685417 -1.14677
-0.686561 -1.14056
-0.687698 -1.13434
-0.688829 -1.12811
-0.689954 -1.12187
-0.691073 -1.11562
-0.692186 -1.10937
-0.693292 -1.10311
-0.694392 -1.09684
-0.695485 -1.09056
-0.696573 -1.08427
-0.697654 -1.07797
-0.698729 -1.07167
-0.699797 -1.06535
-0.70086 -1.05903
-0.701915 -1.05271
-0.702965 -1.04637
-0.704008 -1.04003
-0.705045 -1.03367
-0.706075 -1.02732
-0.7071 -1.02095
-0.708117 -1.01457
-0.709129 -1.00819
-0.710134 -1.0018
-0.711132 -0.995404
-0.712125 -0.988999
-0.71311 -0.982587
-0.71409 -0.976168
-0.715063 -0.969742
-0.716029 -0.963308
-0.716989 -0.956867
-0.717943 -0.950419
-0.71889 -0.943964
-0.719831 -0.937502
-0.720765 -0.931034
-0.721693 -0.924558
-0.722614 -0.918075
-0.723529 -0.911586
-0.724437 -0.90509
-0.725339 -0.898588
-0.726235 -0.892079
-0.727123 -0.885563
-0.728006 -0.879041
-0.728882 -0.872512
-0.729751 -0.865977
-0.730613 -0.859436
-0.73147 -0.852888
-0.732319 -0.846335
-0.733162 -0.839775
-0.733999 -0.833208
-0.734829 -0.826636
-0.735652 -0.820058
-0.736469 -0.813474
-0.737279 -0.806884
-0.738083 -0.800288
-0.73888 -0.793686
-0.73967 -0.787079
-0.740454 -0.780465
-0.741231 -0.773847
-0.742001 -0.767222
-0.742765 -0.760592
-0.743523 -0.753957
-0.744273 -0.747316
-0.745017 -0.740669
-0.745755 -0.734018
-0.746485 -0.727361
-0.747209 -0.720699
-0.747927 -0.714031
-0.748637 -0.707359
-0.749341 -0.700681
-0.750039 -0.693999
-0.750729 -0.687311
-0.751413 -0.680619
-0.752091 -0.673921
-0.752761 -0.667219
-0.753425 -0.660512
-0.754082 -0.6538
-0.754733 -0.647084
-0.755376 -0.640363
-0.756013 -0.633637
-0.756644 -0.626907
-0.757267 -0.620173
-0.757884 -0.613434
-0.758494 -0.60669
-0.759097 -0.599943
-0.759694 -0.593191
-0.760284 -0.586434
-0.760867 -0.579674
-0.761443 -0.57291
-0.762013 -0.566141
-0.762575 -0.559369
-0.763131 -0.552592
-0.763681 -0.545812
-0.764223 -0.539027
-0.764759 -0.532239
-0.765287 -0.525447
-0.76581 -0.518652
-0.766325 -0.511852
-0.766833 -0.50505
-0.767335 -0.498243
-0.76783 -0.491433
-0.768318 -0.48462
-0.768799 -0.477803
-0.769273 -0.470983
-0.769741 -0.464159
-0.770202 -0.457332
-0.770656 -0.450502
-0.771103 -0.443669
-0.771543 -0.436833
-0.771976 -0.429994
-0.772403 -0.423151
-0.772823 -0.416306
-0.773236 -0.409457
-0.773642 -0.402606
-0.774041 -0.395752
-0.774433 -0.388896
-0.774819 -0.382036
-0.775197 -0.375174
-0.775569 -0.368309
-0.775934 -0.361442
-0.776292 -0.354572
-0.776643 -0.347699
-0.776987 -0.340825
-0.777325 -0.333947
-0.777655 -0.327068
-0.777979 -0.320186
-0.778295 -0.313302
-0.778605 -0.306416
