1.5
1.4999750002083325
1.499900003333289
1.4997750168744939
1.499600053330489
1.4993751301974831
1.4991002699676022
1.4987755001266398
1.4984008531513098
1.4979763665059971
1.4975020826390129
1.4969780489783484
1.4964043179269331
1.4957809468573942
1.4951079981063187
1.4943855389680212
1.4936136416878134
1.4927923834547805
1.4919218463940607
1.4910021175586352
1.4900332889206207
1.4890154573620742
1.4879487246653027
1.4868331975026874
1.4856689874260147
1.4844562108553223
1.4831949890672567
1.4818854481829453
1.4805277191553854
1.4791219377563487
1.4776682445628029
1.4761667849428566
1.4746177090412205
1.4730211717641934
1.471377332764173
1.4696863564236895
1.4679484118389674
1.4661636728030172
1.464332317788255
1.4624545299286564
1.4605304970014426
1.4585604114083024
1.4565444701561541
1.4544828748374425
1.4523758316099817
1.4502235511763384
1.4480262487627626
1.4457841440976644
1.4434974613896421
1.4411664293050608
1.4387912809451864
1.4363722538228756
1.4339095898388248
1.4314035352573804
1.4288543406819119
1.4262622610297528
1.4236275555067079
1.4209504875811343
1.4182313249575933
1.4154703395500816
1.4126678074548391
1.4098240089227396
1.4069392283312669
1.4040137541560758
1.4010478789421463
1.3980418992745278
1.3949961157486825
1.3919108329404244
1.3887863593754639
1.3856230074985532
1.3824210936422441
1.379180937995254
1.3759028645704474
1.3725872011724349
1.3692342793647938
1.3658444344369103
1.3624180053704524
1.3589553348054715
1.3554567690061385
1.3519226578261179
1.3483533546735824
1.3447492164758734
1.3411106036438065
1.3374378800356332
1.3337314129206539
1.3299915729424909
1.3262187340820257
1.3224132736200005
1.3185755720992898
1.3147060132868482
1.310804984135332
1.3068728747444056
1.3029100783217311
1.2989169911436489
1.2948940125155488
1.2908415447319415
1.2867599930362281
1.282649765580177
1.2785112733831083
1.2743449302907934
1.2701511529340697
1.2659303606871775
1.2616829756258245
1.2574094224849774
1.253110128616389
1.2487855239458632
1.2444360409302635
1.2400621145142667
1.2356641820868697
1.2312426834376502
1.2267980607127884
1.2223307583708531
1.2178412231383557
1.2133299039650782
1.2087972519791788
1.2042437204420784
1.1996697647031362
1.1950758421541148
1.1904624121834404
1.185829936130266
1.1811788772383365
1.1765097006096648
1.1718228731580231
1.1671188635622509
1.1623981422193876
1.1576611811976338
1.1529084541891441
1.1481404364626588
1.1433576048159773
1.1385604375282783
1.1337494143122933
1.1289250162663345
1.1240877258261861
1.1192380267168611
1.1143764039042292
1.1095033435465202
1.1046193329457092
1.0997248604987859
1.0948204156489167
1.0899064888364993
1.0849835714501199
1.0800521557774152
1.0751127349558423
1.0701658029233678
1.0652118543690723
1.0602513846836827
1.0552848899100342
1.0503128666934654
1.0453358122321543
1.0403542242273998
1.035368600833851
1.0303794406096924
1.0253872424667891
1.020392505620795
1.0153957295412326
1.0103974139015457
1.0053980585291331
1.000398163355366
0.99539822836559533
0.99039875354915308
0.98540023884935501
0.98040318411350558
0.97540808904291421
0.97041545314292521
0.96542577567296839
0.96043955559663241
0.95545729153176984
0.95047948170063534
0.94550662388006379
0.94053921535169327
0.93557775285223699
0.93062273252381056
0.92567464986431758
0.92073399967790048
0.9158012760254608
0.91087697217525332
0.90596158055355924
0.90105559269544488
0.89615949919560745
0.89127378965931703
0.88639895265345581
0.88153547565766199
0.87668384501558239
0.87184454588623805
0.86701806219550914
0.86220487658774292
0.85740547037748893
0.85262032350136885
0.84784991447008262
0.8430947203205581
0.83835521656824763
0.83363187715957665
0.82892517442455016
0.82423557902951938
0.81956355993011565
0.8149095843243559
0.81027411760592205
0.80565762331762325
0.80106056310504137
0.79648339667036649
0.79192658172642816
0.78739057395092327
0.78287582694084934
0.77838279216714512
0.77391191892954381
0.76946365431164343
0.76503844313619895
0.76063672792064008
0.75625894883282052
0.7519055436470008
0.74757694770007166
0.74327359384802061
0.73899591242264684
0.73474433118852822
0.73051927530024496
0.72632116725986529
0.72215042687469455
0.71800747121529596
0.71389271457378267
0.7098065684223902
0.70574944137232842
0.70172173913292135
0.69772386447103663
0.69375621717080882
0.68981919399366176
0.68591318863863204
0.6820385917030003
0.67819579064323143
0.67438516973622886
0.67060711004090801
0.66686198936008978
0.66315018220272148
0.65947205974642575
0.65582798980038293
0.65221833676855101
0.64864346161322528
0.64510372181894193
0.6415994713567309
0.63813106064871805
0.63469883653308379
0.63130314222937967
0.6279443173042063
0.62462269763725708
0.62133861538773072
0.61809239896111556
0.6148843729763489
0.61171485823335614
0.60858417168097012
0.60549262638523715
0.60244053149811072
0.59942819222653587
0.59645590980192975
0.59352398145005791
0.59063270036131199
0.5877823556613917
0.58497323238239174
0.58220561143429905
0.57947976957690217
0.57679597939211513
0.57415450925672018
0.57155562331552934
0.5689995814549712
0.56648663927710174
0.56401704807404474
0.5615910548028622
0.55920890206085994
0.55687082806132693
0.55457706660971473
0.55232784708025695
0.55012339439303226
0.54796392899147239
0.54584966682031777
0.54378081930402389
0.54175759332561824
0.53978019120601251
0.53784881068377099
0.53596364489533643
0.53412488235571665
0.5323327069396333
0.53058729786313452
0.52888882966567352
0.52723747219265471
0.52563339057844893
0.52407674522988135
0.52256769181018925
0.52110638122345732
0.51969295959952622
0.51832756827938065
0.51701034380101485
0.51574141788577887
0.51452091742520689
0.51334896446832778
0.51222567620946069
0.51115116497649538
0.51012553821965967
0.50914889850077483
0.50822134348299852
0.50734296592105976
0.50651385365198276
0.5057340895863035
0.50500375169977874
0.5043229130255884
0.50369164164703273
0.50311000069072342
0.50257804832027131
0.50209583773047028
0.5016634171419776
0.50128082979649147
0.50094811395242789
0.50066530288109379
0.5004324248633607
0.50024950318683636
0.50011655614353612
0.50003359702805317
0.50000063413623019
0.5000176707643289
0.50008470520870063
0.50020173076595675
0.50036873573363905
0.50058570341139008
0.50085261210262277
0.50116943511669043
0.50153614077155551
0.50195269239695839
0.5024190483380836
0.50293516195972554
0.50350098165095214
0.50411645083026591
0.50478150795126164
0.50549608650878164
0.50626011504556545
0.5070735171593963
0.50793621151074042
0.50884811183088163
0.50980912693054792
0.51081916070903011
0.51187811216379209
0.51298587540057072
0.51414233964396572
0.51534738924851609
0.5166009037102659
0.51790275767881333
0.5192528209698466
0.52065095857816157
0.52209703069116253
0.5235908927028432
0.52513239522824728
0.52672138411840685
0.52835770047575714
0.53004118067002581
0.53177165635459644
0.53354895448334272
0.53537289732793258
0.53724330249560182
0.5391599829473922
0.54112274701685581
0.5431313984292212
0.54518573632102107
0.5472855552601783
0.54943064526654872
0.55162079183291923
0.55385577594645841
0.55613537411061731
0.55845935836747918
0.56082749632055495
0.56323955115802282
0.56569528167640915
0.56819444230470828
0.57073678312894027
0.5733220499171412
0.5759499841447866
0.57862032302064381
0.58133279951305028
0.5840871423766173
0.58688307617935376
0.58972032133020935
0.59259859410703331
0.59551760668494658
0.59847706716512372
0.60147667960398299
0.60451614404278031
0.60759515653760454
0.61071340918977213
0.61387059017661616
0.6170663837826692
0.6203004704312336
0.62357252671633978
0.62688222543508576
0.63022923562035782
0.63361322257392649
0.63703384789991646
0.6404907695386457
0.64398364180083101
0.64751211540215703
0.65107583749820375
0.6546744517197316
0.65830759820831708
0.66197491365233907
0.66567603132330921
0.66941058111254459
0.67317818956817832
0.67697847993250493
0.68081107217965453
0.6846755830535961
0.68857162610646294
0.6924988117371963
0.69645674723050588
0.70044503679614034
0.70446328160846705
0.7085110798463532
0.71258802673334798
0.71669371457816022
0.72082773281542689
0.72498966804676923
0.72917910408213238
0.73339562198140396
0.73763880009630789
0.74190821411256858
0.74620343709234227
0.75052403951691016
0.75486958932963055
0.75923965197914323
0.76363379046282509
0.76805156537048946
0.77249253492832715
0.77695625504308297
0.78144227934646526
0.78595015923978218
0.79047944393880087
0.79502968051882572
0.79960041395999071
0.80419118719276061
0.80880154114363778
0.81343101478106894
0.81807914516154845
0.8227454674759116
0.82742951509581553
0.83213081962040159
0.83684891092313518
0.84158331719881763
0.84633356501076662
0.85109917933815971
0.85587968362353539
0.8606745998204488
0.86548344844127612
0.87030574860516252
0.87514101808611022
0.8799887733612004
0.88484852965894556
0.8897198010077656
0.89460210028458498
0.89949493926354462
0.90439782866482388
0.90931027820356858
0.91423179663891829
0.91916189182313091
0.92410007075079625
0.92904583960813691
0.93399870382238848
0.93895816811125687
0.9439237365324461
0.94889491253325198
0.95387119900021722
0.95885209830884177
0.96383711237334579
0.9688257426964767
0.9738174904193595
0.97881185637138179
0.98380834112011017
0.98880644502123349
0.99380566826852679
0.9988055109438313
1.003805473067046
1.0088050546461251
1.0138037557270774
1.0188010764439599
1.0237965170688654
1.0287895780618945
1.0337797601211087
1.0387665642324606
1.0437494917196943
1.0487280442942142
1.0537017241049109
1.0586700337879487
1.0636324765164991
1.0685885560504247
1.0735377767859022
1.0784796438049824
1.0834136629250815
1.0883393407483994
1.0932561847112583
1.0981637031333591
1.1030614052669496
1.1079488013458976
1.112825402634668
1.1176907214771958
1.1225442713456513
1.127385566889092
1.1322141239819978
1.1370294597726838
1.1418310927315833
1.1466185426994018
1.151391330935132
1.156148980163928
1.160891014624831
1.165616960118347
1.1703263440538649
1.1750186954969157
1.1796935452162649
1.1843504257308368
1.1889888713564605
1.1936084182524387
1.1982086044679314
1.2027889699881507
1.2073490567803615
1.2118884088396844
1.2164065722346964
1.2209030951528232
1.2253775279455201
1.2298294231732363
1.2342583356501591
1.2386638224887316
1.2430454431439411
1.2474027594573731
1.2517353357010279
1.2560427386208914
1.260324537480261
1.2645803041028187
1.2688096129154494
1.2730120409907955
1.2771871680895519
1.281334576702488
1.2854538520921983
1.289544582334577
1.2936063583600086
1.2976387739942752
1.301641425999174
1.3056139141128398
1.3095558410897716
1.3134668127405571
1.3173464379712898
1.32119432882268
1.3250101005088488
1.3287933714558078
1.3325437633396144
1.3362609011242064
1.3399444130989022
1.3435939309155742
1.347209089625482
1.3507895277157671
1.3543348871456042
1.3578448133820051
1.3613189554352707
1.3647569658940908
1.3681585009602846
1.3715232204831802
1.3748507879936291
1.3781408707376535
1.3813931397097201
1.3846072696856424
1.3877829392551013
1.390919830853786
1.3940176307951506
1.3970760293017828
1.4000947205363801
1.4030734026323353
1.4060117777239205
1.4089095519760753
1.4117664356137893
1.4145821429510796
1.4173563924195587
1.4200889065965916
1.4227794122330377
1.4254276402805757
1.4280333259186073
1.4305962085807407
1.4331160319808447
1.4355925441386792
1.4380254974050928
1.4404146484867857
1.4427597584706411
1.4450605928476146
1.4473169215361859
1.4495285189053664
1.4516951637972624
1.4538166395491898
1.4558927340153418
1.4579232395880013
1.4599079532183037
1.4618466764365396
1.4637392153720028
1.4655853807723767
1.4673849880226599
1.4691378571636271
1.4708438129098249
1.4725026846671003
1.4741143065496598
1.4756785173966582
1.4771951607883147
1.4786640850615533
1.4800851433251714
1.4814581934745266
1.4827830982057479
1.4840597250294669
1.4852879462840645
1.486467639148439
1.4875986856542869
1.4886809726979005
1.4897143920514768
1.4906988403739423
1.4916342192212846
1.4925204350563983
1.493357399258439
1.4941450281316837
1.4948832429139012
1.4955719697842287
1.4962111398705531
1.4968006892563983
1.497340558987317
1.4978306950767861
1.4982710485116051
1.4986615752567973
1.4990022362600139
1.4992929974554383
1.4995338297671932
1.4997247091122483
1.4998656164028279
1.4999565375483206
1.4999974634566875
1.4999883900353719
1.4999293181917084
1.499820253832832
1.4996612078650879
1.4994521961929403
1.4991932397173819
1.4988843643338452
1.4985256009296104
1.4981169853807192
1.4976585585483861
1.4971503662749124
1.4965924593791016
1.4959848936511788
1.4953277298472101
1.4946210336830283
1.4938648758276614
1.4930593318962639
1.4922044824425584
1.4913004129507779
1.4903472138271179
1.4893449803906962
1.488293812864022
1.4871938163629712
1.4860451008862778
1.484847781304532
1.4836019773486939
1.4823078135981216
1.4809654194681112
1.4795749291969571
1.478136481832528
1.4766502212183612
1.4751162959792796
1.4735348595065294
1.4719060699424393
1.4702300901646088
1.4685070877696189
1.4667372350562733
1.4649207090083687
1.4630576912769957
1.4611483681623751
1.4591929305952274
1.4571915741176795
1.4551444988637119
1.4530519095391434
1.450914015401163
1.4487310302374032
1.4465031723445607
1.4442306645065686
1.4419137339723167
1.4395526124329279
1.4371475359985884
1.4346987451749373
1.4322064848390168
1.4296710042147831
1.4270925568481858
1.4244714005818131
1.421807797529107
1.4191020140481534
1.4163543207150455
1.413564992296827
1.4107343077240151
1.4078625500627082
1.4049500064862794
1.4019969682466593
1.3990037306452106
1.3959705930031996
1.3928978586318626
1.3897858348020762
1.3866348327136302
1.3834451674641073
1.3802171580173745
1.3769511271716868
1.3736474015274065
1.3703063114543457
1.3669281910587265
1.3635133781497744
1.3600622142059338
1.3565750443407234
1.353052217268224
1.3494940852682069
1.3459010041509072
1.342273333221442
1.3386114352438818
1.3349156764049723
1.3311864262775179
1.3274240577834235
1.3236289471564031
1.3198014739043571
1.3159420207714208
1.3120509736996917
1.3081287217906341
1.3041756572661707
1.3001921754294594
1.2961786746253645
1.2921355562006218
1.2880632244637045
1.2839620866443928
1.2798325528530508
1.2756750360396167
1.2714899519523071
1.2672777190960429
1.2630387586906
1.2587734946284861
1.2544823534325533
1.250165764213345
1.2458241586261865
1.241457970828018
1.2370676374339808
1.2326535974737562
1.2282162923476614
1.2237561657825116
1.2192736637872463
1.2147692346083296
1.2102433286849261
1.205696398603856
1.2011288990543389
1.1965412867825231
1.1919340205458129
1.1873075610669925
1.1826623709881547
1.1779989148244361
1.1733176589175671
1.1686190713892373
1.1639036220942838
1.1591717825737067
1.1544240260075151
1.1496608271674091
1.1448826623693031
1.1400900094256954
1.1352833475978865
1.1304631575480535
1.1256299212911847
1.1207841221468779
1.1159262446910094
1.111056774707277
1.1061761991386208
1.1012850060385304
1.0963836845222401
1.0914727247178173
1.0865526177171494
1.0816238555268369
1.0766869310189915
1.0717423378819495
1.0667905705709044
1.061832124258461
1.0568674947851184
1.0518971786096865
1.0469216727596413
1.0419414747814213
1.0369570826906744
1.0319689949224558
1.0269777102813857
1.0219837278917687
1.0169875471476824
1.0119896676630376
1.0069905892216178
1.0019908117271012
0.99699083515307096
0.99199115949301775
0.98699228471034128
0.98199471068835409
0.97699893718029363
0.97200546375934771
0.96701478976869715
0.96202741427158212
0.9570438360013962
0.95206455331181339
0.9470900641269534
0.94212086589158928
0.9371574555214035
0.932200329353297
0.92724998309575568
0.92230691177927981
0.91737160970688214
0.91244457040465698
0.90752628657242873
0.90261725003448201
0.89771795169037993
0.89282888146587402
0.88795052826391252
0.88308337991575037
0.87822792313216647
0.87338464345479294
0.86855402520756153
0.86373655144827144
0.85893270392028398
0.85414296300434878
0.84936780767056608
0.84460771543048985
0.83986316228937752
0.83513462269858918
0.83042256950814375
0.82572747391943335
0.82104980543810457
0.81639003182710712
0.81174861905991924
0.80712603127394977
0.80252273072412506
0.79793917773666412
0.79337583066304607
0.78883314583417552
0.78431157751474967
0.77981157785783273
0.7753335968596401
0.77087808231454025
0.76644547977027455
0.7620362324834038
0.75765078137498221
0.75328956498646604
0.7489530194358599
0.74464157837410516
0.74035567294171489
0.7360957317256609
0.73186218071651499
0.72765544326584997
0.72347594004390525
0.71932408899752009
0.71520030530833956
0.71110500135129584
0.70703858665337194
0.70300146785264894
0.69899404865764281
0.69501672980693341
0.69106990902909149
0.6871539810029057
0.6832693373179155
0.67941636643525227
0.67559545364879336
0.67180698104663317
0.66805132747287521
0.66432886848974693
0.66063997634004468
0.65698501990990932
0.65336436469193815
0.6497783727486357
0.64622740267620793
0.64271180956870311
0.63923194498250213
0.63578815690116408
0.63238078970062683
0.62901018411477128
0.62567667720134712
0.62238060230826786
0.61912228904027589
0.61590206322598284
0.61272024688528659
0.60957715819716984
0.60647311146788208
0.60340841709950954
0.60038338155893511
0.59739830734719213
0.59445349296921401
0.59154923290398487
0.58868581757509064
0.5858635333216784
0.58308266236982131
0.58034348280429726
0.57764626854078016
0.57499128929844878
0.57237881057301476
0.56980909361017373
0.56728239537948033
0.5647989685486523
0.56235906145830294
0.5599629180971083
0.55761077807740755
0.55530287661124267
0.55303944448683695
0.55082070804551653
0.54864688915907678
0.54651820520759486
0.54443486905769189
0.54239708904124684
0.54040506893456319
0.5384590079379914
0.53655910065600976
0.53470553707776314
0.53289850255806448
0.53113817779886008
0.52942473883115904
0.52775835699743001
0.52613919893446792
0.52456742655672961
0.52304319704014324
0.52156666280638997
0.52013797150766317
0.51875726601190175
0.51742468438850509
0.51614035989452467
0.5149044209613397
0.51371699118181369
0.51257818929793508
0.51148812918894304
0.5104469198599404
0.50945466543099216
0.5085114651267143
0.50761741326635146
0.50677259925434459
0.50597710757139058
0.50523101776599533
0.5045344044465172
0.50388733727370782
0.50328988095374538
0.50274209523176361
0.50224403488587854
0.50179574972170971
0.50139728456739974
0.50104867926913232
0.5007499686871465
0.50050118269225163
0.50030234616283997
0.5001534789823987
0.50005459603752178
0.50000570721642135
0.50000681740793873
0.50005792650105574
0.50015902938490564
0.50031011594928421
0.50051117108566112
0.50076217468869011
0.5010631016582201
0.50141392190180478
0.50181460033771241
0.50226509689843313
0.50276536653468629
0.5033153592199251
0.50391501995533949
0.50456428877535564
0.50526310075363245
0.50601138600955453
0.50680906971521988
0.50765607210292263
0.50855230847312982
0.50949768920295124
0.51049211975510189
0.5115355006873552
0.51262772766248732
0.51376869145871096
0.51495827798059735
0.51619636827048554
0.51748283852037846
0.51881756008432289
0.52020039949127495
0.52163121845844618
0.52310987390513231
0.52463621796702076
0.52621009801097729
0.52783135665030922
0.52949983176050353
0.53121535649543949
0.53297775930407343
0.53478686394759312
0.53664248951704163
0.53854445045140853
0.54049255655618533
0.54248661302238477
0.54452642044602217
0.5466117748480549
0.54874246769478052
0.55091828591869008
0.55313901193977411
0.55540442368728127
0.55771429462192468
0.56006839375853579
0.56246648568916258
0.56490833060661028
0.56739368432842219
0.56992229832129715
0.5724939197259431
0.57510829138236264
0.57776515185556865
0.58046423546172787
0.58320527229472896
0.58598798825317289
0.58881210506778259
0.59167734032922992
0.59458340751637673
0.59753001602492595
0.60051687119648189
0.60354367434801692
0.60661012280173787
0.60971590991535485
0.61286072511274459
0.61604425391500817
0.61926617797191819
0.62252617509375374
0.62582391928351955
0.62915908076954463
0.63253132603845974
0.63594031786854799
0.63938571536346744
0.64286717398633964
0.64638434559420344
0.6499368784728291
0.65352441737188927
0.65714660354048338
0.66080307476301337
0.66449346539540388
0.66821740640166705
0.67197452539080538
0.675764446654051
0.67958679120243581
0.6834411768046903
0.68732721802546615
0.69124452626387978
0.69519270979237147
0.69917137379587879
0.70318012041131683
0.70721854876736467
0.71128625502455201
0.71538283241564293
0.71950787128631211
0.72366095913610995
0.72784168065971244
0.73204961778845112
0.73628434973211965
0.74054545302105279
0.74483250154847236
0.7491450666130981
0.75348271696201763
0.7578450188338105
0.76223153600192484
0.7666418298182992
0.77107545925722731
0.77553198095945985
0.78001094927654036
0.78451191631536965
0.78903443198299461
0.79357804403161725
0.79814229810381887
0.80272673777799608
0.80733090461400159
0.81195433819898866
0.81659657619345161
0.8212571543774595
0.82593560669707777
0.8306314653109732
0.83534426063719758
0.84007352140014557
0.84481877467768185
0.84957954594843321
0.85435535913923966
0.85914573667276217
0.86395019951523921
0.86876826722439016
0.87359945799745942
0.87844328871939537
0.88329927501116257
0.88816693127817825
0.89304577075887226
0.89793530557336221
0.90283504677224113
0.90774450438547227
0.91266318747138564
0.91759060416577132
0.92252626173106622
0.9274696666056268
0.93242032445308509
0.93737774021178177
0.9423414181442723
0.94731086188689972
0.95228557449943096
0.95726505851475041
0.96224881598860601
0.96723634854940355
0.97222715744804322
0.9772207436077941
0.9822166076742016
0.98721425006502217
0.99221317102018147
0.99721287065174979
1.0022128489939304
1.0072126060530555
1.0122116418575859
1.0172094565081069
1.0222055502273182
1.0271994234100112
1.0321905766730295
1.0371785109052059
1.0421627273172736
1.0471427274917451
1.052118013432753
1.057088087615849
1.0620524530377569
1.0670106132660711
1.0719620724889007
1.0769063355644497
1.0818429080705305
1.0867712963540064
1.0916910075801562
1.096601549781957
1.1015024319092803
1.106393163877998
1.1112732566189887
1.1161422221270447
1.1209995735096727
1.1258448250357826
1.1306774921842593
1.135497091692415
1.1403031416043155
1.1450951613189742
1.1498726716384133
1.1546351948155822
1.1593822546021317
1.1641133762960392
1.1688280867890775
1.1735259146141266
1.1782063899923187
1.1828690448800168
1.1875134130156169
1.192139029966176
1.1967454331738541
1.2013321620021686
1.2058987577820592
1.2104447638577531
1.2149697256324317
1.2194731906136875
1.2239547084587759
1.2284138310196466
1.2328501123877595
1.237263108938675
1.2416523793764151
1.2460174847775938
1.2503579886353087
1.2546734569027911
1.2589634580368103
1.2632275630408278
1.267465345507897
1.2716763816633025
1.2758602504069378
1.2800165333554152
1.2841448148839034
1.2882446821676898
1.2923157252234625
1.2963575369503086
1.3003697131704233
1.3043518526695284
1.3083035572369921
1.3122244317056508
1.3161140839913252
1.319972125132028
1.3237981693268601
1.3275918339745905
1.3313527397119156
1.3350805104513961
1.338774773419064
1.3424351591917016
1.3460613017337817
1.3496528384340718
1.3532094101418948
1.3567306612030441
1.3602162394953474
1.3636657964638803
1.3670789871558209
1.3704554702549439
1.3737949081157532
1.3770969667972457
1.3803613160963049
1.3835876295807212
1.3867755846218348
1.3899248624267981
1.3930351480704548
1.396106130526833
1.3991375027002455
1.4021289614560017
1.4050802076507187
1.4079909461622362
1.4108608859191289
1.4136897399298125
1.4164772253112434
1.4192230633172067
1.4219269793661895
1.42458870306884
1.4272079682550067
1.4297845130003533
1.4323180796525525
1.4348084148570501
1.4372552695824012
1.4396583991451724
1.4420175632344097
1.4443325259356703
1.4466030557546135
1.4488289256401488
1.4510099130071432
1.4531457997586772
1.4552363723078554
1.4572814215991654
1.4592807431293819
1.4612341369680182
1.4631414077773184
1.4650023648317905
1.4668168220372801
1.4685845979495789
1.4703055157925684
1.4719794034758986
1.4736060936121964
1.4751854235338031
1.476717235309043
1.478201375758015
1.4796376964679112
1.4810260538078572
1.4823663089432761
1.4836583278497715
1.4849019813265287
1.4860971450092375
1.4872436993825247
1.4883415297919085
1.4893905264552632
1.4903905844737966
1.4913416038425398
1.4922434894603489
1.4930961511394136
1.4938995036142764
1.4946534665503592
1.4953579645519968
1.4960129271699762
1.4966182889085813
1.497173989232143
1.4976799725710914
1.4981361883275148
1.4985425908802175
1.498899139589283
1.4992057988001375
1.4994625378471154
1.4996693310565259
1.4998261577492205
1.4999330022426607
1.4999898538524858
1.4999967068935827
1.4999535606806529
1.4998604195282814
1.499717292750506
1.4995241946598856
1.4992811445660676
1.4989881667738594
1.4986452905807959
1.4982525502742106
1.4978099851278071
1.497317639397731
1.4967755623181451
1.4961838080963057
1.4955424359071416
1.4948515098873376
1.4941110991289199
1.493321277672347
1.4924821244991064
1.4915937235238166
1.4906561635858344
1.4896695384403724
1.488633946749123
1.487549492070392
1.4864162828487442
1.4852344324041569
1.48400405892069
1.4827252854346662
1.4813982398223688
1.480023054787253
1.4785998678466763
1.477128821318147
1.4756100623050918
1.4740437426821464
1.4724300190799682
1.470769052869572
1.4690610101461954
1.467306061712687
1.4655043830624277
1.463656154361781
1.4617615604320773
1.4598207907311302
1.4578340393342928
1.455801504915049
1.453723390725147
1.451599904574274
1.4494312588092757
1.4472176702929214
1.4449593603822177
1.4426565549062742
1.4403094841437192
1.4379183827996731
1.4354834899822779
1.433005049178786
1.4304833082312127
1.4279185193115513
1.4253109388965564
1.4226608277420962
1.419968450857078
1.4172340774769467
1.4144579810367617
1.4116404391438533
1.4087817335500632
1.4058821501235683
1.4029419788202953
1.3999615136549239
1.3969410526714874
1.3938808979135666
1.3907813553940875
1.3876427350647191
1.3844653507848788
1.3812495202903468
1.3779955651614924
1.3747038107911171
1.3713745863519149
1.3680082247635554
1.364605062659392
1.3611654403527993
1.3576897018031413
1.3541781945813769
1.3506312698353018
1.3470492822544351
1.3434325900345496
1.3397815548418535
1.3360965417768234
1.3323779193376954
1.3286260593836141
1.3248413370974488
1.321024130948274
1.3171748226535234
1.313293797140819
1.3093814425094776
1.3054381499917025
1.3014643139134592
1.2974603316550439
1.2934266036113458
1.2893635331518081
1.2852715265800905
1.2811509930934406
1.2770023447417729
1.2728259963864654
1.2686223656588738
1.2643918729185675
1.260134941211295
1.2558519962266799
1.2515434662556513
1.247209782147616
1.2428513772673735
1.2384686874517796
1.234062150966164
1.2296322084605027
1.225179302925355
1.2207038796475636
1.2162063861657266
1.2116872722254446
1.2071469897343454
1.2025859927168947
1.1980047372689935
1.1934036815123688
1.1887832855487619
1.184144011413919
1.1794863230313877
1.1748106861661245
1.1701175683779199
1.1654074389746416
1.1606807689653051
1.1559380310129721
1.1511796993874857
1.1464062499180434
1.1416181599456139
1.1368159082752047
1.1319999751279808
1.1271708420932438
1.1223289920802726
1.117474909270034
1.112609079066764
1.1077319880494279
1.1028441239230629
1.0979459754700089
1.0930380325010294
1.0881207858063311
1.0831947271064859
1.0782603490032587
1.0733181449303482
1.0683686091040425
1.0634122364738003
1.0584495226727542
1.0534809639681484
1.0485070572117132
1.0435282997899791
1.0385451895745397
1.0335582248722635
1.0285679043754652
1.0235747271120359
1.018579192395541
1.0135817997752892
1.0085830489863779
1.0035834398997203
0.99858347247205925
0.99358364669597043
0.98858446254986498
0.98358641994799179
0.97859001869044571
0.97359575841318913
0.96860413853808769
0.96361565822296924
0.95863081631170843
0.95365011128434218
0.94867404120722276
0.94370310368321109
0.93873779580191719
0.93377861408999152
0.92882605446147237
0.92388061216819573
0.91894278175026967
0.91401305698662116
0.90909193084561846
0.90417989543577459
0.89927744195653747
0.89438506064916945
0.88950324074772436
0.88463247043012405
0.8797732367693416
0.87492602568469358
0.870091321893249
0.86526960886135829
0.86046136875630652
0.8556670823980973
0.85088722921137128
0.84612228717746385
0.84137273278660762
0.83663904099028386
0.83192168515372733
0.82722113700859068
0.82253786660577122
0.81787234226840666
0.81322503054504258
0.80859639616297874
0.80398690198179623
0.79939700894707177
0.79482717604428399
0.79027786025291502
0.78574951650075286
0.7812425976183992
0.77675755429398641
0.77229483502810947
0.76785488608897612
0.76343815146778016
0.75904507283430322
0.75467608949274778
0.75033163833780714
0.74601215381097652
0.74171806785710892
0.73744980988122133
0.73320780670555452
0.72899248252689119
0.72480425887413613
0.7206435545661648
0.71651078566994053
0.71240636545890901
0.70833070437167112
0.7042842099709391
0.70026728690278095
0.69628033685615609
0.69232375852274675
0.68839794755708916
0.68450329653700825
0.68064019492436056
0.6768090290260883
0.67301018195558848
0.66924403359440243
0.66551096055422798
0.66181133613925813
0.65814553030885137
0.65451390964053591
0.65091683729335237
0.64735467297153781
0.64382777288855597
0.64033648973147606
0.63688117262570443
0.63346216710007219
0.63007981505228272
0.62673445471472222
0.6234264206206368
0.62015604357067888
0.61692365059982834
0.61372956494468878
0.61057410601116358
0.60745758934251681
0.60438032658781826
0.60134262547077899
0.59834478975897909
0.59538711923349186
0.592469909658905
0.58959345275374497
0.58675803616130529
0.58396394342088231
0.58121145393942164
0.57850084296357773
0.5758323815521893
0.57320633654917397
0.5706229705568433
0.56808254190964413
0.56558530464832391
0.56313150849452775
0.56072139882582639
0.55835521665117804
0.55603319858682854
0.5537555768326492
0.55152257914891756
0.54933442883354111
0.54719134469972786
0.54509354105410535
0.54304122767529006
0.5410346097929094
0.53907388806707957
0.53715925856833935
0.53529091275804286
0.53346903746921426
0.53169381488786427
0.52996542253477164
0.52828403324773143
0.5266498151642709
0.52506293170483698
0.52352354155645298
0.52203179865685079
0.52058785217907755
0.51919184651657757
0.51784392126875378
0.51654421122700778
0.51529284636126049
0.51408995180695594
0.51293564785254686
0.51183004992746706
0.51077326859058747
0.50976540951916127
0.50880657349825564
0.50789685641067361
0.50703634922736618
0.50622513799833413
0.5054633038440246
0.50475092294721824
0.50408806654541083
0.50347480092369035
0.50291118740810792
0.50239728235954528
0.5019331371680793
0.50151879824784207
0.50115430703238051
0.50083969997051225
0.50057500852268144
0.50036025915781224
0.50019547335066217
0.50008066757967473
0.50001585332533116
0.50000103706900312
0.50003622029230366
0.50012139947694001
0.50025656610506442
0.50044170666012688
0.50067680262822611
0.50096183049996124
0.50129676177278271
0.50168156295384214
0.50211619556334219
0.50260061613838425
0.50313477623731429
0.50371862244456755
0.50435209637601008
0.50503513468477634
0.50576766906760484
0.50654962627166766
0.50738092810189594
0.50826149142879962
0.50919122819677964
0.51017004543293409
0.51119784525635492
0.51227452488791636
0.51339997666055248
0.5145740880300238
0.51579674158617195
0.51706781506466015
0.51838718135919959
0.51975470853426053
0.52117025983826504
0.52263369371726209
0.52414486382908387
0.52570361905797802
0.5273098035297209
0.52896325662720356
0.53066381300649423
0.532411302613372
0.53420555070033249
0.53604637784406228
0.53793359996338097
0.53986702833764921
0.54184646962564087
0.54387172588487664
0.54594259459141825
0.54805886866012088
0.55022033646534119
0.55242678186209981
0.55467798420769587
0.55697371838377063
0.55931375481881973
0.56169785951114959
0.56412579405227792
0.56659731565077354
0.56911217715653661
0.5716701270855119
0.5742709096448384
0.57691426475842722
0.57959992809297001
0.58232763108437136
0.5850971009646051
0.58790806078899105
0.5907602294638894
0.59365332177480934
0.59658704841493071
0.59956111601403417
0.6025752271678384
0.60562908046773967
0.60872237053095279
0.6118547880310492
0.61502601972888926
0.61823574850394591
0.62148365338601641
0.62476940958731897
0.62809268853497169
0.63145315790384926
0.63485048164981506
0.63828432004332569
0.64175432970340318
0.64526016363197336
0.6488014712485648
0.65237789842536698
0.6559890875226424
0.65963467742449089
0.66331430357496002
0.66702759801450129
0.67077418941676492
0.67455370312573293
0.67836576119318415
0.68220998241648845
0.68608598237672691
0.68999337347713352
0.69393176498185438
0.69790076305502113
0.70189997080013389
0.70592898829975081
0.70998741265547938
0.71407483802826599
0.71819085567897978
0.72233505400928533
0.72650701860280331
0.73070633226655102
0.73493257507266141
0.73918532440037577
0.7434641549783052
0.74776863892695777
0.75209834580152546
0.75645284263492907
0.76083169398111383
0.76523446195859424
0.76966070629424155
0.77410998436731049
0.77858185125370183
0.78307585977045324
0.7875915605204582
0.79212850193740458
0.79668623033093156
0.80126428993199783
0.80586222293845844
0.81047956956084422
0.8151158680683408
0.81977065483496092
0.82444346438590699
0.82913382944411784
0.83384128097699617
0.83856534824331175
0.84330555884027458
0.84806143875077522
0.85283251239078561
0.85761830265691774
0.86241833097413323
0.86723211734360028
0.87205918039069341
0.87689903741313058
0.8817512044292426
0.8866151962263713
0.89149052640939042
0.89637670744934428
0.90127325073220077
0.9061796666077121
0.9110954644383793
0.91602015264851566
0.92095323877340429
0.92589422950854361
0.93084263075897733
0.93579794768870428
0.9407596847701607
0.94572734583377349
0.95070043411757577
0.95567845231688353
0.96066090263402504
0.96564728682812073
0.9706371062649064
0.97562986196659651
0.98062505466178174
0.98562218483535491
0.99062075277846318
0.99562025863847747
1.0006202024689783
1.0056200842797489
1.0106194040867751
1.0156176619622419
1.0206143580845273
1.0256089927881828
1.0306010666139001
1.035590080358457
1.0405755351246362
1.0455569323711158
1.0505337739623224
1.0555055622182441
1.0604717999641984
1.0654319905805492
1.0703856380523684
1.075332247019037
1.0802713228237801
1.0852023715631336
1.0901249001363325
1.0950384162946216
1.0999424286904795
1.1048364469267538
1.1097199816056984
1.1145925443779157
1.1194536479911885
1.1243028063392067
1.1291395345101762
1.1339633488353107
1.1387737669371973
1.1435703077780348
1.1483524917077359
1.1531198405118928
1.157871877459598
1.1626081273511168
1.1673281165654066
1.1720313731074796
1.1767174266556009
1.1813858086083207
1.1860360521313338
1.1906676922041635
1.1952802656666619
1.1998733112653266
1.2044463696994254
1.2089989836669255
1.2135306979102243
1.2180410592616737
1.222529616688897
1.2269959213398924
1.2314395265879163
1.2358599880761472
1.2402568637621196
1.2446297139619291
1.2489781013942001
1.2533015912238126
1.2575997511053867
1.2618721512265159
1.2661183643507485
1.2703379658603107
1.2745305337985675
1.2786956489122194
1.2828328946932257
1.2869418574204556
1.2910221262010613
1.2950732930115643
1.2990949527386597
1.3030867032197262
1.307048145283042
1.3109788827877025
1.314878522663232
1.3187466749488932
1.3225829528326809
1.3263869726900035
1.3301583541220454
1.3338967199938061
1.3376016964718138
1.341272913061508
1.3449100026442893
1.3485126015142299
1.3520803494144458
1.355612889573119
1.3591098687391783
1.3625709372176207
1.3659957489044832
1.3693839613214502
1.3727352356501041
1.3760492367658048
1.3793256332712021
1.3825640975293758
1.3857643056965991
1.3889259377547218
1.3920486775431731
1.3951322127905759
1.3981762351459754
1.401180440209673
1.4041445275636653
1.4070682008016873
1.4099511675588514
1.4127931395408846
1.4155938325529567
1.4183529665281005
1.4210702655552179
1.4237454579066704
1.4263782760654524
1.4289684567519418
1.4315157409502284
1.4340198739340153
1.4364806052920909
1.4388976889533698
1.4412708832115002
1.443599950749034
1.4458846586611582
1.4481247784789857
1.4503200861924013
1.4524703622724631
1.454575391693355
1.4566349639538891
1.4586488730985558
1.4606169177381185
1.4625389010697538
1.4644146308967299
1.4662439196476269
1.4680265843950946
1.4697624468741437
1.4714513334999728
1.4730930753853266
1.4746875083573849
1.476234472974179
1.4777338145405363
1.4791853831235497
1.4805890335675707
1.4819446255087243
1.4832520233889464
1.484511096469538
1.4857217188442409
1.4868837694518258
1.4879971320882006
1.4890616954180296
1.4900773529858669
1.491044003226802
1.4919615494766163
1.4928298999814495
1.4936489679069749
1.4944186713470822
1.495138933332069
1.4958096818363371
1.4964308497855947
1.4970023750635648
1.4975242005181959
1.4979962739673773
1.4984185482041572
1.4987909810014644
1.4991135351163289
1.4993861782936087
1.4996088832692125
1.4997816277728289
1.4999043945301511
1.4999771712646062
1.4999999506985808
1.499972730554151
1.4998955135533081
1.4997683074176882
1.4995911248677987
1.4993639836217469
1.4990869063934682
1.4987599208904545
1.4983830598109837
1.4979563608408495
1.4974798666495934
1.4969536248862376
1.4963776881745199
1.4957521141076313
1.4950769652424574
1.4943523090933217
1.4935782181252359
1.4927547697466512
1.4918820463017195
1.4909601350620578
1.4899891282180222
1.4889691228694875
1.4879002210161389
1.4867825295472707
1.4856161602310987
1.4844012297035822
1.4831378594567617
1.4818261758266091
1.4804663099803941
1.4790583979035685
1.4776025803861665
1.4760990030087267
1.4745478161277337
1.4729491748605834
1.4713032390700698
1.4696101733484006
1.4678701470007371
1.466083334028264
1.4642499131107896
1.4623700675888776
1.4604439854455138
1.4584718592873076
1.4564538863252312
1.4543902683548993
1.452281211736389
1.450126927373605
1.4479276306931881
1.4456835416229736
1.4433948845699986
1.441061888398061
1.438684786404834
1.4362638162985359
1.4337992201741598
1.4312912444892647
1.4287401400393285
1.426146161932671
1.4235095695649405
1.4208306265931769
1.4181096009094452
1.4153467646140461
1.4125423939883066
1.4096967694669524
1.4068101756100644
1.4038829010746228
1.4009152385856416
1.3979074849068966
1.3948599408112496
1.3917729110505703
1.3886467043252622
1.3854816332533928
1.3822780143394315
1.3790361679426004
1.3757564182448374
1.372439093218379
1.3690845245929637
1.3656930478226588
1.3622650020523146
1.3588007300836515
1.3553005783409799
1.3517648968365568
1.3481940391355867
1.3445883623208637
1.3409482269570645
1.3372739970546923
1.3335660400336753
1.3298247266866254
1.3260504311417602
1.3222435308254885
1.3184044064246696
1.3145334418485444
1.3106310241903447
1.3066975436885842
1.3027333936880354
1.2987389706003944
1.294714673864642
1.2906609059070979
1.2865780721011797
1.2824665807268654
1.2783268429298666
1.2741592726805129
1.2699642867323566
1.2657423045804965
1.2614937484196296
1.2572190431018315
1.2529186160940715
1.248592897435467
1.2442423196942789
1.2398673179246562
1.2354683296231297
1.2310457946848636
1.2266001553596668
1.2221318562077668
1.2176413440553551
1.2131290679499052
1.2085954791152673
