1
1.0049999166670833
1.0099993333466666
1.0149977501012479
1.0199946670933171
1.0249895846353392
1.0299820032397222
1.0349714236687664
1.0399573469845864
1.0449392745990056
1.049916708323414
1.0548891504185873
1.0598561036444596
1.0648170713098475
1.0697715573221183
1.0747190662367996
1.079659103307123
1.084591174533498
1.089514786712912
1.0944294474882503
1.0993346653975307
1.1042299499230499
1.1091148115404348
1.1139887617675943
1.1188513132135673
1.1237019796272616
1.1285402759460776
1.1333657183444157
1.1381778242820568
1.1429761125524178
1.1477601033306699
1.1525293182217218
1.157283280308059
1.1620215141974342
1.1667435460704072
1.1714489037277258
1.1761371166375452
1.180807715982481
1.1854602347064915
1.1900942075615808
1.1947091711543254
1.1993046639922116
1.2038802265297852
1.2084354012146055
1.212969732533
1.2174827670556152
1.2219740534827599
1.2264431426895341
1.2308895877707415
1.2353129440855792
1.2397127693021015
1.2440886234414539
1.2484400689218684
1.2527666706024236
1.2570679958265567
1.2613436144653298
1.2655930989604418
1.2698160243669847
1.274011968395937
1.278180511456392
1.2823212366975179
1.2864337300502409
1.2905175802686526
1.294572378971135
1.2985977206811961
1.3025932028680201
1.3065584259867171
1.3104929935182801
1.3143965120092345
1.3182685911109842
1.3221088436188457
1.3259168855107686
1.3296923359857367
1.3334348175018491
1.3371439558140727
1.3408193800116672
1.3444607225552758
1.3480676193136785
1.3516397096002053
1.355176636208804
1.3586780454497616
1.3621435871850713
1.3655729148634481
1.3689656855549814
1.3723215599854299
1.3756402025701466
1.3789212814476386
1.3821644685127528
1.3853694394494849
1.3885358737634121
1.3916634548137419
1.3947518698449755
1.3978008100181831
1.4008099704418888
1.4037790502025573
1.4067077523946869
1.4095957841504994
1.4124428566692253
1.4152486852459853
1.4180129893002604
1.4207354924039484
1.4234159223090077
1.4260540109746818
1.4286494945943018
1.4312021136216693
1.4337116127970086
1.4361777411724934
1.4386002521373409
1.440978903442474
1.4433134572247437
1.4456036800307177
1.4478493428400241
1.4500502210882527
1.4522060946894131
1.4543167480579418
1.4563819701302607
1.4584015543858837
1.4603752988680681
1.4623030062040103
1.4641844836245834
1.4660195429836134
1.4678080007766932
1.4695496781595341
1.471244400965849
1.4728919997247696
1.4744923096777933
1.476045170795258
1.4775504277923464
1.4790079301446126
1.4804175321030364
1.4817790927085965
1.4830924758063673
1.4843575500591326
1.4855741889605225
1.4867422708476599
1.4878616789133297
1.4889323012176581
1.4899540306993071
1.4909267651861799
1.4918504074056385
1.4927248649942302
1.4935500505069252
1.49432588142586
1.495052280168589
1.4957291740958434
1.4963564955187942
1.4969341817058224
1.4974621748887906
1.4979404222688202
1.4983688760215719
1.4987474933020273
1.4990762362487742
1.4993550719877915
1.4995839726357381
1.4997629153027394
1.4998918820946785
1.499970860114983
1.4999998414659172
1.49997882324937
1.4999078075671455
1.4997868015207525
1.4996158172106953
1.4993948717352619
1.4991239871888162
1.4988031906595869
1.4984325142269594
1.4980119949582682
1.49754167490509
1.4970216010990378
1.4964518255470591
1.4958324052262342
1.4951634020780791
1.4944448830023507
1.4936769198503581
1.4928595894177765
1.4919929734369684
1.4910771585688092
1.4901122363940227
1.4890983034040222
1.488035460991262
1.4869238154390976
1.4857634779111575
1.484554564440228
1.4832971959166485
1.4819914980762239
1.4806376014876497
1.479235641539457
1.4777857584264718
1.4762880971357975
1.474742807432315
1.4731500438437071
1.471509965645005
1.4698227368426622
1.4680885261581529
1.4663075070111
1.4644798575019344
1.4626057603940839
1.4606854030956975
1.4587189776409046
1.4567066806706124
1.4546487134128405
1.4525452816626001
1.4503965957613134
1.4482028705757797
1.4459643254766896
1.4436811843166877
1.441353675407987
1.4389820314995392
1.4365664897537584
1.4341072917228064
1.4316046833244371
1.4290589148174047
1.4264702407764385
1.4238389200667854
1.4211652158183234
1.4184493953992494
1.4156917303893422
1.4128924965528047
1.4100519738106878
1.4071704462128989
1.4042482019097959
1.4012855331233744
1.3982827361180443
1.3952401111710035
1.3921579625422111
1.3890365984439619
1.3858763310100644
1.3826774762646283
1.3794403540904625
1.3761652881970869
1.3728526060883617
1.3695026390297373
1.3661157220151274
1.3626921937334118
1.3592323965345652
1.3557366763954244
1.3522053828850904
1.3486388691299713
1.3450374917784707
1.3414016109653224
1.337731590275578
1.3340277967082483
1.3302906006396031
1.3265203757861355
1.3227174991671884
1.3188823510672552
1.3150153149979493
1.3111167776596557
1.3071871289028594
1.3032267616891611
1.299236072051982
1.2952154590569602
1.2911653247620449
1.2870860741772903
1.2829781152243556
1.2788418586957127
1.2746777182135678
1.2704861101884988
1.2662674537778154
1.2620221708436428
1.257750685910737
1.2534534261240318
1.2491308212059244
1.2447833034133049
1.2404113074943295
1.2360152706449468
1.2315956324651782
1.227152834915159
1.2226873222709416
1.2181995410800692
1.2136899401169212
1.2091589703378358
1.2046070848360151
1.2000347387962162
1.1954423894492328
1.1908304960261726
1.1861995197125346
1.1815499236020912
1.1768821726505787
1.1721967336292023
1.1674940750779599
1.1627746672587875
1.1580389821085344
1.1532874931917694
1.1485206756534241
1.1437390061712802
1.1389429629083014
1.1341330254648172
1.1293096748305638
1.1244733933365849
1.1196246646069998
1.1147639735106409
1.1098918061125673
1.1050086496254587
1.1001149923608944
1.095211323680523
1.0902981339471258
1.0853759144755823
1.0804451574837375
1.0755063560431819
1.0705600040299434
1.065606596075102
1.060646627515325
1.0556805943433352
1.0507089931583113
1.045732321116229
1.0407510758801453
1.0357657555704325
1.0307768587149675
1.0257848841992783
1.0207903312166564
1.0157936992182381
1.0107954878630594
1.0057961969680904
1.0007963264582549
0.99579637631643725
0.99079684653348488
0.9857982370582099
0.98080104774739429
0.97580577831580495
0.97081292828622212
0.96582299693948825
0.96083648326457971
0.95585388590870857
0.95087570312745828
0.94590243273495844
0.94093457205410391
0.93597261786682295
0.93101706636439929
0.9260684130978537
0.92112715292838887
0.91619377997790397
0.91126878757958307
0.90635266822856175
0.90144591353267833
0.89654901416331356
0.89166245980632364
0.88678673911307204
0.88192233965156508
0.8770697478576952
0.87222944898659815
0.86740192706412722
0.86258766483845184
0.85778714373178278
0.85300084379223018
0.84822924364579944
0.843472820448529
0.83873204983877481
0.83400740588964717
0.82929936106160396
0.82460838615520449
0.81993495026403018
0.81527952072777587
0.81064256308551563
0.80602454102914933
0.80142591635703453
0.79684714892780617
0.79228869661439161
0.78775101525822333
0.78323455862365576
0.77873977835258845
0.77426712391930308
0.76981704258551564
0.76538997935565112
0.76098637693234339
0.756606675672165
0.75225131354159236
0.74792072607320903
0.74361534632215287
0.73933560482281147
0.73508192954576823
0.73085474585500598
0.72665447646537129
0.72248154140030285
0.71833635794982986
0.71421934062884285
0.71013090113564326
0.70607144831077329
0.7020413880961327
0.69804112349438441
0.69407105452865503
0.69013157820253301
0.68622308846036784
0.68234597614787673
0.67850062897306007
0.67468743146743082
0.67090676494756196
0.66715900747695489
0.66344453382823343
0.65976371544566725
0.65611692040802727
0.65250451339177817
0.64892685563461128
0.64538430489932108
0.64187721543802867
0.63840593795675793
0.63497081958036405
0.6315722038178222
0.6282104305278764
0.6248858358850542
0.62159875234604933
0.61834950861647653
0.61513842961800114
0.61196583645584701
0.60883204638668664
0.60573737278691531
0.60268212512131436
0.59966660891210388
0.59669112570839233
0.59375597305602035
0.59086144446780708
0.58800782939419949
0.58519541319432677
0.58242447710746525
0.5796952982249145
0.57700814946228862
0.57436329953222443
0.57176101291751091
0.569201549844641
0.5666851662577892
0.56421211379321701
0.56178263975411025
0.55939698708584806
0.55705539435170937
0.55475809570901624
0.55250532088571847
0.55029729515742121
0.54813423932485716
0.54601636969180722
0.54394389804346943
0.54191703162528193
0.53993597312219732
0.5380009206384152
0.53611206767757125
0.53426960312338745
0.53247371122078402
0.53072457155745445
0.52902235904590778
0.52736724390597622
0.52575939164779495
0.5241989630552496
0.5226861141698993
0.52122099627537155
0.51980375588223526
0.51843453471334855
0.51711346968968708
0.5158406929166528
0.51461633167086196
0.51344050838741895
0.51231334064767242
0.51123494116745682
0.51020541778582174
0.50922487345424727
0.50829340622634933
0.50741110924807475
0.50657807074838601
0.5057943740304387
0.50506009746325187
0.50437531447387007
0.50374009354002169
0.50315449818327074
0.50261858696266493
0.50213241346887982
0.50169602631885946
0.50130946915095531
0.50097278062056194
0.50068599439625205
0.50044913915640876
0.50026223858635888
0.50012531137600358
0.50003837121794992
0.50000142680614101
0.50001448183498753
0.50007753499899732
0.5001905799929065
0.5003536055123099
0.50056659525479152
0.50082952792155455
0.50114237721955135
0.50150511186411295
0.50191769558207711
0.50238008711541582
0.50289224022536116
0.50345410369702881
0.50406562134454003
0.50472673201663931
0.50543736960281072
0.50619746303988766
0.50700693631915983
0.50786570849397394
0.50877369368782821
0.50973080110295965
0.51073693502942452
0.51179199485466853
0.51289587507358858
0.51404846529908244
0.51524965027308811
0.51649930987810921
0.51779731914922655
0.5191435482865947
0.52053786266842195
0.52198012286443185
0.52347018464980666
0.52500789901960976
0.52659311220368543
0.52822566568203633
0.52990539620067501
0.53163213578794932
0.53340571177133977
0.53522594679472568
0.53709265883612167
0.53900566122587934
0.54096476266535365
0.54296976724603341
0.54502047446913127
0.5471166792656339
0.54925817201680838
0.55144473857516429
0.55367616028586786
0.5559522140086075
0.55827267213990783
0.56063730263588918
0.5630458690354726
0.5654981304840252
0.56799384175744583
0.57053275328668662
0.57311461118271079
0.57573915726187985
0.57840612907177325
0.5811152599174324
0.58386627888803044
0.5866589108839626
0.58949287664435668
0.59236789277499824
0.59528367177666985
0.59823992207390142
0.60123634804412673
0.60427265004724551
0.60734852445558807
0.6104636636842764
0.61361775622198389
0.61681048666208493
0.6200415357341964
0.62331058033610343
0.62661729356606988
0.62996134475552856
0.63334239950214721
0.63676011970326873
0.64021416358972094
0.64370418575999366
0.64722983721477823
0.6507907653918672
0.65438661420141009
0.65801702406152285
0.66168163193424445
0.66538007136184163
0.66911197250345356
0.67287696217207604
0.6766746638718798
0.68050469783585943
0.68436668106381027
0.68826022736062786
0.69218494737492708
0.69614044863797719
0.7001263356029479
0.7041422096844645
0.70818766929846544
0.71226230990236017
0.71636572403548415
0.72049750135984358
0.72465722870114901
0.72884449009013275
0.73305886680414523
0.73729993740902722
0.74156727780125209
0.74586046125033723
0.75017905844151489
0.75452263751866511
0.75889076412749956
0.76328300145899763
0.76769891029308635
0.77213804904256211
0.77659997379724921
0.78108423836839058
0.78559039433326594
0.79011799108003389
0.79466657585279277
0.79923569379685566
0.8038248880042359
0.80843369955933697
0.81306166758484411
0.81770832928781134
0.82237322000594049
0.82705587325404728
0.83175582077070898
0.83647259256509066
0.84120571696394342
0.84595472065877164
0.85071912875316336
0.85549846481027947
0.86029225090049699
0.8651000076492017
0.86992125428472522
0.87475550868642171
0.87960228743287949
0.88446110585026283
0.88933147806077906
0.89421291703126582
0.89910493462189378
0.90400704163498069
0.90891874786391014
0.91383956214215245
0.91876899239238041
0.92370654567567689
0.92865172824082809
0.93360404557369847
0.93856300244668178
0.94352810296822309
0.9484988506324078
0.95347474836861179
0.95845529859120804
0.96344000324932466
0.96842836387664977
0.97341988164127757
0.97841405739559129
0.98341039172617717
0.98840838500376593
0.99340753743319454
0.99840734910338613
1.0034073200373403
1.00840695024213
1.0134057397589014
1.0184031887128682
1.0233987973632996
1.0283920661534938
1.0333824957607325
1.0383695871462137
1.0433528416049551
1.048331760815663
1.0533058468905658
1.058274602425201
1.0632375305481556
1.0681941349707531
1.0731439200366817
1.0780863907715599
1.0830210529324327
1.087947413057196
1.092864978513943
1.0977732575502259
1.1026717593422313
1.1075599940438619
1.1124374728357209
1.1173037079739943
1.1221582128392227
1.1270005019849656
1.1318300911863433
1.1366464974884605
1.1414492392547004
1.1462378362148891
1.1510118095133204
1.1557706817566433
1.1605139770615991
1.1652412211026097
1.1699519411592108
1.174645666163322
1.1793219267463546
1.1839802552861469
1.1886201859537269
1.1932412547598945
1.1978429996016202
1.2024249603082542
1.2069866786875441
1.2115276985714538
1.2160475658617786
1.2205458285755566
1.2250220368902645
1.229475743188801
1.2339065021042477
1.2383138705644057
1.2426974078361013
1.2470566755692605
1.2513912378407426
1.2557006611979327
1.2599845147020861
1.2642423699714225
1.2684738012239629
1.2726783853201082
1.2768557018049529
1.2810053329503293
1.2851268637965809
1.2892198821940581
1.2932839788443315
1.297318747341123
1.3013237842109451
1.3052986889534484
1.3092430640814712
1.3131565151607876
1.3170386508495504
1.3208890829374267
1.3247074263844159
1.328493299359355
1.3322463232781019
1.3359661228413919
1.3396523260723687
1.3433045643537809
1.3469224724648439
1.3505056886177613
1.3540538544939043
1.3575666152796417
1.3610436197018223
1.3644845200629014
1.3678889722757104
1.3712566358978648
1.3745871741658091
1.3778802540284918
1.3811355461806705
1.3843527250958432
1.3875314690587992
1.3906714601977912
1.3937723845163217
1.3968339319245433
1.3998557962702662
1.4028376753695744
1.4057792710370423
1.4086802891155548
1.4115404395057214
1.4143594361948868
1.4171369972857311
1.4198728450244598
1.4225667058285789
1.4252183103142531
1.427827393323243
1.4303936939494224
1.4329169555648669
1.4353969258455179
1.4378333567964141
1.4402260047764903
1.442574630522943
1.4448789991751541
1.4471388802981791
1.4493540479057885
1.4515242804830679
1.4536493610085681
1.4557290769760072
1.4577632204155218
1.4597515879144627
1.4616939806377376
1.463590204347692
1.4654400694235357
1.4672433908803024
1.4689999883873495
1.4707096862863898
1.4723723136090578
1.4739877040940077
1.4755556962035365
1.47707613313974
1.4785488628601917
1.4799737380931468
1.4813506163522692
1.4826793599508807
1.4839598360157285
1.4851919165002732
1.4863754781974932
1.487510402752205
1.488596576672899
1.489633891343088
1.4906222430321696
1.4915615329057985
1.4924516670357701
1.4932925564094131
1.4940841169384911
1.4948262694676104
1.4955189397821369
1.4961620586156164
1.496755561656701
1.4972993895555817
1.4977934879299217
1.4982378073702951
1.4986323034451283
1.4989769367051426
1.4992716726872992
1.4995164819182452
1.4997113399172619
1.4998562271987115
1.4999511292739867
1.4999960366529592
1.4999909448449282
1.4999358543590704
1.4998307707043887
1.4996757043891606
1.4994706709198888
1.4992156907997491
1.4989107895265412
1.4985559975901381
1.4981513504694381
1.497696888628816
1.4971926575140768
1.4966387075479122
1.4960350941248568
1.4953818776057504
1.4946791233117001
1.4939269015175498
1.4931252874448524
1.4922743612543465
1.4913742080379429
1.4904249178102122
1.4894265854993867
1.4883793109378656
1.4872831988522319
1.486138358852781
1.4849449054225587
1.4837029579059138
1.4824126404965625
1.4810740822251709
1.4796874169464505
1.4782527833257735
1.4767703248253068
1.4752401896896645
1.4736625309310858
1.4720375063141313
1.4703652783399086
1.4686460142298217
1.466879885908849
1.4650670699883506
1.4632077477484078
1.4613021051196955
1.4593503326648882
1.4573526255596054
1.4553091835728924
1.4532202110472452
1.4510859168781753
1.4489065144933215
1.446682221831106
1.4444132613189411
1.4420998598509875
1.4397422487654641
1.4373406638215149
1.4348953451756328
1.4324065373576449
1.4298744892462585
1.4272994540441752
1.4246816892527692
1.4220214566463383
1.4193190222459258
1.4165746562927204
1.4137886332210299
1.4109612316308402
1.4080927342599536
1.4051834279557176
1.4022336036463374
1.3992435563117862
1.3962135849543058
1.3931439925685067
1.39003508611107
1.3868871764700501
1.3837005784337881
1.380475610659432
1.3772125956410721
1.3739118596774909
1.3705737328395342
1.3671985489371037
1.3637866454857774
1.360338363673057
1.3568540483242504
1.3533340478679885
1.3497787143013842
1.3461884031548308
1.3425634734564516
1.338904287696195
1.3352112117895882
1.3314846150411441
1.3277248701074322
1.3239323529598128
1.3201074428468402
1.3162505222563381
1.3123619768771517
1.3084421955605783
1.304491570281483
1.3005104960991019
1.2964993711175354
1.2924585964459392
1.2883885761584131
1.2842897172535941
1.2801624296139569
1.2760071259648265
1.2718242218331046
1.2676141355057189
1.2633772879877936
1.2591141029605499
1.2548250067389377
1.2505104282290054
1.2461707988850079
1.2418065526662638
1.2374181259937578
1.2330059577065
1.2285704890176428
1.2241121634703584
1.2196314268934865
1.2151287273569509
1.2106045151269529
1.2060592426209455
1.2014933643623913
1.1969073369353116
1.1923016189386271
1.1876766709402997
1.1830329554312748
1.1783709367792339
1.173691081182157
1.168993856621704
1.1642797328164165
1.1595491811747467
1.1548026747479168
1.1500406881826137
1.1452636976735258
1.1404721809157232
1.135666617056889
1.1308474866494043
1.1260152716022935
1.121170455133035
1.1163135217192384
1.1114449570501974
1.1065652479783219
1.1016748824704525
1.0967743495590649
1.0918641392933666
1.0869447426902921
1.0820166516854022
1.0770803590836906
1.0721363585103043
1.0671851443611802
1.0622272117536076
1.0572630564767154
1.0522931749418944
1.047318064133157
1.0423382215574377
1.0373541451948445
1.03236633344886
1.0273752850965026
1.0223814992384481
1.0173854752491212
1.0123877127267571
1.0073887114434432
1.0023889712951424
0.99738899225170286
0.9923892743068623
0.98739031742824879
0.98239262150738438
0.97739668630969656
0.97240301142454166
0.96741209621524693
0.96242443976917413
0.95744054084781161
0.95246089783689825
0.94748600869658528
0.9425163709116412
0.93755248144170311
0.9325948366715815
0.92764393236162179
0.92270026359812951
0.91776432474386116
0.9128366093885889
0.90791761029974183
0.90300781937312979
0.8981077275837539
0.89321782493670965
0.8883386004181868
0.88347054194657137
0.8786141363236537
0.87376986918594923
0.8689382249561346
0.8641196867946066
0.85931473655116586
0.85452385471683279
0.84974752037579826
0.84498621115751615
0.84024040318894055
0.83551057104691362
0.83079718771070787
0.82610072451472916
0.82142165110138332
0.81676043537411269
0.81211754345060538
0.80749343961618492
0.80288858627738124
0.79830344391569086
0.79373847104152895
0.78919412414837886
0.78467085766714295
0.78016912392070004
0.77568937307867314
0.7712320531124135
0.76679760975020339
0.76238648643268359
0.75799912426850979
0.75363596199024252
0.7492974359104736
0.74498397987819542
0.74069602523541678
0.73643400077402865
0.73219833269292556
0.72798944455538583
0.72380775724671587
0.71965368893216186
0.71552765501509352
0.71143006809546405
0.70736133792855094
0.70332187138398017
0.69931207240504012
0.69533234196828708
0.69138307804344845
0.68746467555362556
0.68357752633580193
0.6797220191016603
0.67589853939871103
0.67210746957173828
0.66834918872456539
0.66462407268214541
0.66093249395297815
0.65727482169186024
0.65365142166296986
0.65006265620329029
0.64650888418637698
0.64299046098647006
0.6395077384429575
0.63606106482519142
0.63265078479766135
0.62927723938552815
0.62594076594052195
0.6226416981072066
0.61938036578961631
0.61615709511826511
0.61297220841753408
0.60982602417343923
0.60671885700178307
0.6036510176166936
0.60062281279955276
0.59763454536831861
0.59468651414724438
0.59177901393699517
0.5889123354851693
0.58608676545722305
0.58330258640780441
0.58056007675249832
0.57785951073998498
0.57520115842461506
0.5725852856394047
0.57001215396945271
0.5674820207257818
0.56499513891960784
0.5625517572370391
0.56015212001420767
0.55779646721283604
0.55548503439624153
0.5532180527057794
0.55099574883772973
0.54881834502062721
0.54668605899303924
0.54459910398179168
0.54255768868064624
0.54056201722943231
0.53861228919363158
0.53670869954442302
0.53485143863918538
0.53304069220246109
0.53127664130738528
0.529559462357577
0.52788932706950065
0.5262664024552931
0.52469085080606326
0.5231628296756633
0.52168249186493276
0.52024998540641909
0.51886545354957436
0.51752903474643064
0.51624086263775437
0.51500106603968321
0.51380976893084362
0.51266709043995373
0.51157314483391036
0.51052804150636266
0.50953188496677237
0.50858477482996334
0.50768680580615988
0.50683806769151629
0.50603864535913667
0.50528861875058806
0.50458806286790614
0.5039370477660956
0.50333563854612406
0.50278389534841228
0.50228187334682028
0.50182962274312981
0.50142718876202452
0.50107461164656708
0.50077192665417525
0.50051916405309593
0.50031634911937861
0.50016350213434779
0.50006063838257431
0.50000776815034809
0.50000489672464787
0.50005202439261398
0.50014914644151898
0.50029625315923876
0.50049332983522432
0.50074035676197215
0.5010373092369953
0.50138415756529409
0.5017808670623245
0.50222739805746741
0.50272370589799542
0.50326974095353805
0.50386544862104499
0.50451076933024563
0.50520563854960698
0.50594998679278613
0.50674373962557895
0.50758681767336367
0.50847913662903821
0.50942060726145044
0.5104111354243217
0.51145062206566116
0.5125389632376709
0.51367605010714079
0.51486176896633129
0.51609600124434474
0.51737862351898167
0.51870950752908351
0.52008852018735841
0.5215155235936898
0.52299037504892598
0.52451292706915054
0.52608302740043034
0.52770051903404058
0.5293652402221658
0.53107702449407446
0.53283570067276598
0.53464109289208772
0.53649302061432269
0.53839129864824153
0.54033573716762295
0.54232614173023541
0.54436231329728124
0.5464440482533004
0.54857113842653227
0.55074337110973204
0.55296052908144144
0.55522239062771117
0.55752872956427135
0.55987931525915025
0.56227391265573723
0.56471228229628812
0.56719418034587077
0.56971935861674861
0.57228756459319863
0.57489854145676356
0.57755202811193285
0.58024775921225191
0.58298546518685757
0.58576487226743357
0.58858570251558806
0.59144767385064689
0.59435050007786139
0.597293890917028
0.60027755203151578
0.60330118505769925
0.60636448763479589
0.60946715343510038
0.61260887219461857
0.6157893297440924
0.61900820804041723
0.62226518519844598
0.6255599355231769
0.6288921295423231
0.63226143403925961
0.63566751208634442
0.6391100230786112
0.64258862276782946
0.64610296329692907
0.64965269323478581
0.65323745761136398
0.65685689795321311
0.66051065231931538
0.66419835533727878
0.66791963823987477
0.67167412890191402
0.6754614518774591
0.67928122843736849
0.68313307660716949
0.68701661120525481
0.69093144388140093
0.69487718315560276
0.69885343445722081
0.7028598001644385
0.70689587964402367
0.71096126929139192
0.71505556257096625
0.71917835005683051
0.72332921947367179
0.72750775573800752
0.73171354099969332
0.73594615468370783
0.74020517353220994
0.74449017164686371
0.74880072053142877
0.75313638913460856
0.75749674389315602
0.76188134877522862
0.76628976532399229
0.77072155270146558
0.77517626773260406
0.77965346494961674
0.78415269663651299
0.78867351287387344
0.79321546158384171
0.79777808857533161
0.80236093758944638
0.80696355034510359
0.81158546658486297
0.81622622412095236
0.82088535888148528
0.82556240495686839
0.83025689464639163
0.83496835850499818
0.8396963253902282
0.84444032250933332
0.84919987546655484
0.85397450831056343
0.85876374358205343
0.8635671023614887
0.86838410431699409
0.87321426775238831
0.87805710965535277
0.88291214574573307
0.88777889052396586
0.89265685731962896
0.89754555834010774
0.90244450471937421
0.90735320656687268
0.91227117301650906
0.91719791227573666
0.9221329316747352
0.92707573771567731
0.93202583612207779
0.93698273188822112
0.94194592932866139
0.94691493212779054
0.95188924338946956
0.95686836568671751
0.96185180111145374
0.96683905132428882
0.97182961760435749
0.9768230008991905
0.98181870187461939
0.98681622096470989
0.99181505842171747
0.99681471436606206
1.0018146888363155
1.0068144818391978
1.0118135933995749
1.0168115236104565
1.0218077726829866
1.0268018409964217
1.0317932291480918
1.0367814380033413
1.0417659687454417
1.0467463229254723
1.0517220025121656
1.056692509941709
1.0616573481675022
1.0666160207098594
1.0715680317056586
1.0765128859579274
1.0814500889853607
1.0863791470717703
1.0912995673154553
1.0962108576784912
1.101112527035935
1.1060040852249351
1.1108850430937494
1.1157549125506581
1.1206132066127736
1.1254594394547388
1.1302931264573077
1.1351137842558081
1.1399209307884772
1.144714085344668
1.149492768612919
1.1542565027288856
1.1590048113231259
1.1637372195687374
1.1684532542288393
1.1731524437038956
1.1778343180788748
1.1824984091702408
1.1871442505727714
1.1917713777061976
1.1963793278616621
1.2009676402479894
1.2055358560377645
1.2100835184132148
1.2146101726118932
1.2191153659721512
1.2235986479784078
1.2280595703061981
1.2324976868670068
1.2369125538528762
1.2413037297807867
1.2456707755368051
1.2500132544199947
1.2543307321860859
1.2586227770909002
1.2628889599335236
1.2671288540992269
1.2713420356021272
1.2755280831275848
1.2796865780743354
1.2838171045963502
1.2879192496444187
1.2919926030074547
1.2960367573535163
1.3000513082705392
1.3040358543067767
1.3079899970109459
1.3119133409720716
1.3158054938590271
1.3196660664597668
1.3234946727202483
1.3272909297830358
1.3310544580255863
1.3347848810982121
1.3384818259617146
1.3421449229246882
1.3457738056804891
1.3493681113438658
1.3529274804872473
1.3564515571766853
1.3599399890074477
1.3633924271392581
1.3668085263311807
1.3701879449761432
1.3735303451350966
1.376835392570811
1.3801027567812967
1.3833321110328556
1.3865231323927536
1.3896755017615137
1.3927889039048262
1.3958630274850712
1.3988975650924524
1.4018922132757381
1.4048466725726052
1.4077606475395861
1.4106338467816124
1.4134659829811542
1.416256772926952
1.4190059375423365
1.4217132019131371
1.4243782953151729
1.4270009512413246
1.4295809074281851
1.4321179058822859
1.4346116929058952
1.4370620191223893
1.4394686395011882
1.4418313133822598
1.4441498045001846
1.446423881007783
1.4486533154992993
1.450837885033142
1.4529773711541787
1.4550715599155797
1.4571202419002141
1.4591232122415909
1.4610802706443449
1.4629912214042666
1.4648558734278727
1.4666740402515148
1.4684455400600251
1.4701701957048998
1.471847834722011
1.4734782893488552
1.4750613965413284
1.4765969979900309
1.4780849401360969
1.4795250741865522
1.4809172561291919
1.4822613467469816
1.4835572116319797
1.4848047211987776
1.4860037506974584
1.487154180226071
1.4882558947426217
1.4893087840765764
1.4903127429398795
1.4912676709374812
1.4921734725773776
1.4930300572801594
1.4938373393880702
1.4945952381735721
1.4953036778474178
1.4959625875662304
1.4965719014395873
1.4971315585366087
1.4976415028920513
1.4981016835119048
1.4985120543784902
1.4988725744550633
1.4991832076899165
1.4994439230199854
1.4996546943739542
1.499815500674863
1.499926325842216
1.4999871587935885
1.4999979934457364
1.4999588287152033
1.4998696685184294
1.4997305217713606
1.4995414023885554
1.4993023292817944
1.4990133263581891
1.4986744225177908
1.4982856516507017
1.497847052633684
1.4973586693262741
1.4968205505663958
1.4962327501654766
1.4955953269030668
1.4949083445209614
1.4941718717168262
1.4933859821373279
1.4925507543707695
1.4916662719392313
1.4907326232902198
1.489749901787822
1.488718205703369
1.4876376382056091
1.4865083073503924
1.4853303260698627
1.4841038121611665
1.482828888274673
1.4815056819017078
1.480134325361806
1.4787149557894785
1.4772477151204999
1.4757327500777144
1.4741702121563638
1.4725602576089381
1.4709030474295504
1.4691987473378374
1.4674475277623884
1.4656495638237015
1.4638050353166725
1.4619141266926143
1.4599770270408143
1.4579939300696232
1.4559650340870851
1.4538905419811083
1.4517706611991739
1.4496056037275942
1.4473955860703116
1.4451408292272503
1.4428415586722161
1.4404980043303479
1.4381104005551268
1.4356789861049415
1.43320400411921
1.4306857020940686
1.4281243318576218
1.425520149544758
1.4228734155715386
1.4201843946091557
1.417453355557464
1.4146805715180935
1.4118663197671371
1.4090108817274247
1.406114542940381
1.4031775930374706
1.400200325711237
1.3971830386859314
1.3941260336877417
1.3910296164146208
1.3878940965057152
1.3847197875104031
1.3815070068569386
1.3782560758207099
1.3749673194921115
1.3716410667440355
1.3682776501989853
1.364877406195812
1.3614406747560825
1.3579677995500772
1.3544591278624223
1.3509150105573626
1.3473358020436756
1.3437218602392296
1.3400735465351938
1.336391225759898
1.3326752661423513
1.328926039275419
1.325143920078663
1.3213292867608517
1.3174825207821379
1.3136040068159136
1.3096941327103435
1.30575328944958
1.3017818711146651
1.2977802748441229
1.2937489007942455
1.2896881520990788
1.2855984348301082
1.2814801579556523
1.277333733299967
1.2731595755020622
1.2689581019742395
1.2647297328603504
1.2604748909937826
1.2561940018551772
1.2518874935298805
1.2475557966651365
1.2431993444270217
1.2388185724571297
1.2344139188290066
1.2299858240043451
1.2255347307889373
1.2210610842883955
1.216565331863642
1.2120479230861725
1.2075093096931004
1.202949945541983
1.1983702865654355
1.1937707907255399
1.1891519179680465
1.1845141301763826
1.1798578911254622
1.1751836664353104
1.1704919235245008
1.1657831315634151
1.1610577614273252
1.1563162856493068
1.1515591783729866
1.146786915305128
1.1419999736680611
1.1371988321519599
1.1323839708669758
1.1275558712952245
1.12271501624264
1.1178618897906933
1.1129969772479855
1.1081207651017169
1.1032337409690383
1.0983363935482906
1.0934292125701348
1.0885126887485794
1.0835873137319094
1.0786535800535222
1.0737119810826741
1.068763010975144
1.063807164623819
1.0588449376092037
1.053876826149865
1.0489033270528085
1.0439249376637993
1.0389421558176279
1.0339554797883261
1.028965408239342
1.0239724401736714
1.0189770748839606
1.0139798119025754
1.00898115095165
1.0039815918931134
0.9989816346787056
0.99398177929998133
0.98898252573831191
0.98398437391488747
0.97898782364072512
0.97399337456668866
0.96900152613352342
0.96401277752191294
0.95902762760256088
0.95404657488630507
0.94907011747426628
0.94409875300803858
0.93913297861992595
0.93417329088322887
0.92922018576258814
0.9242741585643881
0.91933570388722707
0.91440531557245719
0.90948348665480139
0.90457070931305006
0.89966747482084319
0.89477427349754413
0.88989159465920742
0.88501992656964812
0.88015975639161548
0.87531157013807703
0.87047585262361826
0.86565308741596059
0.86084375678760594
0.85604834166760946
0.85126732159348673
0.84650117466326047
0.84175037748765258
0.83701540514242168
0.83229673112085656
0.82759482728642708
0.82291016382559845
0.81824320920081284
0.81359443010364374
0.80896429140812676
0.80435325612427311
0.79976178535176867
0.79519033823386431
0.79063937191146261
0.78610934147740297
0.78160069993095416
0.7771138981325133
0.77264938475852152
0.76820760625659557
0.76378900680088435
0.75939402824765123
0.75502311009108902
0.75067668941937093
0.7463552008709422
0.74205907659105641
0.7377887461885615
0.73354463669293912
0.72932717251160206
0.7251367753874538
0.72097386435671496
0.71683885570701955
0.71273216293578645
0.70865419670887086
0.70460536481949687
0.7005860721474797
0.6965967206187369
0.69263770916509704
0.6887094336844064
0.68481228700093921
0.6809466588261166
0.67711293571953435
0.67331150105030857
0.66954273495873817
0.66580701431829181
0.66210471269792037
0.65843620032470074
0.65480184404681308
0.65120200729685662
0.64763705005550642
0.6441073288155158
0.64061319654606752
0.6371550026574766
0.63373309296625013
0.63034780966050552
0.62699949126575261
0.62368847261104032
0.62041508479547502
0.61717965515511042
0.61398250723021452
0.61082396073291545
0.60770433151523084
0.60462393153748262
0.60158306883710178
0.59858204749782429
0.59562116761928308
0.5927007252869988
0.58982101254277086
0.58698231735547401
0.58418492359226137
0.58142911099017813
0.57871515512818794
0.57604332739961539
0.57341389498500683
0.57082712082541254
0.56828326359609294
0.56578257768065088
0.5633253131455942
0.56091171571532861
0.5585420267475858
0.55621648320928785
0.55393531765285053
0.55169875819292868
0.54950702848360455
0.54736034769602226
0.54525893049647212
0.54320298702492265
0.54119272287400788
0.53922833906846745
0.53731003204504524
0.53543799363284472
0.53361241103414725
0.53183346680569143
0.53010133884041744
0.52841620034967862
0.52677821984591966
0.52518756112582587
0.5236443832539438
0.52214884054677468
0.52070108255734304
0.51930125406024108
0.51794949503715226
0.5166459406628523
0.51539072129169239
0.51418396244456355
0.51302578479634497
0.51191630416383627
0.51085563149417612
0.50984387285374766
0.50888112941757169
0.50796749745918968
0.50710306834103602
0.50628792850530224
0.50552215946529255
0.50480583779727284
0.504139035132813
0.50352181815162389
0.50295424857488902
0.50243638315909345
0.5019682736903468
0.50154996697920629
0.50118150485599422
0.50086292416661571
0.50059425676887448
0.50037552952928632
0.5002067643203929
0.50008797801857452
0.50001918250236221
0.50000038465125041
0.50003158634500866
0.50011278446349339
0.5002439708869606
0.50042513249687703
0.50065625117723278
0.50093730381635249
0.5012682623092064
0.50164909356022092
0.50207975948658845
0.50256021702207521
0.50309041812132804
0.50367030976467864
0.50429983396344635
0.5049789277657355
0.50570752326273183
0.50648554759549302
0.50731292296223385
0.50818956662610737
0.50911539092347757
0.51009030327268645
0.51111420618331116
0.51218699726591421
0.51330856924228119
0.51447880995614903
0.51569760238442175
0.51696482464887206
0.5182803500283294
0.51964404697135236
0.52105577910938283
0.52251540527038343
0.52402277949295462
0.52557775104093007
0.52718016441845106
0.52882985938551497
0.53052667097399975
0.5322704295041607
0.53406096060159791
0.53589808521469373
0.5377816196325178
0.53971137550319803
0.54168715985275528
0.54370877510440119
0.54577601909829532
0.54788868511176081
0.55004656187995704
0.55224943361700529
0.5544970800375677
0.5567892763788751
0.55912579342320357
0.5615063975207959
0.5639308506132259
0.5663989102572049
0.56891032964882515
0.5714648576482404
0.57406223880477936
0.57670221338249084
0.57938451738611718
0.58210888258749316
0.58487503655236905
0.58768270266765332
0.59053160016907424
0.5934214441692558
0.59635194568620609
0.59932281167221535
0.60233374504316106
0.60538444470821495
0.60847460559995281
0.61160391870486075
0.61477207109423571
0.61797874595547908
0.62122362262377706
0.62450637661416664
0.62782667965398453
0.63118419971569362
0.63457860105008568
0.6380095442198559
0.64147668613354658
0.64497968007985529
0.64851817576230686
0.65209181933428162
0.65570025343440053
0.65934311722226036
0.66302004641451828
0.66673067332131908
0.67047462688306425
0.67425153270751759
0.67806101310724398
0.68190268713737801
0.68577617063371821
0.68968107625114261
0.69361701350234373
0.69758358879687632
0.70158040548051637
0.70560706387492633
0.70966316131762208
0.71374829220223945
0.71786204801909437
0.72200401739603326
0.72617378613956995
0.73037093727630498
0.7345950510946222
0.73884570518665993
0.74312247449055113
0.74742493133292953
0.75175264547169607
0.75610518413904326
0.7604821120847316
0.76488299161961382
0.76930738265940402
0.773754842768685
0.77822492720515213
0.78271718896408682
0.78723117882305671
0.7917664453868376
0.79632253513255224
0.80089899245502316
0.80549535971233155
0.81011117727158211
0.81474598355486527
0.81939931508541519
0.82407070653395653
0.82875969076523714
0.83346579888474148
0.83818856028557931
0.84292750269554617
0.84768215222435017
0.85245203341100062
0.85723666927135378
0.86203558134581071
0.8668482897471631
0.87167431320858146
0.87651316913174115
0.88136437363508247
0.88622744160219746
0.89110188673034207
0.89598722157906563
0.90088295761895421
0.90578860528048366
0.9107036740029758
0.91562767228365427
0.92056010772679431
0.92550048709296207
0.9304483163483378
0.93540310071411914
0.9403643447159985
0.94533155223371002
0.95030422655064128
0.95528187040350454
0.96026398603206242
0.96525007522890383
0.97023963938926427
0.97523217956088548
0.98022719649391088
0.98522419069080958
0.99022266245632606
0.99522211194744914
1.000222039223396
1.0052219442956054
1.0102213271777369
1.0152196879356685
1.0202165267374894
1.0252113439034836
1.030203639956097
1.0351929156698843
1.0401786721214319
1.0451604107392496
1.0501376333536268
1.0551098422464498
1.0600765402009731
1.0650372305515396
1.0699914172332488
1.0749386048315606
1.0798782986318376
1.0848100046688167
1.0897332297760036
1.0946474816349903
1.0995522688246862
1.1044471008704595
1.1093314882931848
1.1142049426581899
1.1190669766240999
1.1239171039915694
1.1287548397519038
1.1335797001355583
1.1383912026605152
1.1431888661805316
1.1479722109332537
1.1527407585881924
1.1574940322945557
1.1622315567289341
1.1669528581428321
1.1716574644100428
1.1763449050738599
1.1810147113941232
1.185666416394092
1.1902995549071431
1.1949136636232858
1.1995082811354938
1.2040829479858444
1.208637206711465
1.2131706018902784
1.2176826801865441
1.2221729903961929
1.2266410834919457
1.231086512668216
1.2355088333857911
1.2399076034162844
1.2442823828863583
1.2486327343217114
1.2529582226908256
1.2572584154484687
1.261532882578948
1.265781196639113
1.2700029328010976
1.2741976688948038
1.2783649854501178
1.2825044657388567
1.2866156958164412
1.2906982645632898
1.29475176372593
1.298775787957823
1.3027699348598993
1.3067338050207971
1.3106670020568036
1.3145691326514926
1.3184398065950562
1.3222786368233261
1.3260852394564784
1.3298592338374218
1.3336002425698632
1.3373078915560468
1.3409818100341639
1.3446216306154279
1.3482269893208145
1.3517975256174568
1.3553328824547011
1.3588327062998098
1.3622966471733147
1.3657243586840151
1.3691154980636162
1.3724697262010064
1.3757867076761667
1.3790661107937141
1.3823076076160694
1.3855108739962516
1.3886755896102922
1.3918014379892671
1.3948881065509431
1.3979352866310364
1.400942673514078
1.4039099664638861
1.4068368687536383
1.4097230876955449
1.4125683346701166
1.415372325155027
1.4181347787535643
1.4208554192226708
1.4235339745005666
1.4261701767339563
1.4287637623048131
1.4313144718567412
1.4338220503209114
1.4362862469415667
1.4387068153010982
1.4410835133446875
1.4434161034045108
1.4457043522235058
1.4479480309786974
1.45014691530408
1.4523007853130532
1.4544094256204112
