0.36
0.5
0.56
0.56
0.58
0.8
0.7
0.78
0.72
0.72
0.56
0.56
0.7
0.9
0.86
0.8
0.92
0.9
0.9
0.88
0.86
0.86
0.88
0.66
0.88
0.74
0.64
0.64
0.62
0.52
0.48
0.18
0.44
0.36
0.72
0.88
0.76
0.58
0.64
0.7
0.72
0.64
0.8
0.6
0.76
0.78
0.76
0.88
0.82
0.9
0.92
0.84
0.9
0.66
0.74
0.96
0.8
0.82
0.68
0.72
0.78
0.74
0.76
0.84
0.74
0.44
0.46
0.54
0.86
0.82
0.68
0.58
0.68
0.68
0.78
0.88
0.96
0.92
0.98
0.84
0.74
0.66
0.84
0.92
0.9
0.6
0.68
0.48
0.98
0.92
0.9
0.84
0.82
0.8
0.66
0.84
0.96
0.92
0.9
0.78
0.7
0.8
0.9
0.82
0.7
0.38
0.54
0.7
0.84
0.74
0.96
0.94
0.64
0.62
0.6
0.64
0.66
0.6
0.76
0.76
0.72
0.94
0.92
0.9
0.74
0.7
0.84
0.76
0.66
0.76
0.88
0.8
0.76
0.74
0.9
0.54
0.22
0.36
0.86
0.72
0.66
0.64
0.5
0.44
0.5
0.24
0.38
0.42
0.4
0.58
0.32
0.38
0.48
0.88
0.78
0.92
0.74
0.88
0.84
0.8
0.62
0.58
0.66
0.84
0.74
0.9
0.88
0.86
0.82
0.66
0.56
0.72
0.78
0.86
0.9
0.9
0.84
0.92
0.86
0.4
0.46
0.36
0.66
0.54
0.7
0.78
0.84
0.74
0.88
0.76
0.76
0.78
0.88
0.96
0.82
0.8
0.7
0.7
0.86
0.7
0.9
0.9
0.9
0.76
0.76
0.54
0.46
0.6
0.76
0.8
0.88
0.66
0.66
0.78
0.72
0.6
0.64
0.8
0.86
0.82
0.76
0.82
0.86
0.92
0.8
0.7
0.62
0.72
0.9
0.86
0.84
0.78
0.72
0.78
0.78
0.86
0.86
0.82
0.76
0.84
0.64
0.44
0.3
0.2
0.44
0.26
0.1
0.1
0.24
0.44
0.62
0.28
0.64
0.34
0.4
0.8
0.8
0.64
0.7
0.8
0.9
0.9
0.74
0.8
0.96
0.92
0.9
0.88
0.96
0.86
0.8
0.82
0.8
0.96
0.88
0.74
0.46
0.46
0.64
0.56
0.6
0.48
0.12
0.12
0.22
0.38
0.52
0.28
0.14
0.26
0.68
0.84
0.58
0.56
0.6
0.64
0.76
0.6
0.62
0.68
0.94
0.9
0.68
0.66
0.8
0.7
0.82
0.84
0.96
0.84
0.82
0.72
0.9
0.92
0.86
0.84
0.7
0.72
0.66
0.64
0.46
0.76
0.8
0.82
0.74
0.64
0.54
0.66
0.84
0.94
0.94
0.74
0.9
0.84
0.86
0.92
0.84
0.78
0.9
0.88
0.78
0.74
0.74
0.76
0.82
0.82
0.82
0.88
0.9
0.8
0.86
0.74
0.64
0.68
0.44
0.16
0
0.2
0.32
0.58
0.9
0.82
0.82
0.64
0.72
0.68
0.96
0.96
0.82
0.88
0.8
0.94
0.8
0.86
0.86
0.92
0.64
0.68
0.72
0.74
0.88
0.88
0.94
0.92
0.94
0.88
0.9
0.88
0.94
0.94
0.76
0.72
0.68
0.26
0.3
0.14
0
0.08
0.22
0.36
0.52
0.54
0.58
0.46
0.2
0.18
0.5
0.44
0.42
0.42
0.48
0.68
0.88
0.74
0.52
0.32
0.7
0.82
0.86
0.9
0.96
0.92
0.88
0.78
0.5
0.6
0.5
0.56
0.5
0.34
0.08
0.22
0.04
0.06
0.18
0.18
0.42
0.4
0.5
0.5
0.36
0.36
0.04
0.1
0.2
0.62
0.72
0.54
0.6
0.76
0.82
0.86
0.9
0.86
0.92
0.92
0.66
0.56
0.56
0.72
0.94
0.84
0.66
0.9
0.8
0.92
0.96
0.7
0.58
0.62
0.82
0.86
0.9
0.54
0.8
0.84
0.86
0.86
0.72
0.38
0.64
0.52
0.68
0.74
0.56
0.52
0.64
0.64
0.68
0.42
0.42
0.52
0.46
0.4
0.7
0.84
0.9
0.88
0.94
0.88
0.42
0.72
0.78
0.76
0.66
0.68
0.32
0.14
0.08
0.06
0.1
0.44
0.46
0.38
0.44
0.46
0.64
0.52
0.3
0.22
0.74
0.76
0.7
0.9
0.88
0.78
0.86
0.88
0.74
0.86
0.82
0.74
0.78
0.56
0.66
0.92
0.94
0.88
0.88
0.88
0.86
0.58
0.82
0.8
0.72
0.9
0.84
1
0.78
0.64
0.66
0.78
0.5
0.76
0.96
0.88
0.88
0.84
0.76
0.64
0.68
0.72
0.84
0.84
0.66
0.46
0.38
0.4
0.24
0.22
0.22
0.48
0.56
0.26
0.26
0.16
0.18
0.26
0.44
0.46
0.76
0.78
0.76
0.7
0.76
0.76
0.38
0.24
0.4
0.5
0.32
0.52
0.58
0.42
0.18
0.32
0.36
0.4
0.72
0.72
0.62
0.58
0.78
0.9
0.9
0.78
0.8
0.94
0.92
0.86
0.92
0.72
0.68
0.66
0.54
0.76
0.88
0.72
0.82
0.58
0.46
0.66
0.68
0.74
0.74
0.76
0.72
0.86
0.9
0.82
0.86
0.78
0.6
0.68
0.6
0.68
0.66
0.88
0.86
0.84
0.9
0.76
0.84
0.82
0.9
0.96
0.74
0.82
0.82
0.72
0.74
0.78
0.94
0.88
0.84
0.82
0.82
0.9
0.9
0.5
0.48
0.36
0.2
0.34
0.48
0.8
0.9
0.74
0.68
0.66
0.78
0.8
0.68
0.8
0.92
0.64
0.88
0.64
0.74
0.86
0.8
0.72
0.82
0.6
0.74
0.8
0.88
0.88
0.82
0.92
0.9
0.9
0.9
0.84
0.88
0.74
0.28
0.24
0.58
0.78
0.9
0.78
0.78
0.84
0.92
0.86
0.76
0.82
0.9
0.82
0.74
0.88
0.74
0.48
0.66
0.62
0.66
0.6
0.88
0.72
0.64
0.58
0.78
0.84
0.78
0.92
0.84
0.86
0.74
0.8
0.72
0.9
0.88
0.98
0.8
0.7
0.88
0.88
0.92
0.9
0.9
0.72
0.84
0.84
0.88
0.82
0.88
0.78
0.88
0.98
0.74
0.76
0.92
0.9
0.72
0.58
0.4
0.34
0.56
0.72
0.52
0.74
0.74
0.84
0.58
0.64
0.3
0.3
0.42
0.02
0.26
0.54
0.54
0.24
0.1
0.24
0.42
0.52
0.4
0.32
0.52
0.56
0.74
0.68
0.82
0.96
0.96
0.92
0.84
0.8
0.82
0.84
0.86
0.9
0.88
1
0.94
0.94
0.92
0.84
0.78
0.64
0.3
0.3
0.16
0.14
0.06
0.04
0.1
0.34
0.78
0.78
0.78
0.56
0.56
0.74
0.86
0.84
0.7
0.5
0.74
0.44
0.22
0.06
0.06
0.12
0.1
0.02
0.22
0.58
0.34
0.5
0.58
0.7
0.84
0.8
0.9
0.92
0.6
0.62
0.68
0.42
0.34
0.34
0.08
0.12
0.16
0.04
0.12
0.04
0.12
0.08
0.24
0.12
0.36
0.62
0.54
0.5
0.32
0.54
0.56
0.6
0.56
0.48
0.72
0.84
0.9
0.88
0.84
0.32
0.6
0.62
0.4
0.38
0.4
0.38
0.46
0.54
0.4
0.44
0.78
0.72
0.74
0.74
0.72
0.78
0.84
0.72
0.68
0.74
0.74
0.78
0.86
0.92
0.98
0.86
0.86
0.78
0.94
0.86
0.74
0.7
0.52
0.44
0.14
0.06
0.22
0.12
0.62
0.4
0.5
0.28
0.2
0.34
0.42
0.66
0.86
0.64
0.64
0.56
0.76
0.42
0.2
0.2
0.44
0.42
0.4
0.38
0.32
0.04
0.22
0.56
0.56
0.28
0.28
0.04
0.16
0.28
0.78
0.8
0.62
0.72
0.82
0.64
0.44
0.66
0.8
0.82
0.88
0.86
0.82
0.72
0.88
0.98
0.88
0.98
0.92
0.82
0.8
0.6
0.78
0.88
0.96
0.92
0.8
0.68
0.86
0.96
0.76
0.5
0.18
0.52
0.64
0.42
0.44
0.34
0.44
0.5
0.46
0.32
0.64
0.66
0.76
0.8
0.94
0.86
0.92
0.86
0.88
0.92
0.88
0.9
0.92
0.96
0.74
0.76
0.9
0.92
0.88
0.92
0.72
