0.33
0.43
0.49
0.33
0.29
0.19
0.23
0.31
0.21
0.01
0.05
0.15
0.11
0.05
0.15
0.07
0.27
0.27
0.33
0.13
0.11
0.01
0.09
0.19
0.25
0.21
0.33
0.19
0.11
0.03
0.05
0.07
0.01
0.07
0.09
0.17
0.11
0.33
0.53
0.51
0.17
0.09
0.09
0.03
0.17
0.35
0.29
0.23
0.33
0.33
0.17
0.17
0.15
0.11
0.19
0.07
0.07
0.05
0.13
0.33
0.25
0.23
0.21
0.15
0.07
0.11
0.31
0.31
0.53
0.39
0.31
0.21
0.27
0.21
0.23
0.29
0.27
0.15
0.27
0.23
0.31
0.19
0.45
0.27
0.21
0.21
0.23
0.25
0.43
0.23
0.07
0.07
0.23
0.15
0.03
0.11
0.01
0.05
0.17
0.19
0.07
0.03
0.15
0.05
0.05
0.01
0.07
0.25
0.37
0.29
0.37
0.41
0.41
0.39
0.33
0.47
0.27
0.27
0.33
0.37
0.31
0.39
0.49
0.33
0.33
0.33
0.19
0.39
0.43
0.49
0.43
0.39
0.31
0.31
0.47
0.43
0.47
0.59
0.51
0.63
0.57
0.53
0.41
0.51
0.45
0.43
0.31
0.45
0.29
0.13
0.13
0.01
0.09
0.17
0.19
0.49
0.53
0.51
0.61
0.53
0.55
0.51
0.47
0.53
0.47
0.39
0.39
0.31
0.27
0.29
0.17
0.15
0.07
0.21
0.25
0.39
0.37
0.25
0.27
0.29
0.41
0.55
0.57
0.39
0.35
0.37
0.37
0.55
0.49
0.37
0.45
0.57
0.55
0.65
0.61
0.61
0.57
0.55
0.45
0.37
0.39
0.47
0.43
0.37
0.23
0.15
0.49
0.53
0.53
0.55
0.45
0.41
0.31
0.21
0.21
0.15
0.13
0.01
0.11
0.21
0.21
0.21
0.09
0.05
0.09
0.17
0.29
0.53
0.53
0.57
0.59
0.65
0.55
0.69
0.55
0.45
0.43
0.49
0.37
0.31
0.29
0.19
0.19
0.37
0.37
0.23
0.05
0.17
0.17
0.17
0.23
0.35
0.33
0.31
0.31
0.23
0.37
0.45
0.37
0.41
0.29
0.25
0.29
0.33
0.41
0.45
0.35
0.31
0.35
0.37
0.43
0.41
0.41
0.51
0.69
0.57
0.47
0.41
0.37
0.41
0.33
0.33
0.21
0.33
0.37
0.35
0.25
0.39
0.39
0.15
0.03
0.03
0.03
0.01
0.11
0.03
0.03
0.07
0.13
0.19
0.13
0.01
0.05
0.19
0.03
0.03
0.11
0.15
0.35
0.25
0.27
0.29
0.37
0.43
0.41
0.23
0.29
0.27
0.31
0.41
0.47
0.39
0.39
0.35
0.49
0.43
0.47
0.33
0.23
0.39
0.27
0.41
0.41
0.33
0.33
0.29
0.11
0.15
0.25
0.23
0.19
0.13
0.17
0.41
0.39
0.51
0.53
0.59
0.67
0.55
0.43
0.37
0.25
0.21
0.31
0.39
0.39
0.35
0.51
0.39
0.51
0.45
0.33
0.29
0.09
0.27
0.35
0.57
0.55
0.55
0.49
0.49
0.51
0.35
0.19
0.19
0.21
0.15
0.21
0.27
0.19
0.23
0.23
0.15
0.19
0.11
0.25
0.41
0.51
0.47
0.45
0.41
0.43
0.41
0.55
0.53
0.55
0.57
0.45
0.39
0.47
0.37
0.31
0.39
0.33
0.25
0.33
0.33
0.31
0.35
0.31
0.33
0.31
0.35
0.49
0.65
0.59
0.47
0.55
0.57
0.65
0.53
0.23
0.21
0.15
0.05
0.07
0.17
0.19
0.07
0.17
0.23
0.23
0.21
0.33
0.45
0.51
0.35
0.27
0.01
0.11
0.01
0.19
0.25
0.35
0.25
0.19
0.11
0.19
0.25
0.29
0.23
0.09
0.01
0.01
0.13
0.15
0.27
0.27
0.23
0.19
0.03
0.07
0.19
0.13
0.17
0.17
0.19
0.09
0.25
0.15
0.07
0.09
0.01
0.03
0.15
0.17
0.13
0.23
0.31
0.23
0.17
0.05
0.01
0.07
0.01
0.05
0.01
0.23
0.17
0.29
0.25
0.25
0.13
0.23
0.29
0.43
0.47
0.33
0.25
0.19
0.19
0.09
0.17
0.01
0.11
0.07
0.23
0.19
0.21
0.47
0.43
0.53
0.67
0.61
0.43
0.39
0.27
0.27
0.29
0.29
0.15
0.23
0.29
0.39
0.41
0.37
0.43
0.51
0.59
0.71
0.61
0.65
0.53
0.41
0.55
0.43
0.33
0.17
0.23
0.37
0.33
0.01
0.01
0.23
0.17
0.35
0.29
0.27
0.19
0.17
0.15
0.21
0.11
0.11
0.13
0.15
0.03
0.01
0.03
0.01
0.03
0.03
0.07
0.01
0.05
0.11
0.03
0.23
0.15
0.19
0.27
0.09
0.27
0.29
0.35
0.23
0.21
0.25
0.21
0.19
0.21
0.23
0.07
0.15
0.25
0.13
0.01
0.07
0.23
0.35
0.19
0.05
0.09
0.31
0.13
0.01
0.03
0.01
0.15
0.11
0.35
0.31
0.41
0.37
0.53
0.39
0.47
0.37
0.43
0.29
0.33
0.27
0.35
0.31
0.45
0.47
0.59
0.55
0.37
0.29
0.37
0.39
0.51
0.55
0.49
0.45
0.53
0.55
0.59
0.55
0.67
0.61
0.53
0.45
0.55
0.47
0.45
0.53
0.55
0.45
0.39
0.29
0.35
0.35
0.31
0.27
0.21
0.19
0.29
0.17
0.33
0.33
0.31
0.33
0.19
0.13
0.25
0.37
0.37
0.39
0.39
0.35
0.47
0.39
0.39
0.49
0.47
0.25
0.13
0.31
0.21
0.31
0.31
0.31
0.35
0.29
0.37
0.35
0.27
0.35
0.29
0.41
0.35
0.23
0.17
0.31
0.29
0.29
0.13
0.21
0.21
0.21
0.47
0.45
0.39
0.51
0.43
0.57
0.47
0.25
0.15
0.21
0.33
0.39
0.33
0.37
0.17
0.01
0.07
0.09
0.07
0.35
0.29
0.19
0.13
0.21
0.03
0.05
0.01
0.07
0.05
0.03
0.03
0.01
0.19
0.25
0.29
0.23
0.33
0.37
0.47
0.43
0.37
0.47
0.51
0.51
0.57
0.51
0.63
0.53
0.59
0.65
0.71
0.77
0.67
0.53
0.47
0.29
0.29
0.33
0.19
0.41
0.45
0.45
0.55
0.61
0.61
0.51
0.55
0.45
0.43
0.51
0.49
0.47
0.41
0.37
0.39
0.49
0.43
0.51
0.35
0.25
0.21
0.13
0.15
0.03
0.03
0.05
0.11
0.05
0.09
0.01
0.01
0.09
0.05
0.01
0.13
0.07
0.01
0.11
0.09
0.03
0.15
0.45
0.39
0.27
0.27
0.21
0.19
0.31
0.45
0.53
0.63
0.61
0.61
0.63
0.71
0.55
0.47
0.47
0.55
0.53
0.49
0.51
0.61
0.59
0.57
0.41
0.53
0.51
0.39
0.25
0.13
0.19
0.09
0.01
0.05
0.07
0.25
0.25
0.21
0.13
0.01
0.17
0.17
0.17
0.29
0.21
0.07
0.05
0.23
0.15
0.25
0.31
0.17
0.11
0.21
0.15
0.19
0.17
0.21
0.17
0.33
0.27
0.19
0.35
0.21
0.23
0.17
0.27
0.47
0.47
0.47
0.47
0.33
0.35
0.39
0.19
0.19
0.19
0.03
0.13
0.07
0.01
0.01
0.13
0.13
0.23
0.27
0.31
0.31
0.15
0.17
0.15
0.07
0.13
0.07
0.03
0.13
0.09
0.21
0.31
0.21
0.29
0.15
0.19
0.41
0.41
0.43
0.39
0.41
0.45
0.43
0.45
0.31
0.63
0.67
0.55
0.49
0.37
0.41
0.25
0.39
0.53
0.59
0.61
0.35
0.29
0.27
0.39
0.33
0.33
0.53
0.61
0.49
0.55
0.47
0.45
0.47
0.35
0.47
0.41
0.25
0.17
0.05
0.07
0.01
0.09
0.13
0.17
0.35
0.33
0.35
0.35
0.25
0.41
0.47
0.51
0.41
0.27
0.41
0.53
0.49
0.45
0.47
0.41
0.35
0.35
0.53
0.61
0.69
0.69
0.71
0.67
0.61
0.63
0.61
0.53
0.49
0.49
0.39
0.19
0.21
0.29
0.29
0.39
0.29
0.29
0.31
0.33
0.21
0.29
0.19
0.07
0.31
0.15
0.09
0.03
0.15
0.11
0.05
0.15
0.07
0.15
0.33
0.27
0.15
0.17
0.17
0.15
