0.36
0.62
0.72
0.68
0.72
0.7
0.68
0.6
0.72
0.74
0.78
0.68
0.66
0.66
0.74
0.74
0.78
0.72
0.74
0.68
0.58
0.66
0.7
0.68
0.72
0.74
0.72
0.72
0.66
0.64
0.72
0.66
0.78
0.74
0.7
0.66
0.64
0.64
0.58
0.72
0.74
0.74
0.74
0.7
0.74
0.76
0.76
0.74
0.74
0.72
0.64
0.62
0.72
0.62
0.66
0.62
0.66
0.72
0.72
0.7
0.76
0.76
0.68
0.64
0.64
0.6
0.72
0.74
0.78
0.76
0.68
0.72
0.72
0.68
0.7
0.68
0.66
0.68
0.7
0.74
0.72
0.74
0.76
0.66
0.72
0.7
0.74
0.76
0.76
0.74
0.78
0.74
0.78
0.76
0.78
0.72
0.76
0.68
0.7
0.64
0.64
0.6
0.62
0.66
0.7
0.68
0.7
0.68
0.66
0.68
0.66
0.56
0.62
0.64
0.66
0.64
0.66
0.74
0.74
0.76
0.74
0.76
0.74
0.64
0.68
0.76
0.7
0.72
0.74
0.76
0.64
0.54
0.46
0.52
0.56
0.66
0.72
0.7
0.78
0.74
0.76
0.72
0.62
0.66
0.68
0.76
0.66
0.66
0.68
0.78
0.76
0.68
0.76
0.74
0.78
0.76
0.76
0.72
0.72
0.62
0.74
0.76
0.76
0.72
0.72
0.68
0.7
0.72
0.64
0.7
0.74
0.78
0.72
0.76
0.7
0.68
0.78
0.74
0.72
0.74
0.64
0.66
0.7
0.72
0.72
0.7
0.74
0.76
0.72
0.74
0.74
0.74
0.72
0.66
0.62
0.64
0.64
0.7
0.76
0.68
0.76
0.76
0.74
0.72
0.76
0.74
0.76
0.7
0.64
0.64
0.62
0.54
0.62
0.54
0.54
0.42
0.42
0.28
0.36
0.38
0.4
0.42
0.5
0.32
0.36
0.3
0.24
0.36
0.34
0.32
0.3
0.2
0.2
0.22
0.04
0.04
0.06
0.04
0
0.04
0
0.12
0.18
0.24
0.16
0.08
0.18
0.24
0.12
0.02
0.04
0.02
0
0.08
0.24
0.02
0.14
0.04
0.16
0.16
0.08
0.2
0.2
0.18
0.12
0.2
0.3
0.26
0.44
0.64
0.56
0.64
0.64
0.68
0.64
0.72
0.74
0.78
0.7
0.76
0.78
0.74
0.76
0.72
0.76
0.76
0.66
0.66
0.74
0.78
0.76
0.76
0.76
0.74
0.7
0.78
0.78
0.74
0.68
0.6
0.54
0.76
0.76
0.74
0.78
0.74
0.66
0.7
0.62
0.74
0.76
0.74
0.56
0.64
0.7
0.68
0.64
0.58
0.48
0.5
0.46
0.46
0.34
0.44
0.4
0.48
0.34
0.42
0.42
0.56
0.66
0.7
0.7
0.68
0.72
0.7
0.74
0.72
0.66
0.74
0.72
0.7
0.74
0.76
0.68
0.64
0.7
0.72
0.7
0.66
0.62
0.6
0.62
0.56
0.48
0.46
0.6
0.58
0.72
0.6
0.62
0.6
0.58
0.68
0.6
0.58
0.58
0.64
0.64
0.64
0.68
0.66
0.64
0.62
0.68
0.78
0.72
0.76
0.76
0.7
0.66
0.66
0.72
0.76
0.76
0.68
0.72
0.76
0.74
0.78
0.72
0.74
0.68
0.72
0.74
0.72
0.66
0.72
0.7
0.64
0.74
0.78
0.7
0.64
0.74
0.74
0.7
0.72
0.66
0.68
0.62
0.68
0.68
0.72
0.76
0.7
0.72
0.72
0.76
0.66
0.74
0.76
0.72
0.72
0.72
0.72
0.72
0.76
0.74
0.7
0.72
0.7
0.78
0.6
0.54
0.68
0.7
0.72
0.76
0.56
0.52
0.62
0.6
0.64
0.68
0.72
0.72
0.7
0.66
0.64
0.68
0.78
0.74
0.76
0.72
0.74
0.76
0.7
0.76
0.7
0.68
0.72
0.7
0.64
0.62
0.6
0.7
0.6
0.64
0.52
0.54
0.66
0.68
0.76
0.76
0.64
0.68
0.72
0.72
0.54
0.6
0.74
0.72
0.78
0.76
0.7
0.68
0.76
0.76
0.72
0.7
0.68
0.6
0.64
0.62
0.66
0.64
0.58
0.48
0.42
0.44
0.52
0.54
0.48
0.56
0.74
0.7
0.64
0.72
0.78
0.72
0.6
0.56
0.48
0.5
0.42
0.46
0.5
0.38
0.34
0.2
0.28
0.26
0.28
0.08
0.18
0.08
0.12
0.16
0.18
0.2
0.12
0.04
0.06
0.08
0.12
0.12
0.22
0.38
0.46
0.5
0.6
0.6
0.7
0.6
0.68
0.72
0.72
0.7
0.66
0.68
0.62
0.52
0.66
0.7
0.76
0.76
0.72
0.72
0.74
0.74
0.66
0.7
0.72
0.7
0.7
0.78
0.7
0.6
0.62
0.7
0.58
0.52
0.62
0.58
0.56
0.66
0.68
0.66
0.62
0.72
0.74
0.7
0.74
0.66
0.7
0.6
0.72
0.66
0.68
0.7
0.7
0.74
0.74
0.74
0.68
0.66
0.66
0.72
0.7
0.66
0.7
0.66
0.66
0.72
0.7
0.72
0.74
0.7
0.74
0.7
0.74
0.74
0.66
0.72
0.7
0.72
0.76
0.72
0.66
0.66
0.64
0.7
0.64
0.66
0.7
0.72
0.7
0.78
0.76
0.72
0.74
0.7
0.74
0.7
0.62
0.64
0.72
0.76
0.74
0.7
0.7
0.74
0.74
0.72
0.76
0.72
0.68
0.66
0.66
0.66
0.68
0.66
0.72
0.78
0.74
0.74
0.66
0.76
0.76
0.74
0.74
0.76
0.74
0.74
0.74
0.72
0.68
0.7
0.76
0.72
0.7
0.68
0.74
0.64
0.66
0.66
0.74
0.6
0.66
0.56
0.5
0.6
0.68
0.66
0.72
0.68
0.68
0.6
0.6
0.66
0.7
0.74
0.74
0.78
0.7
0.74
0.72
0.76
0.68
0.7
0.7
0.72
0.64
0.56
0.42
0.46
0.36
0.24
0.2
0.14
0.14
0.26
0.28
0.28
0.3
0.2
0.26
0.24
0.38
0.3
0.22
0.24
0.22
0.26
0.3
0.24
0.22
0.28
0.32
0.46
0.5
0.6
0.6
0.62
0.68
0.66
0.6
0.7
0.68
0.64
0.66
0.72
0.74
0.7
0.74
0.74
0.64
0.68
0.72
0.7
0.7
0.66
0.72
0.68
0.72
0.66
0.62
0.74
0.74
0.64
0.62
0.68
0.76
0.66
0.6
0.72
0.72
0.78
0.74
0.72
0.64
0.66
0.62
0.62
0.58
0.56
0.62
0.54
0.62
0.58
0.64
0.72
0.66
0.6
0.68
0.72
0.78
0.78
0.74
0.76
0.74
0.78
0.74
0.76
0.68
0.56
0.48
0.66
0.62
0.6
0.58
0.6
0.58
0.54
0.64
0.72
0.74
0.74
0.76
0.7
0.76
0.76
0.7
0.7
0.72
0.58
0.68
0.72
0.72
0.68
0.6
0.62
0.72
0.72
0.64
0.64
0.66
0.74
0.64
0.64
0.64
0.7
0.72
0.72
0.68
0.76
0.68
0.64
0.66
0.64
0.64
0.54
0.54
0.68
0.76
0.72
0.7
0.74
0.7
0.64
0.7
0.72
0.76
0.64
0.78
0.74
0.7
0.72
0.7
0.64
0.68
0.66
0.74
0.76
0.74
0.62
0.6
0.68
0.76
0.72
0.7
0.6
0.56
0.64
0.76
0.76
0.74
0.74
0.64
0.74
0.68
0.68
0.68
0.6
0.62
0.76
0.72
0.72
0.74
0.74
0.74
0.74
0.76
0.68
0.72
0.72
0.62
0.74
0.78
0.78
0.78
0.76
0.74
0.74
0.76
0.74
0.72
0.72
0.72
0.78
0.74
0.72
0.66
0.74
0.68
0.72
0.68
0.66
0.6
0.56
0.6
0.6
0.64
0.64
0.66
0.72
0.58
0.68
0.66
0.76
0.78
0.66
0.64
0.58
0.62
0.58
0.58
0.58
0.74
0.6
0.58
0.68
0.64
0.62
0.54
0.64
0.64
0.68
0.76
0.78
0.76
0.76
0.76
0.74
0.66
0.74
0.6
0.64
0.68
0.7
0.72
0.74
0.78
0.78
0.74
0.68
0.7
0.66
0.62
0.62
0.46
0.56
0.6
0.66
0.68
0.74
0.74
0.68
0.66
0.74
0.72
0.76
0.7
0.66
0.7
0.6
0.48
0.48
0.5
0.5
0.44
0.6
0.56
0.54
0.56
0.66
0.64
0.68
0.62
0.66
