0.42
0.14
0.16
0.28
0.64
0.36
0.34
0
0.34
0.12
0.16
0.46
0.88
0.8
0.76
0.26
0.14
0.28
0.44
0.56
0.62
0.68
0.82
0.64
0.64
0.74
0.66
0.58
0.44
0.5
0.52
0.16
0.36
0.18
0.24
0.54
0.48
0.24
0.06
0.12
0.14
0.26
0.5
0.54
0.24
0.2
0.06
0.16
0.14
0.08
0.1
0.02
0.36
0.26
0.38
0.68
0.86
0.7
0.46
0.62
0.34
0.5
0.34
0.66
0.34
0.48
0.38
0.54
0.64
0.74
0.56
0.72
0.74
0.88
0.78
0.7
0.46
0.36
0.3
0.22
0.2
0.2
0.5
0.68
0.84
0.62
0.6
0.04
0.18
0.18
0.5
0.28
0.22
0.22
0.04
0.14
0.48
0.48
0.12
0.34
0.42
0.48
0.34
0.34
0.38
0.3
0.56
0.5
0.28
0.32
0.64
0.4
0.44
0.54
0.32
0.44
0.54
0.72
0.78
0.6
0.6
0.74
0.28
0.36
0.36
0.4
0.26
0.16
0.7
0.5
0.68
0.16
0
0.2
0.04
0.06
0.06
0.34
0.28
0.18
0.12
0.16
0.24
0.32
0.32
0.14
0.3
0.02
0.04
0.18
0.1
0.04
0.1
0.6
0.8
0.46
0.52
0.12
0.46
0.5
0.6
0.58
0.18
0.22
0.06
0.08
0.24
0.32
0.1
0.4
0.56
0.76
0.4
0.2
0.2
0.14
0.24
0.06
0.3
0.24
0.14
0.2
0.08
0.32
0.64
0.58
0.74
0.84
0.86
0.78
0.42
0.5
0.32
0.6
0.66
0.66
0.26
0.04
0.3
0.32
0.42
0.22
0.14
0.34
0.34
0.32
0.18
0.34
0.18
0.06
0.04
0.4
0.3
0.5
0.52
0.68
0.72
0.6
0.34
0.48
0.56
0.4
0.12
0.2
0.18
0.22
0.2
0.44
0.18
0.36
0.74
0.62
0.4
0.48
0.82
0.58
0.4
0.44
0.5
0.36
0.48
0.28
0.42
0.24
0.12
0.32
0.18
0.08
0.1
0.24
0.58
0.2
0.58
0.32
0.14
0.42
0.28
0.18
0.14
0.2
0.3
0.34
0.58
0.52
0.56
0.38
0.34
0.38
0.38
0.56
0.26
0.08
0.26
0.26
0.62
0.6
0.44
0.04
0.04
0.04
0.3
0.5
0.36
0.36
0.46
0.32
0.72
0.86
0.72
0.1
0.18
0.22
0.22
0.48
0.5
0.26
0.22
0.3
0.02
0.16
0.16
0.34
0.28
0.58
0.72
0.7
0.8
0.62
0.42
0.5
0.48
0.24
0.04
0.12
0.32
0.36
0.42
0.16
0.04
0.04
0.02
0.2
0.32
0.26
0.38
0.16
0
0.16
0.02
0.08
0.2
0.18
0.02
0.22
0.12
0.06
0.28
0.46
0.34
0.06
0.04
0.26
0.12
0.08
0.28
0.34
0.4
0.32
0.5
0.76
0.62
0.52
0.36
0.1
0.18
0.2
0.04
0.36
0.66
0.54
0.62
0.44
0.14
0.26
0.1
0.04
0.1
0.04
0
0.04
0.08
0.16
0.46
0.26
0.42
0.48
0.06
0.18
0.42
0.52
0.32
0.44
0.4
0.3
0.54
0.64
0.3
0.48
0.36
0.22
0.38
0.14
0.12
0.2
0.38
0.58
0.26
0.36
0.32
0.3
0.36
0.32
0.34
0.54
0.64
0.34
0.04
0.02
0.1
0.06
0.18
0.1
0.18
0.12
0.28
0.04
0.22
0.34
0.24
0.18
0.22
0.06
0.2
0.16
0.38
0.12
0.04
0.2
0.02
0.44
0.44
0.24
0.36
0.78
0.68
0.6
0.38
0.5
0.66
0.84
0.8
0.8
0.7
0.66
0.72
0.82
0.68
0.52
0.58
0.56
0.56
0.28
0.08
0.06
0.12
0.3
0.44
0.46
0.36
0.02
0.02
0.08
0.08
0.16
0.08
0.28
0.04
0.1
0.48
0.46
0.54
0.56
0.62
0.52
0.48
0.18
0.04
0
0.24
0.04
0.02
0.2
0.14
0
0.32
0.24
0.08
0.22
0.02
0.3
0.28
0.58
0.7
0.62
0.76
0.4
0.44
0.06
0.14
0.32
0.5
0.62
0.5
0.56
0.56
0.14
0.28
0.22
0.2
0.18
0.04
0.26
0.08
0.02
0.08
0.3
0.16
0.02
0.12
0.32
0.34
0.42
0.5
0.46
0.56
0.62
0.6
0.22
0.02
0.34
0.58
0.5
0.28
0.38
0.46
0.74
0.82
0.62
0.7
0.58
0.74
0.48
0.38
0.22
0.34
0.26
0.7
0.84
0.5
0.12
0.02
0.34
0.56
0.46
0.68
0.58
0.28
0.16
0.54
0.64
0.68
0.6
0.4
0.52
0.52
0.76
0.58
0.4
0.48
0.46
0.12
0.24
0.7
0.74
0.62
0.38
0.24
0.28
0.44
0.24
0.54
0.48
0.78
0.76
0.58
0.66
0.76
0.8
0.16
0.54
0.82
0.68
0.62
0.56
0.54
0.8
0.74
0.7
0.56
0.2
0.24
0.3
0.62
0.68
0.16
0.36
0.14
0.08
0.06
0.14
0
0.16
0.5
0.36
0.14
0.02
0.42
0.36
0.52
0.8
0.86
0.78
0.3
0.42
0.1
0.08
0.32
0.08
0.06
0.22
0.38
0.38
0.52
0.74
0.46
0.32
0.44
0.64
0.5
0.14
0.38
0.26
0.34
0.54
0.5
0.54
0.64
0.66
0.6
0.58
0.56
0.58
0.58
0.5
0.34
0.7
0.52
0.22
0.04
0.16
0.04
0.1
0.34
0.14
0.28
0.02
0.28
0.02
0.44
0.38
0.34
0.26
0.14
0.12
0.02
0.18
0.2
0.16
0.22
0.42
0.22
0.1
0.04
0.26
0.06
0.14
0
0.04
0.4
0.24
0.06
0.32
0.7
0.56
0.56
0.5
0.6
0.52
0.32
0.16
0.04
0.1
0.3
0.18
0.2
0.26
0.06
0.38
0.3
0.22
0.08
0.3
0.1
0.38
0.04
0.36
0.02
0.1
0.1
0.18
0.46
0.44
0.36
0.64
0.64
0.56
0.74
0.42
0.04
0.1
0.26
0.02
0.32
0.42
0.48
0.52
0.3
0.12
0
0.08
0.26
0.24
0.1
0.26
0.32
0.44
0.14
0.06
0.18
0.58
0.22
0.1
0.02
0.14
0.18
0.24
0.4
0.44
0.16
0.36
0.2
0.44
0.2
0.08
0.26
0.54
0.3
0.1
0.08
0.2
0.22
0.42
0.12
0.4
0.4
0.44
0.66
0.8
0.38
0.02
0.32
0.22
0.18
0.08
0.04
0.2
0.12
0.36
0.22
0.08
0.58
0.46
0.06
0.4
0.3
0.44
0.64
0.6
0.3
0.3
0.08
0.2
0.02
0.1
0.36
0.48
0.48
0.48
0.1
0.14
0.06
0.24
0.62
0.16
0.1
0.04
0.46
0.6
0.48
0.32
0.58
0.7
0.66
0.46
0.48
0.28
0.6
0.7
0.64
0.46
0.7
0.68
0.8
0.74
0.44
0.28
0.18
0.22
0.4
0.46
0.36
0.28
0.16
0.3
0.26
0.32
0.58
0.46
0.42
0.44
0.18
0.44
0.28
0.34
0.64
0.54
0.42
0.24
0.28
0.48
0.28
0.48
0.46
0.56
0.74
0.76
0.56
0.48
0.68
0.76
0.74
0.54
0.5
0.58
0.64
0.5
0.86
0.9
0.7
0.6
0.42
0.36
0.52
0.24
0.16
0.02
0.18
0.02
0.62
0.84
0.54
0.1
0.26
0.04
0.1
0.12
0.04
0.12
0.46
0.46
0.32
0.22
0.26
0.28
0.14
0.3
0.54
0.74
0.62
0.58
0.48
0.06
0.1
0.08
0.28
0.06
0.14
0
0.32
0.38
0.2
0.28
0.12
0.26
0.36
0.14
0.04
0.56
0.52
0.32
0.42
0.26
0.08
0.28
0.02
0.2
0.4
0.62
0.76
0.48
0.68
0.64
0.52
0.68
0.82
0.82
0.74
0.78
0.6
0.68
0.24
0.1
0.06
0.46
0.22
0.22
0.06
0.14
0.28
0.06
0.14
0.26
0.28
0.4
0.04
0.36
0.4
0.18
0.14
0.4
0.62
0.74
0.7
0.72
0.8
0.82
0.72
0.56
0.78
0.78
0.62
0.52
0.52
0.5
0.64
0.54
0.28
0.24
0.42
0.56
0.6
0.48
0.54
0.08
0.16
0.02
0.38
0.34
0.14
0.18
0.2
