0.32
0.06
0
0.3
0.56
0.8
0.84
0.78
0.78
0.92
0.96
0.96
0.98
0.88
0.9
0.94
0.8
0.9
0.9
0.76
0.86
0.88
0.88
0.84
0.94
0.84
0.92
0.9
0.88
0.92
0.94
0.92
0.94
0.92
0.92
0.84
0.74
0.88
0.84
0.82
0.64
0.36
0.24
0.24
0.24
0.16
0.18
0.44
0.58
0.78
0.86
0.88
0.98
0.86
0.92
0.82
0.98
0.94
0.98
0.96
0.92
0.8
0.88
0.9
0.94
0.94
1
0.9
0.9
0.88
1
0.9
0.92
0.76
0.78
0.98
0.96
0.8
0.86
0.8
0.9
0.88
0.96
0.84
0.68
0.6
0.9
0.88
0.9
0.88
0.94
0.94
0.92
0.9
0.82
1
1
0.9
0.86
0.9
0.98
1
0.86
0.82
0.68
0.48
0.6
0.38
0.16
0.34
0.4
0.64
0.64
0.8
0.82
0.8
0.8
0.78
0.92
0.86
0.9
0.84
0.56
0.36
0.16
0.06
0.04
0.06
0.36
0.2
0.42
0.32
0.46
0.56
0.82
0.88
0.94
0.96
0.92
0.88
0.96
0.96
0.92
0.92
0.92
0.9
0.7
0.8
0.96
0.98
0.88
0.94
0.86
0.9
0.86
0.94
0.88
0.86
0.92
0.92
0.92
0.9
0.94
0.78
0.82
0.92
0.88
0.94
0.96
1
0.98
0.86
0.98
0.92
0.98
1
0.94
0.96
0.98
0.86
0.88
0.78
0.88
0.9
0.8
0.52
0.8
0.96
0.9
0.92
0.8
0.9
0.98
0.86
0.74
0.94
0.82
0.84
0.7
0.84
0.84
0.94
0.92
0.92
0.92
0.98
0.96
0.96
0.88
0.96
0.84
0.84
0.8
0.82
0.94
0.64
0.7
0.46
0.54
0.78
0.82
0.76
0.54
0.76
0.8
0.7
0.66
0.74
0.78
0.98
0.88
0.72
0.88
0.94
0.94
0.96
0.94
0.9
0.96
0.98
0.98
0.98
0.96
0.9
0.92
0.98
0.9
0.96
0.86
0.8
0.86
0.58
0.42
0.46
0.46
0.62
0.66
0.7
0.92
0.9
0.86
0.72
0.64
0.74
0.84
0.84
0.96
1
1
0.92
0.96
0.84
0.74
0.8
0.7
0.62
0.78
0.82
0.72
0.88
0.9
0.94
0.88
0.98
0.94
0.94
0.92
0.94
0.94
0.96
0.68
0.7
0.9
0.94
0.96
0.8
0.8
0.78
0.76
0.82
0.7
0.9
0.98
0.94
0.96
0.82
0.84
0.88
0.88
0.88
0.84
0.52
0.78
0.98
0.94
0.94
0.98
0.92
0.96
0.96
0.94
0.94
0.9
0.78
0.86
0.78
0.78
0.78
0.56
0.42
0.3
0.16
0.12
0.26
0.2
0.24
0.12
0.02
0.02
0.28
0.1
0.24
0.44
0.52
0.72
0.92
1
0.98
0.92
0.9
0.96
0.9
0.76
0.86
0.94
0.98
1
0.98
0.88
0.92
0.92
0.86
0.84
0.74
0.82
0.92
0.96
1
0.94
0.92
0.92
0.92
0.96
0.72
0.46
0.1
0.1
0.34
0.48
0.74
0.7
0.9
1
0.94
0.94
0.94
0.88
0.94
0.88
0.76
0.54
0.72
0.92
0.98
0.94
0.8
0.8
0.8
0.62
0.58
0.54
0.5
0.62
0.36
0.36
0.12
0.22
0.24
0.52
0.74
0.84
0.82
0.94
0.92
0.72
0.8
0.98
0.98
0.98
0.96
0.94
0.94
0.96
0.92
0.92
0.94
0.82
0.72
0.68
0.74
0.58
0.7
0.74
0.66
0.58
0.78
0.8
0.9
0.74
0.9
0.9
0.98
0.94
0.9
0.9
0.84
0.92
0.98
0.92
0.98
0.88
0.9
1
0.96
0.78
0.82
0.86
0.86
0.94
0.9
0.9
0.88
1
0.9
0.9
0.94
0.88
0.92
0.98
0.94
0.98
0.88
0.72
0.74
0.84
0.76
0.8
0.9
0.94
0.92
0.9
0.78
0.8
0.74
0.6
0.68
0.76
0.78
0.78
0.92
0.8
0.98
0.94
0.96
0.98
0.92
0.88
0.98
0.94
0.96
0.94
0.92
0.94
0.92
0.92
0.96
1
0.94
0.88
0.66
0.52
0.44
0.3
0.3
0.84
0.88
0.84
0.74
0.92
0.92
0.92
0.84
0.74
0.88
0.96
1
1
0.88
1
0.98
0.92
0.96
0.88
0.86
0.8
0.88
0.92
0.78
0.8
0.98
0.94
0.88
0.82
0.86
0.84
0.96
1
0.92
0.86
0.96
0.96
0.82
0.88
0.92
0.92
0.74
0.96
0.88
0.9
0.84
0.74
0.74
0.92
0.94
0.9
0.94
0.94
0.92
0.98
0.86
0.88
0.9
0.96
0.94
0.92
0.88
0.96
0.98
0.94
0.94
0.96
0.96
0.98
0.96
0.98
0.98
0.86
0.9
1
0.98
0.96
0.88
0.62
0.54
0.84
0.9
0.94
0.92
0.94
0.84
0.84
0.84
0.74
0.9
0.92
0.94
0.8
0.52
0.62
0.7
0.74
0.7
0.76
0.82
0.9
0.94
0.94
0.98
0.96
0.92
0.96
1
0.98
0.86
0.8
0.88
0.72
0.66
0.74
0.86
0.7
0.66
0.76
0.82
0.76
0.86
0.94
0.84
0.78
0.86
0.8
0.78
0.92
0.86
0.82
0.88
0.96
1
0.98
0.96
0.9
0.94
0.92
0.96
0.86
0.84
0.86
0.9
0.88
0.96
0.98
0.94
0.92
0.94
0.96
0.94
0.72
0.98
0.96
0.9
0.9
0.96
0.88
0.88
0.94
1
0.88
0.92
0.96
0.86
0.94
0.94
0.9
0.9
0.78
0.88
0.84
0.94
0.76
0.92
0.94
0.8
0.78
0.9
0.9
0.92
0.92
0.86
0.96
0.94
0.92
0.94
0.74
0.76
0.74
0.88
0.9
0.92
0.96
0.94
0.96
0.96
0.86
0.84
0.9
0.82
0.84
0.9
0.8
0.96
0.92
0.96
0.98
0.86
0.84
0.78
0.76
0.84
0.68
0.84
0.9
0.88
0.92
0.84
0.8
0.8
0.94
0.88
0.92
0.94
0.86
0.92
0.9
0.88
0.78
0.82
0.9
0.92
0.88
0.92
0.76
0.9
0.9
0.94
0.94
0.82
0.92
0.84
0.94
0.92
0.74
0.88
0.9
0.98
0.94
1
0.92
0.98
0.98
0.9
0.98
0.94
0.94
0.98
0.94
0.98
0.92
0.92
0.92
0.82
0.86
0.82
0.88
0.94
0.9
0.9
0.78
0.74
0.92
0.96
0.92
0.94
0.92
0.98
0.94
0.92
0.94
0.96
0.96
0.88
0.92
0.9
0.9
0.96
0.8
0.8
0.8
0.84
0.84
0.68
0.92
0.72
0.5
0.84
1
0.88
0.84
0.94
0.84
0.94
0.92
0.9
1
0.9
0.9
0.98
0.88
0.92
0.78
0.88
0.9
0.88
0.98
0.96
0.94
0.92
0.9
0.94
0.66
0.86
0.9
0.84
0.98
0.92
0.88
0.72
0.84
0.86
0.92
0.9
0.74
0.76
0.94
1
0.94
0.94
0.94
0.94
0.96
0.92
0.96
0.96
0.92
0.96
0.92
0.88
0.84
0.9
0.84
0.72
0.94
0.94
0.96
0.92
1
0.8
0.74
0.68
0.72
0.58
0.62
0.7
0.8
0.78
0.7
0.72
0.76
0.68
0.32
0.44
0.3
0.18
0.1
0.3
0.58
0.56
0.78
0.74
0.8
0.68
0.82
0.94
0.94
0.9
0.94
0.88
0.94
0.94
0.92
0.94
0.9
0.94
0.9
0.88
0.96
0.92
0.76
0.82
0.84
0.86
0.82
1
0.86
0.84
0.96
0.96
0.94
0.96
0.92
0.9
0.58
0.1
0.04
0.02
0.02
0.2
0.36
0.22
0.48
0.74
0.48
0.42
0.42
0.46
0.36
0.48
0.62
0.74
0.9
0.96
0.94
0.86
0.88
0.88
0.92
0.84
0.94
0.98
0.94
0.96
0.88
0.74
0.82
0.92
0.88
0.82
1
1
0.92
0.86
0.96
0.98
1
0.9
0.88
0.9
0.9
0.92
0.88
0.88
0.9
0.9
0.84
0.96
0.98
0.98
0.92
0.98
1
0.86
0.96
0.88
0.9
0.86
0.6
0.54
0.52
0.7
0.78
0.72
0.86
