0.5
0.42
0.48
0.48
0.46
0.5
0.44
0.44
0.6
0.6
0.48
0.46
0.54
0.56
0.5
0.24
0.34
0.34
0.42
0.42
0.5
0.52
0.4
0.44
0.3
0.32
0.36
0.42
0.54
0.64
0.7
0.68
0.58
0.66
0.54
0.62
0.42
0.52
0.5
0.66
0.6
0.5
0.46
0.52
0.54
0.62
0.58
0.72
0.62
0.52
0.54
0.68
0.62
0.52
0.56
0.52
0.52
0.5
0.46
0.46
0.42
0.44
0.44
0.24
0.28
0.38
0.52
0.4
0.3
0.4
0.46
0.38
0.54
0.48
0.46
0.52
0.46
0.52
0.44
0.48
0.46
0.42
0.52
0.22
0.32
0.38
0.48
0.44
0.46
0.48
0.46
0.36
0.5
0.46
0.26
0.14
0.22
0.1
0.2
0.14
0.24
0.36
0.3
0.28
0.44
0.4
0.36
0.46
0.6
0.3
0.3
0.3
0.4
0.38
0.46
0.42
0.52
0.36
0.2
0.26
0.2
0.02
0.48
0.5
0.5
0.6
0.56
0.48
0.42
0.44
0.5
0.34
0.38
0.24
0.44
0.5
0.48
0.6
0.66
0.66
0.62
0.54
0.58
0.56
0.6
0.68
0.72
0.66
0.52
0.5
0.48
0.46
0.36
0.08
0.14
0.18
0.44
0.6
0.68
0.64
0.64
0.56
0.54
0.5
0.42
0.2
0.18
0.26
0.4
0.36
0.3
0.18
0.24
0.46
0.54
0.48
0.58
0.62
0.54
0.72
0.68
0.74
0.72
0.62
0.56
0.7
0.68
0.68
0.68
0.74
0.7
0.68
0.7
0.72
0.6
0.52
0.46
0.5
0.44
0.34
0.5
0.48
0.52
0.34
0.26
0.12
0.18
0.24
0.58
0.52
0.38
0.3
0.4
0.46
0.58
0.62
0.6
0.54
0.5
0.52
0.36
0.4
0.38
0.44
0.48
0.34
0.46
0.54
0.52
0.48
0.4
0.42
0.28
0.26
0.28
0.36
0.22
0.02
0.14
0.08
0.28
0.22
0.24
0.34
0.26
0.22
0.26
0.32
0.48
0.64
0.64
0.58
0.38
0.28
0.2
0.22
0.22
0.32
0.26
0.38
0.38
0.4
0.38
0.38
0.4
0.48
0.44
0.38
0.34
0.22
0.26
0.22
0.26
0.2
0.06
0
0.08
0.02
0.2
0.24
0.32
0.3
0.32
0.36
0.22
0.26
0.28
0.32
0.38
0.24
0.2
0.18
0.18
0.14
0.1
0.08
0.12
0.06
0.06
0.22
0.42
0.42
0.42
0.52
0.5
0.46
0.56
0.58
0.62
0.52
0.5
0.4
0.4
0.4
0.38
0.38
0.36
0.26
0.26
0.18
0.24
0.24
0.22
0.24
0.24
0.36
0.34
0.38
0.4
0.4
0.5
0.54
0.46
0.44
0.36
0.24
0.18
0.14
0.1
0.26
0.22
0.36
0.4
0.38
0.44
0.44
0.32
0.26
0.28
0.22
0.1
0.06
0.06
0.1
0.12
0.12
0.2
0.22
0.36
0.32
0.36
0.4
0.36
0.38
0.4
0.42
0.32
0.24
0.18
0.14
0.08
0.04
0.06
0.12
0.08
0.3
0.24
0.28
0.46
0.52
0.46
0.32
0.38
0.42
0.42
0.34
0.54
0.5
0.5
0.42
0.16
0.14
0.08
0.18
0.06
0.14
0.26
0.38
0.36
0.52
0.34
0.44
0.22
0.06
0.18
0.34
0.38
0.46
0.5
0.54
0.56
0.44
0.48
0.48
0.6
0.64
0.58
0.66
0.58
0.66
0.6
0.62
0.64
0.64
0.66
0.64
0.54
0.46
0.52
0.48
0.38
0.3
0.18
0.06
0.06
0.08
0.18
0.22
0.12
0.26
0.2
0.26
0.12
0.22
0.1
0.12
0.28
0.34
0.38
0.3
0.4
0.32
0.34
0.38
0.36
0.34
0.46
0.42
0.28
0.46
0.34
0.34
0.5
0.34
0.3
0.28
0.24
0.42
0.54
0.46
0.54
0.58
0.5
0.38
0.62
0.48
0.52
0.58
0.64
0.68
0.72
0.64
0.72
0.74
0.62
0.64
0.62
0.56
0.58
0.46
0.44
0.42
0.48
0.42
0.32
0.52
0.58
0.56
0.48
0.4
0.26
0.36
0.62
0.58
0.54
0.56
0.42
0.36
0.38
0.4
0.46
0.4
0.42
0.3
0.34
0.46
0.56
0.56
0.62
0.54
0.44
0.42
0.28
0.18
0.4
0.44
0.22
0.3
0.42
0.4
0.44
0.5
0.36
0.38
0.44
0.48
0.5
0.36
0.34
0.52
0.58
0.56
0.44
0.4
0.32
0.36
0.4
0.36
0.3
0.34
0.22
0.24
0.32
0.42
0.54
0.52
0.62
0.7
0.54
0.62
0.62
0.7
0.7
0.64
0.56
0.58
0.5
0.46
0.36
0.5
0.42
0.26
0.3
0.3
0.3
0.24
0.22
0.08
0.12
0.24
0.24
0.24
0.28
0.28
0.18
0.18
0.16
0.32
0.42
0.42
0.5
0.48
0.4
0.4
0.34
0.56
0.46
0.54
0.66
0.72
0.72
0.78
0.8
0.68
0.5
0.56
0.6
0.54
0.46
0.52
0.32
0.34
0.52
0.5
0.5
0.7
0.66
0.62
0.52
0.62
0.62
0.62
0.54
0.58
0.56
0.64
0.48
0.66
0.5
0.5
0.46
0.5
0.54
0.4
0.3
0.36
0.36
0.5
0.34
0.46
0.56
0.64
0.64
0.64
0.46
0.22
0.34
0.54
0.44
0.54
0.54
0.52
0.52
0.48
0.4
0.48
0.24
0.4
0.38
0.26
0.34
0.32
0.42
0.4
0.36
0.24
0.28
0.32
0.44
0.42
0.4
0.4
0.38
0.4
0.52
0.56
0.54
0.6
0.56
0.58
0.56
0.64
0.6
0.58
0.6
0.58
0.48
0.64
0.62
0.64
0.62
0.6
0.62
0.6
0.68
0.62
0.74
0.76
0.7
0.6
0.7
0.68
0.66
0.68
0.6
0.52
0.68
0.7
0.72
0.76
0.74
0.72
0.66
0.7
0.66
0.58
0.6
0.46
0.44
0.36
0.52
0.38
0.32
0.26
0.3
0.28
0.26
0.3
0.4
0.48
0.54
0.44
0.52
0.68
0.68
0.6
0.62
0.64
0.66
0.64
0.62
0.52
0.52
0.56
0.64
0.64
0.5
0.36
0.54
0.48
0.58
0.64
0.68
0.68
0.62
0.64
0.78
0.74
0.72
0.66
0.72
0.66
0.66
0.74
0.62
0.5
0.48
0.66
0.62
0.62
0.56
0.58
0.7
0.72
0.68
0.76
0.72
0.76
0.76
0.74
0.66
0.66
0.64
0.54
0.62
0.6
0.64
0.72
0.76
0.7
0.64
0.56
0.56
0.56
0.58
0.56
0.56
0.48
0.48
0.42
0.52
0.6
0.52
0.6
0.52
0.52
0.68
0.64
0.58
0.64
0.74
0.68
0.64
0.58
0.56
0.66
0.76
0.74
0.7
0.62
0.66
0.54
0.54
0.4
0.32
0.24
0.28
0.44
0.52
0.58
0.52
0.48
0.36
0.32
0.24
0.32
0.36
0.46
0.5
0.52
0.38
0.48
0.5
0.66
0.68
0.54
0.62
0.66
0.7
0.66
0.7
0.72
0.72
0.72
0.64
0.62
0.7
0.66
0.72
0.68
0.72
0.68
0.64
0.66
0.58
0.5
0.56
0.62
0.64
0.64
0.56
0.52
0.52
0.52
0.56
0.58
0.66
0.52
0.68
0.72
0.66
0.64
0.56
0.52
0.54
0.42
0.3
0.26
0.12
0.14
0.32
0.32
0.34
0.38
0.4
0.42
0.48
0.44
0.5
0.42
0.42
0.48
0.24
0.22
0.26
0.34
0.26
0.3
0.34
0.4
0.58
0.46
0.66
0.66
0.6
0.74
0.62
0.52
0.48
0.58
0.68
0.66
0.66
0.66
0.54
0.54
0.46
0.4
0.44
0.48
0.62
0.52
0.62
0.62
0.66
0.72
0.72
0.66
0.66
0.62
0.64
0.64
0.66
0.66
0.66
0.76
0.72
0.76
0.78
0.76
0.6
0.52
0.6
0.48
0.56
0.52
0.3
0.24
0.2
0.14
0.28
0.48
0.54
0.64
0.64
0.58
0.54
0.5
0.52
0.42
0.44
0.34
0.34
0.38
0.2
0.18
0.12
0.08
0.1
0.12
0.16
0.14
0.2
0.22
0.26
0.16
0.18
0.12
0.2
0.16
0.06
0.1
0.38
0.24
0.16
0.16
0.16
0.12
0.32
0.22
0.02
