0.22
0.4
0.74
0.92
0.94
0.94
0.96
0.92
0.94
0.94
1
0.98
0.98
0.92
0.92
0.86
0.88
0.84
0.88
0.9
0.88
0.98
0.9
0.98
0.94
0.92
0.96
0.88
1
0.98
0.9
0.96
0.96
0.9
0.94
0.96
0.96
1
0.94
0.88
0.94
0.94
0.92
0.88
0.94
0.9
0.82
0.82
0.92
0.94
0.96
0.98
0.96
0.96
0.88
0.86
0.98
0.94
0.84
0.92
0.98
0.98
1
0.92
0.9
0.92
0.78
0.82
0.88
0.86
0.94
0.9
0.94
0.88
0.76
0.78
0.98
0.98
0.92
0.94
1
0.98
0.94
0.96
0.92
0.9
0.84
0.9
0.8
0.92
0.96
0.98
1
0.96
0.98
1
0.96
0.98
0.94
0.86
0.86
0.76
0.84
0.98
0.98
0.92
0.78
0.72
0.82
0.94
0.94
0.92
0.98
1
1
1
0.94
1
0.96
0.96
0.96
0.96
0.92
0.92
0.9
0.92
0.98
0.92
0.96
0.86
0.96
1
0.94
1
0.92
0.98
0.96
0.9
0.92
0.96
0.94
0.86
0.98
0.94
0.92
0.92
0.98
0.98
0.94
0.98
0.92
0.96
0.98
0.98
0.96
0.98
0.96
0.98
0.94
0.98
0.98
0.92
0.82
0.72
0.88
0.94
1
0.98
0.92
0.98
0.86
0.82
0.88
0.94
0.94
1
0.96
0.9
0.94
0.94
0.96
0.96
0.94
0.98
0.98
1
0.96
1
0.9
0.9
1
0.96
0.88
0.88
0.76
0.88
0.88
0.88
0.96
0.94
1
1
0.98
0.88
1
0.96
0.96
0.98
1
0.92
0.9
0.88
0.92
0.94
0.86
0.84
0.8
0.66
0.76
0.92
0.92
0.98
1
0.94
0.8
0.82
0.88
0.94
0.98
1
0.94
0.86
0.96
0.98
0.98
0.94
0.78
0.66
0.6
0.76
0.8
0.68
0.48
0.66
0.8
0.74
0.3
0.24
0.32
0.14
0.24
0.56
0.54
0.84
0.98
0.94
0.94
0.9
0.86
0.94
0.94
0.92
0.92
0.88
0.92
0.98
0.94
0.98
0.9
0.88
0.88
0.98
1
1
0.98
0.98
0.96
0.86
0.94
0.92
0.92
0.98
1
0.98
1
0.98
0.98
0.9
0.98
0.9
0.94
0.98
1
0.96
1
0.88
0.8
0.88
0.98
0.86
0.94
0.86
0.7
0.62
0.52
0.62
0.6
0.82
0.74
0.8
0.9
0.82
0.88
0.82
0.86
0.84
0.92
0.9
0.98
0.88
0.88
0.8
0.94
0.88
0.86
0.92
0.96
0.96
0.86
0.92
0.98
0.96
0.96
0.92
0.98
0.92
0.84
0.94
0.94
0.92
0.98
0.98
1
0.98
0.94
0.96
0.96
0.94
0.98
0.96
0.88
0.98
0.98
0.96
0.9
0.94
0.96
0.9
0.96
0.88
0.92
0.92
0.94
0.98
0.94
0.96
0.98
0.94
0.88
0.9
0.78
0.92
0.94
0.96
0.96
0.98
0.96
0.92
0.96
0.94
0.96
0.94
0.94
1
0.96
0.92
0.98
0.94
0.9
0.9
0.98
1
0.98
0.98
0.96
0.88
0.94
1
0.9
0.96
0.88
0.88
1
0.88
0.92
0.92
0.94
0.96
1
1
1
0.98
0.88
0.9
0.94
0.92
0.96
0.96
0.96
0.92
0.9
0.86
0.88
0.86
0.9
0.92
0.94
0.86
0.9
0.98
0.98
0.96
0.94
0.92
0.9
0.96
0.9
0.92
0.82
0.66
0.78
0.9
0.94
0.96
0.98
0.9
0.94
0.94
0.98
0.96
0.94
0.96
1
0.98
0.92
0.96
0.92
0.98
0.94
0.96
0.9
0.84
0.98
0.92
0.9
0.92
0.9
0.98
0.9
0.96
0.94
0.96
0.96
0.96
0.98
0.94
0.96
0.92
0.96
0.92
0.96
0.98
0.92
0.82
0.98
0.98
1
0.94
0.94
1
0.96
0.98
1
1
0.9
0.9
0.82
0.88
0.94
0.96
1
0.96
0.98
0.98
0.82
0.98
1
1
0.92
0.94
0.98
0.9
0.98
0.92
0.96
0.96
0.96
0.96
0.98
1
0.96
0.94
1
0.96
1
0.94
0.96
0.88
0.94
1
0.98
0.98
0.9
0.84
0.82
0.78
0.72
0.72
0.82
0.88
1
0.92
1
0.96
0.92
1
0.96
0.88
0.98
0.92
1
1
0.94
0.98
0.98
1
0.98
0.9
0.94
0.84
0.94
0.88
0.92
0.96
0.88
0.94
0.92
0.96
0.96
0.9
0.82
0.98
0.98
0.82
0.9
0.98
1
0.94
0.9
0.98
1
0.96
1
0.96
0.98
0.92
0.92
0.86
0.86
0.92
0.96
0.92
1
0.88
0.98
0.94
0.98
0.9
0.84
0.84
0.92
0.88
0.92
0.92
0.94
0.94
0.96
0.88
0.98
1
1
0.94
0.96
0.84
0.86
0.94
0.98
0.96
0.86
0.94
0.98
1
1
0.96
1
0.98
0.88
0.96
0.98
0.9
0.96
0.96
0.94
0.94
0.92
1
0.98
0.94
0.94
0.96
0.9
0.9
0.9
1
0.96
0.92
0.98
0.98
0.98
0.98
0.9
0.86
0.92
0.98
1
0.98
0.96
0.92
0.9
0.94
0.86
0.92
0.96
0.94
0.98
0.96
1
0.96
1
1
0.84
0.88
0.92
0.9
0.88
0.94
0.96
0.96
0.98
0.96
0.96
0.92
0.96
0.98
0.94
0.94
0.94
0.98
0.98
0.98
0.96
0.92
0.88
0.9
0.94
0.94
0.92
1
0.98
0.82
0.82
0.88
0.92
0.94
1
1
0.92
0.9
0.88
0.96
1
0.96
0.86
0.92
0.96
0.96
0.92
0.94
0.94
0.92
0.96
1
0.96
0.9
0.88
0.94
0.92
0.94
1
0.96
0.98
0.98
0.96
0.98
0.96
0.98
0.94
1
0.9
0.92
0.78
0.94
1
1
0.98
0.94
0.98
0.98
0.9
0.98
0.88
0.92
0.88
0.96
0.98
0.9
0.94
0.94
0.96
0.94
0.84
0.86
0.88
0.94
0.94
0.9
0.96
0.96
0.92
0.82
0.96
1
0.96
0.84
0.9
1
1
1
1
0.9
0.92
0.92
0.94
0.88
0.84
0.74
0.8
0.88
0.94
0.92
0.68
0.92
0.98
0.88
0.88
0.9
0.94
0.96
0.96
1
0.96
1
0.92
0.98
1
0.9
0.94
0.9
0.92
0.82
0.78
0.94
0.96
1
0.88
0.94
0.98
0.98
1
0.92
0.92
0.96
0.98
0.94
0.92
1
0.88
0.68
0.7
0.9
0.94
0.86
0.92
1
1
0.98
0.98
0.94
0.86
0.94
0.98
1
0.94
0.92
0.94
0.88
0.84
0.86
0.84
0.96
0.92
0.96
0.96
1
1
0.92
0.96
0.88
0.84
0.96
1
0.98
0.94
0.9
0.9
0.94
0.98
0.98
0.88
0.88
0.86
0.88
0.96
0.96
0.92
0.92
0.98
0.96
0.94
0.82
0.82
0.98
1
0.94
0.96
0.9
0.96
0.98
0.94
0.94
0.76
0.94
0.92
0.98
0.9
0.94
0.98
0.86
0.94
0.98
1
0.94
0.98
1
1
1
0.98
0.88
0.82
0.98
0.98
0.96
0.94
0.96
0.96
0.9
0.86
0.9
0.88
0.88
0.88
0.94
0.88
0.86
0.9
0.98
0.94
0.78
0.9
0.98
0.98
0.92
0.94
1
0.94
0.78
0.96
0.84
0.78
0.8
0.9
0.96
0.94
0.88
0.76
0.88
0.96
0.94
0.92
0.86
0.94
0.92
1
0.98
0.96
1
0.98
0.92
0.96
0.96
0.94
0.96
0.92
0.82
0.92
0.98
0.94
0.96
0.94
0.9
0.92
0.86
0.92
0.96
0.94
0.94
0.88
0.88
0.96
0.96
0.9
0.88
0.88
0.92
0.86
0.8
0.8
0.94
0.94
0.9
0.96
0.92
0.88
0.94
0.88
0.94
0.7
0.74
0.68
0.82
0.96
