0.26
0.48
0.34
0.52
0.78
0.92
0.94
1
0.92
0.8
0.98
0.96
0.9
0.92
0.88
0.86
0.8
0.76
0.86
0.9
0.88
0.72
0.98
0.96
0.84
0.88
0.92
0.9
0.98
0.96
0.96
0.98
0.86
0.96
0.9
0.88
0.86
0.74
0.86
0.88
0.88
0.86
0.88
0.88
1
0.98
0.96
0.88
0.94
0.84
0.96
0.96
1
0.98
0.92
0.9
0.82
0.74
0.7
0.78
0.88
0.92
0.98
0.88
0.84
0.92
0.96
0.94
0.94
0.96
0.88
0.94
1
0.9
0.92
0.98
0.88
0.82
0.68
0.6
0.5
0.58
0.78
0.9
0.92
0.96
0.92
0.96
0.86
0.86
0.98
0.88
0.96
0.94
0.88
0.96
0.96
0.98
0.96
0.88
0.98
0.86
0.86
0.72
0.88
0.9
0.98
0.96
1
0.94
0.94
0.98
0.98
0.96
0.96
0.96
0.94
0.94
0.96
0.88
0.78
0.92
0.96
0.96
0.92
0.96
0.9
0.78
0.82
0.8
0.48
0.66
0.56
0.84
0.88
0.94
0.92
0.96
0.96
0.86
1
1
0.9
0.92
0.76
0.94
0.94
0.94
0.96
0.9
0.82
0.96
0.9
0.9
0.94
0.9
0.86
0.92
0.92
0.92
0.86
0.86
1
0.98
0.9
0.92
0.9
0.92
0.96
0.92
0.92
0.94
0.88
0.82
0.8
0.56
0.16
0.26
0.24
0.18
0.56
0.76
0.96
0.86
0.92
0.98
0.96
0.96
0.94
0.86
0.88
0.94
0.96
0.88
0.92
0.92
0.86
0.94
0.96
0.92
0.96
0.94
0.94
0.96
0.96
0.94
0.84
0.84
0.96
0.96
0.96
0.94
0.92
0.84
0.9
0.9
0.92
0.84
0.88
0.9
0.86
0.84
0.78
0.84
0.88
0.84
0.84
0.66
0.56
0.8
0.94
0.96
0.86
0.94
0.94
0.9
0.98
0.98
0.94
0.78
0.74
0.64
0.68
0.7
0.78
0.8
0.6
0.44
0.78
0.92
0.98
0.82
0.74
0.74
0.86
0.84
0.88
0.8
0.9
0.92
0.74
0.72
0.66
0.54
0.74
0.88
1
0.94
0.9
0.92
0.9
0.76
0.9
0.9
0.84
0.94
0.78
0.82
0.94
0.88
0.88
0.9
0.98
0.98
0.9
0.94
0.86
0.82
0.78
0.84
0.82
0.78
0.58
0.5
0.68
0.92
0.72
0.8
0.82
0.84
0.7
0.76
0.86
0.92
0.98
0.94
0.9
0.96
0.98
0.98
0.96
1
0.92
0.98
0.98
0.92
0.82
0.98
0.9
0.76
0.94
1
0.94
1
0.88
0.9
0.98
0.98
0.9
0.78
0.74
0.86
0.84
0.88
0.8
0.76
0.82
0.88
0.86
0.7
0.72
0.94
0.9
0.94
0.96
0.82
0.94
0.96
0.98
0.98
0.92
0.88
0.86
0.82
0.78
0.98
0.92
0.98
0.88
0.88
0.92
0.94
0.92
0.98
0.96
0.98
0.96
0.9
0.8
0.88
0.96
0.92
0.8
0.66
0.58
0.52
0.6
0.76
0.78
0.92
0.96
0.94
0.84
0.84
0.82
0.84
0.92
0.96
0.94
0.98
0.96
1
0.88
0.72
0.8
0.8
0.84
0.86
0.88
0.96
0.92
0.96
0.98
0.96
1
0.88
0.94
0.9
0.94
0.9
0.82
0.92
0.9
0.86
0.9
0.9
0.86
0.94
0.9
0.88
0.98
0.86
0.86
0.9
0.72
0.74
0.96
0.94
0.96
0.88
0.98
0.96
0.94
0.94
0.9
0.84
0.86
0.76
0.86
0.6
0.72
0.64
0.46
0.64
0.64
0.58
0.92
0.96
0.76
0.84
0.84
0.86
0.92
0.9
0.94
0.98
0.82
0.84
0.7
0.42
0.2
0.12
0.08
0.24
0.44
0.54
0.86
0.9
0.88
0.98
0.96
0.84
0.98
0.98
0.96
0.78
0.86
0.94
0.74
0.98
1
0.92
0.9
0.88
0.84
0.68
0.86
0.92
0.96
1
0.86
0.86
0.9
0.94
0.76
0.8
0.94
0.94
0.82
0.96
0.92
0.96
0.92
0.9
0.98
0.92
0.94
0.94
0.94
0.92
0.88
0.92
0.96
0.96
0.94
1
0.94
1
0.96
0.8
0.82
0.86
0.9
0.94
0.88
0.92
0.94
0.98
0.94
0.9
1
0.92
1
0.96
0.92
0.94
0.94
0.9
0.94
0.92
0.94
0.96
0.86
0.86
0.84
0.94
1
0.9
0.9
1
0.96
0.98
0.86
0.86
0.78
0.94
0.86
1
0.98
0.94
0.88
0.94
0.88
0.88
0.92
0.94
0.92
0.76
0.88
0.98
1
0.96
0.94
0.98
0.98
1
0.86
0.9
0.96
0.94
0.94
0.98
0.88
0.84
0.86
0.86
0.82
0.88
0.94
0.9
0.72
0.7
0.76
0.9
0.94
0.98
1
0.92
0.76
0.96
0.94
0.96
0.96
0.86
0.84
0.78
0.84
0.94
0.94
0.94
0.84
0.9
0.9
0.94
0.88
0.88
0.94
0.96
0.94
1
0.8
0.84
0.9
0.84
0.88
0.78
0.9
0.96
0.94
0.98
0.94
0.94
0.98
0.92
0.96
0.96
0.98
0.98
0.98
1
0.94
0.98
1
1
0.94
0.98
0.98
1
0.94
0.9
0.86
0.86
0.84
0.78
0.98
0.96
0.94
0.94
0.92
0.86
0.76
0.76
0.6
0.52
0.66
0.46
0.58
0.54
0.76
0.74
0.72
0.74
0.64
0.92
0.8
0.66
0.88
0.9
0.98
0.84
0.76
0.84
0.82
0.64
0.62
0.64
0.58
0.62
0.46
0.62
0.66
0.7
0.76
0.66
0.74
0.88
0.84
1
0.9
0.96
0.86
0.82
0.86
0.92
0.88
0.92
0.9
0.86
0.98
0.86
0.98
0.98
0.94
0.86
0.96
0.88
0.88
0.94
0.98
0.98
0.94
0.92
0.98
0.98
0.94
0.88
0.94
0.92
0.94
0.96
0.86
0.92
0.9
0.98
0.96
0.94
0.98
0.86
0.82
0.84
0.82
0.66
0.38
0.22
0.18
0.42
0.42
0.62
0.78
0.7
0.84
0.94
1
0.94
0.98
0.98
0.96
0.72
0.84
0.84
0.94
0.9
0.94
0.92
0.88
0.98
0.92
0.94
0.92
0.92
0.9
0.74
0.78
0.78
0.98
0.96
0.98
0.94
0.96
0.98
0.94
0.96
0.92
0.9
0.96
0.92
0.92
0.94
0.98
0.88
0.86
0.78
0.78
0.92
0.9
0.88
0.9
0.94
0.96
0.98
0.96
0.94
0.88
0.92
0.98
1
1
1
0.98
0.9
1
0.9
0.98
0.92
0.96
0.98
0.9
0.92
0.96
0.98
0.98
0.92
0.88
0.96
0.92
0.98
0.72
0.66
0.74
0.9
0.9
0.98
0.84
0.9
0.96
0.94
0.86
0.98
0.86
0.8
0.82
0.78
0.68
0.84
0.84
0.96
0.98
0.9
0.98
0.96
0.98
0.94
0.86
0.82
0.96
0.74
0.8
0.9
0.92
0.96
0.92
0.98
0.96
0.98
0.94
0.8
0.72
0.78
0.74
0.84
0.84
0.96
0.94
0.92
0.86
0.92
0.94
0.82
0.84
0.98
0.98
1
0.9
0.92
0.88
1
1
0.96
0.98
0.96
0.92
0.88
0.92
0.86
0.98
0.94
0.92
0.7
0.64
0.94
0.94
0.96
0.88
0.94
0.84
0.8
0.5
0.68
0.78
0.9
0.94
0.9
0.86
0.9
0.88
0.9
0.92
0.94
0.88
0.88
0.92
0.86
0.94
0.98
0.92
0.9
0.92
0.86
0.9
0.96
0.94
0.98
0.96
0.94
1
0.86
0.8
0.96
0.94
0.82
0.8
0.74
0.74
0.92
0.88
0.98
0.98
1
0.98
0.94
0.88
0.96
0.92
0.96
0.98
0.96
0.94
0.82
0.82
0.92
0.96
0.8
0.94
0.96
0.96
0.8
0.82
0.96
0.98
0.96
0.94
0.96
0.96
0.9
0.9
0.94
0.92
0.94
0.8
0.96
0.98
0.96
0.86
0.8
0.86
0.92
0.88
0.98
0.98
0.86
0.88
0.92
0.92
0.9
0.92
0.84
0.96
0.96
0.98
1
0.84
