0.41
0.57
0.63
0.67
0.71
0.57
0.67
0.69
0.75
0.77
0.77
0.73
0.77
0.71
0.57
0.53
0.43
0.59
0.61
0.63
0.61
0.55
0.65
0.71
0.67
0.75
0.75
0.63
0.69
0.43
0.27
0.45
0.37
0.47
0.43
0.53
0.35
0.59
0.69
0.61
0.51
0.55
0.49
0.63
0.73
0.77
0.71
0.75
0.65
0.65
0.65
0.69
0.73
0.63
0.73
0.65
0.69
0.75
0.71
0.69
0.59
0.65
0.79
0.77
0.79
0.75
0.79
0.81
0.75
0.77
0.79
0.73
0.75
0.77
0.79
0.69
0.69
0.79
0.75
0.65
0.63
0.55
0.51
0.45
0.35
0.35
0.37
0.43
0.33
0.31
0.37
0.41
0.37
0.33
0.33
0.31
0.19
0.27
0.29
0.25
0.31
0.41
0.35
0.33
0.29
0.41
0.31
0.27
0.33
0.45
0.41
0.59
0.59
0.51
0.67
0.65
0.55
0.53
0.59
0.51
0.49
0.57
0.71
0.53
0.55
0.59
0.59
0.57
0.65
0.71
0.67
0.67
0.67
0.63
0.59
0.69
0.69
0.65
0.71
0.67
0.65
0.67
0.59
0.47
0.61
0.51
0.59
0.63
0.51
0.43
0.47
0.45
0.51
0.63
0.73
0.73
0.79
0.75
0.71
0.71
0.67
0.57
0.61
0.51
0.75
0.57
0.71
0.67
0.75
0.67
0.61
0.57
0.51
0.39
0.37
0.35
0.33
0.41
0.27
0.43
0.35
0.31
0.43
0.37
0.45
0.51
0.51
0.47
0.43
0.33
0.35
0.39
0.49
0.61
0.61
0.51
0.53
0.53
0.43
0.51
0.59
0.61
0.61
0.45
0.43
0.35
0.17
0.13
0.19
0.17
0.25
0.23
0.29
0.21
0.35
0.29
0.25
0.23
0.33
0.37
0.55
0.43
0.57
0.63
0.59
0.59
0.59
0.57
0.65
0.59
0.63
0.55
0.41
0.51
0.45
0.61
0.53
0.63
0.49
0.41
0.59
0.61
0.53
0.51
0.39
0.49
0.51
0.69
0.73
0.65
0.67
0.63
0.63
0.53
0.55
0.55
0.57
0.55
0.47
0.45
0.31
0.25
0.41
0.39
0.47
0.53
0.51
0.57
0.75
0.73
0.71
0.63
0.67
0.63
0.71
0.79
0.67
0.37
0.27
0.23
0.21
0.21
0.15
0.15
0.13
0.03
0.13
0.11
0.13
0.09
0.11
0.13
0.03
0.11
0.13
0.25
0.19
0.29
0.41
0.53
0.49
0.43
0.43
0.53
0.51
0.49
0.59
0.57
0.57
0.57
0.53
0.45
0.47
0.63
0.67
0.63
0.65
0.65
0.67
0.75
0.71
0.75
0.77
0.81
0.81
0.77
0.75
0.71
0.69
0.65
0.67
0.71
0.77
0.73
0.73
0.63
0.61
0.67
0.73
0.71
0.75
0.65
0.51
0.61
0.55
0.47
0.49
0.51
0.61
0.71
0.75
0.79
0.77
0.61
0.65
0.75
0.71
0.75
0.77
0.75
0.73
0.69
0.67
0.65
0.59
0.55
0.53
0.61
0.71
0.71
0.77
0.67
0.71
0.73
0.73
0.73
0.59
0.61
0.65
0.65
0.55
0.45
0.47
0.57
0.53
0.55
0.63
0.59
0.67
0.75
0.79
0.73
0.73
0.67
0.73
0.73
0.79
0.75
0.77
0.71
0.75
0.75
0.73
0.71
0.75
0.77
0.77
0.69
0.69
0.71
0.71
0.65
0.61
0.45
0.49
0.59
0.65
0.67
0.61
0.65
0.63
0.63
0.59
0.71
0.75
0.59
0.69
0.69
0.57
0.59
0.67
0.71
0.65
0.59
0.61
0.59
0.59
0.59
0.67
0.51
0.51
0.61
0.65
0.63
0.73
0.73
0.77
0.77
0.71
0.67
0.75
0.67
0.69
0.47
0.37
0.41
0.47
0.35
0.31
0.33
0.29
0.45
0.51
0.53
0.77
0.73
0.79
0.75
0.71
0.67
0.53
0.57
0.57
0.61
0.53
0.51
0.59
0.53
0.57
0.39
0.39
0.39
0.53
0.59
0.59
0.67
0.73
0.69
0.57
0.69
0.71
0.71
0.75
0.75
0.75
0.75
0.75
0.65
0.63
0.65
0.57
0.43
0.39
0.43
0.35
0.39
0.43
0.47
0.43
0.33
0.11
0.01
0.11
0.11
0.05
0.07
0.31
0.27
0.25
0.13
0.17
0.11
0.23
0.25
0.23
0.31
0.19
0.27
0.21
0.21
0.37
0.37
0.35
0.37
0.39
0.43
0.41
0.39
0.51
0.51
0.49
0.49
0.45
0.41
0.31
0.25
0.35
0.39
0.41
0.55
0.53
0.61
0.53
0.53
0.53
0.59
0.53
0.35
0.39
0.35
0.41
0.51
0.51
0.57
0.55
0.55
0.51
0.47
0.47
0.49
0.61
0.65
0.59
0.53
0.57
0.67
0.65
0.69
0.73
0.69
0.69
0.57
0.59
0.57
0.55
0.61
0.53
0.63
0.51
0.63
0.61
0.59
0.69
0.71
0.61
0.57
0.65
0.73
0.67
0.69
0.71
0.71
0.71
0.67
0.63
0.69
0.71
0.81
0.75
0.71
0.61
0.65
0.67
0.65
0.73
0.65
0.53
0.49
0.33
0.43
0.39
0.39
0.23
0.23
0.35
0.29
0.33
0.31
0.29
0.33
0.43
0.55
0.57
0.45
0.63
0.71
0.63
0.65
0.59
0.63
0.61
0.65
0.71
0.65
0.67
0.63
0.65
0.63
0.73
0.75
0.73
0.67
0.77
0.67
0.71
0.75
0.71
0.71
0.71
0.79
0.77
0.77
0.71
0.65
0.55
0.53
0.53
0.55
0.53
0.55
0.71
0.79
0.75
0.65
0.57
0.45
0.45
0.57
0.57
0.45
0.53
0.69
0.69
0.65
0.71
0.77
0.67
0.77
0.71
0.71
0.65
0.71
0.71
0.73
0.75
0.79
0.77
0.75
0.71
0.71
0.73
0.77
0.77
0.73
0.73
0.73
0.75
0.69
0.71
0.69
0.79
0.79
0.75
0.79
0.75
0.67
0.61
0.69
0.57
0.59
0.57
0.63
0.65
0.75
0.67
0.77
0.71
0.63
0.67
0.69
0.71
0.65
0.69
0.73
0.77
0.77
0.79
0.75
0.77
0.67
0.63
0.65
0.63
0.75
0.71
0.77
0.69
0.69
0.61
0.67
0.57
0.51
0.63
0.67
0.65
0.71
0.77
0.77
0.71
0.63
0.61
0.67
0.69
0.67
0.47
0.59
0.47
0.37
0.33
0.37
0.39
0.37
0.47
0.55
0.37
0.55
0.55
0.55
0.61
0.65
0.67
0.63
0.43
0.57
0.71
0.71
0.69
0.73
0.77
0.77
0.81
0.77
0.69
0.77
0.79
0.75
0.71
0.63
0.67
0.77
0.75
0.79
0.81
0.77
0.77
0.77
0.73
0.61
0.51
0.67
0.73
0.79
0.81
0.71
0.75
0.69
0.69
0.71
0.73
0.71
0.77
0.67
0.67
0.67
0.75
0.73
0.71
0.71
0.65
0.75
0.71
0.73
0.77
0.73
0.51
0.57
0.65
0.75
0.75
0.77
0.67
0.59
0.57
0.51
0.45
0.59
0.61
0.59
0.43
0.49
0.51
0.59
0.63
0.69
0.71
0.59
0.75
0.67
0.67
0.73
0.73
0.65
0.61
0.77
0.79
0.81
0.79
0.73
0.61
0.71
0.71
0.59
0.75
0.81
0.79
0.77
0.73
0.73
0.47
0.53
0.33
0.35
0.31
0.33
0.39
0.37
0.41
0.53
0.43
0.43
0.43
0.33
0.25
0.25
0.27
0.11
0.23
0.35
0.31
0.25
0.33
0.55
0.57
0.63
0.67
0.67
0.61
0.63
0.65
0.65
0.75
0.75
0.77
0.67
0.79
0.69
0.45
0.49
0.55
0.51
0.67
0.69
0.73
0.67
0.65
0.63
0.59
0.65
0.75
0.77
0.73
0.77
0.73
0.75
0.73
0.71
0.65
0.71
0.79
0.75
0.75
0.65
0.73
0.81
0.75
0.79
0.77
0.71
0.69
0.63
0.67
0.63
0.59
0.73
0.65
0.71
0.55
0.63
0.71
0.67
0.69
0.75
0.79
0.73
0.75
0.65
0.59
0.59
0.49
0.51
0.55
0.65
0.75
0.63
0.61
0.57
0.51
0.47
0.43
0.45
0.37
0.43
0.39
0.47
0.47
0.41
0.45
0.35
0.29
0.15
0.31
0.35
0.37
0.33
0.31
0.25
0.23
0.29
0.23
0.25
0.31
