0.24
0.42
0.56
0.28
0.44
0.24
0.18
0.22
0.16
0.16
0.4
0.24
0.4
0.08
0.1
0.52
0.66
0.68
0.56
0.66
0.76
0.78
0.56
0.34
0.54
0.78
0.06
0.22
0.26
0.16
0.16
0.2
0.24
0.34
0.36
0.24
0.26
0.12
0.2
0.14
0.18
0.06
0
0.14
0.44
0.5
0.12
0.06
0.3
0.44
0.52
0.76
0.54
0.34
0.44
0.04
0.02
0.2
0.02
0.1
0.04
0.16
0.18
0.58
0.32
0.3
0.44
0.18
0.54
0.54
0.26
0.26
0
0
0.04
0.12
0.12
0.02
0
0.18
0.82
0.6
0.14
0.44
0.48
0.4
0.4
0.36
0.5
0.28
0.16
0.46
0.34
0.14
0.34
0.5
0.7
0.46
0.7
0.56
0.36
0.2
0.08
0.02
0.16
0.02
0.06
0.06
0.28
0.48
0.16
0.32
0.38
0.48
0.54
0.56
0.6
0.22
0.08
0.18
0.12
0.02
0.16
0.1
0.18
0.22
0.02
0
0.18
0.08
0.08
0.44
0.24
0.18
0.12
0.14
0.32
0.44
0.64
0.66
0.42
0.46
0.04
0.04
0.02
0.06
0.02
0.42
0.52
0.72
0.68
0.18
0.1
0.36
0.1
0.18
0.32
0.42
0.48
0.6
0.5
0.78
0.86
0.7
0.7
0.62
0.44
0.32
0.12
0.18
0.3
0.54
0.62
0.44
0.44
0.46
0.28
0.52
0.48
0.2
0.22
0.38
0.36
0.08
0.14
0.08
0.52
0.52
0.6
0.18
0.18
0.24
0.04
0.38
0.68
0.86
0.72
0.82
0.5
0.64
0.74
0.82
0.74
0.68
0.68
0.88
0.62
0.38
0.38
0.42
0.42
0.32
0.34
0.46
0.56
0.54
0.36
0.24
0.42
0.36
0.36
0.28
0.06
0.18
0.04
0.38
0.34
0.46
0.32
0.12
0.3
0.38
0.16
0.08
0.04
0.08
0.3
0.56
0.12
0
0.1
0.02
0.02
0.3
0.4
0.42
0.18
0.08
0.4
0.3
0.3
0.04
0.26
0.48
0.44
0.1
0.26
0.18
0.26
0.12
0.08
0.52
0.66
0.76
0.6
0.52
0.44
0.36
0.54
0.42
0.48
0.48
0.5
0.32
0.3
0.46
0.34
0.44
0.46
0.32
0.18
0.04
0.3
0.36
0.16
0.18
0.68
0.78
0.56
0.28
0.22
0.2
0.2
0.3
0.44
0.5
0.04
0.04
0.02
0.04
0.12
0.02
0
0.1
0.06
0.28
0.06
0.04
0.24
0.4
0.12
0.22
0.04
0.06
0.06
0.24
0.08
0.28
0.1
0.22
0.32
0.3
0.44
0.24
0.26
0.34
0.22
0.14
0.06
0.46
0.4
0.26
0.24
0
0.4
0.58
0.56
0.62
0.2
0.28
0.3
0.72
0.62
0.74
0.72
0.24
0.44
0
0.12
0.06
0.02
0.04
0.2
0.44
0.16
0.08
0.28
0.5
0.2
0.14
0.22
0.18
0.32
0.52
0.38
0.16
0.04
0.28
0.02
0.06
0.36
0.18
0.34
0.1
0.18
0
0.08
0.02
0.08
0.56
0.7
0.36
0.36
0
0.18
0.24
0.28
0.46
0.56
0.36
0.32
0.3
0.4
0.42
0.12
0.06
0.32
0.36
0.18
0.06
0.22
0.02
0.02
0.22
0.06
0.14
0.14
0.24
0.28
0.38
0.32
0.04
0.26
0.02
0.44
0.22
0.22
0.06
0.04
0.4
0.3
0.08
0.02
0.16
0.26
0.2
0.26
0.28
0.22
0.22
0.22
0.84
0.36
0.2
0
0.1
0.14
0.14
0.5
0.36
0.3
0.24
0.1
0.12
0.14
0.44
0.54
0.42
0.12
0.32
0.56
0.46
0.34
0.2
0.12
0.34
0.18
0
0.24
0.34
0.08
0.04
0.38
0.16
0.22
0.28
0.58
0.44
0.46
0.08
0.14
0.32
0.3
0.12
0.16
0.56
0.48
0.4
0.22
0.26
0.04
0.3
0.58
0.42
0.16
0.18
0.24
0.2
0.2
0.38
0.14
0.08
0.04
0.2
0.08
0.14
0.12
0.06
0.46
0.58
0.7
0.14
0.22
0
0.48
0.54
0.66
0.52
0.26
0.16
0
0.24
0.12
0.2
0.24
0.32
0.48
0.04
0.22
0.48
0.24
0.02
0
0.12
0.34
0.3
0.12
0.38
0.5
0.04
0.12
0.32
0.26
0.22
0.74
0.26
0.06
0.12
0.08
0.18
0.32
0.06
0.06
0.2
0.12
0
0.12
0.02
0.32
0.08
0.06
0.16
0.04
0.26
0.5
0.4
0.28
0.6
0.44
0.34
0.24
0.1
0.22
0.22
0.12
0.14
0.1
0.08
0.46
0.32
0.28
0.04
0.06
0.12
0.04
0.12
0.1
0.28
0.7
0.64
0.22
0.04
0.14
0.32
0.32
0.22
0.26
0.02
0.3
0.32
0.2
0.22
0.36
0.38
0.56
0.66
0.6
0.4
0.08
0.12
0.04
0.16
0.24
0.14
0.72
0.44
0.34
0.4
0.28
0.14
0.38
0.34
0.3
0.28
0.16
0.4
0.32
0.24
0.22
0.3
0.32
0.16
0.14
0
0.06
0.3
0.12
0.02
0.48
0.5
0.62
0.32
0.3
0.42
0.42
0.58
0.6
0.4
0.16
0.12
0.16
0.12
0.26
0.02
0.42
0.68
0.12
0.12
0.26
0.02
0.04
0.2
0.1
0.44
0.22
0.32
0.28
0.32
0.32
0.48
0.38
0.02
0.1
0.02
0.06
0.18
0.1
0.18
0.42
0.3
0.44
0.18
0.06
0.34
0.36
0.58
0.68
0.64
0.72
0.64
0.4
0.26
0.52
0.58
0.46
0.44
0.66
0.46
0.42
0
0.2
0.08
0.02
0.4
0.62
0.62
0.32
0.32
0.62
0.28
0.26
0.04
0.3
0.56
0.3
0.26
0.62
0.52
0.54
0.32
0.2
0.12
0.44
0.38
0.16
0.16
0.3
0.5
0.4
0.38
0.02
0
0.04
0.36
0.04
0.4
0.52
0.66
0.66
0.8
0.64
0.54
0.54
0.12
0.08
0.2
0.32
0.12
0.34
0.2
0.12
0.1
0.16
0.16
0.28
0.04
0.06
0.12
0.26
0.58
0.82
0.72
0.48
0.62
0.4
0.2
0.1
0.26
0.64
0.32
0.12
0.14
0.18
0.22
0.16
0.06
0.24
0.32
0.12
0.02
0.06
0.24
0.56
0.38
0
0.1
0.18
0.38
0.62
0.56
0.16
0.16
0.08
0.02
0.02
0.14
0.32
0.04
0.08
0.46
0.26
0.34
0.28
0.14
0.02
0.62
0.7
0.4
0.42
0.44
0.54
0.1
0.32
0.18
0.22
0.14
0.16
0.36
0.56
0.4
0.56
0.66
0.84
0.52
0.54
0.44
0.24
0.3
0.32
0.54
0.5
0.66
0.5
0.24
0.26
0.06
0.24
0.22
0.08
0.06
0.2
0.28
0.22
0.12
0.18
0.12
0.04
0.08
0.08
0.18
0.14
0.04
0
0.02
0.22
0.3
0.1
0.42
0.1
0.06
0.28
0.16
0.1
0.3
0.46
0.3
0.48
0.12
0.16
0.12
0.1
0.12
0.06
0.06
0.2
0.1
0.52
0.76
0.38
0.1
0.26
0.24
0.1
0.24
0.18
0.28
0.14
0.2
0.24
0.16
0.08
0.24
0.32
0.3
0.52
0.44
0.18
0.02
0.36
0.44
0.62
0.62
0.18
0.18
0.02
0.18
0.18
0.2
0.02
0.22
0.7
0.66
0.7
0.5
0.44
0.64
0.56
0.18
0.02
0.14
0
0.52
0.74
0.42
0.34
0.58
0.62
0.2
0.5
0.54
0.38
0.38
0.76
0.6
0.58
0.44
0.32
0.28
0.16
0.32
0
0.42
0.46
0.3
0.12
0.16
0.1
0.44
0.12
0.54
0.56
0.56
0.42
0.34
0.12
0.18
0.14
0.06
0.1
0.18
0.66
0.56
0.44
0.18
0.3
0.44
0.1
0.12
0.64
0
0.22
0.3
0.32
0.08
0.08
0.02
0.04
0.06
0.3
0.54
0.04
0.02
0.06
0.38
0.2
0.26
0.26
0
0.14
0.04
0.08
0.36
0.36
0.02
0.3
0.38
0.48
0.24
0.14
0.02
0.06
0.3
0.12
0.04
0.16
0.14
0.26
0.3
0.12
0.02
0.18
