0.28
0.46
0.74
0.76
0.68
0.78
0.88
0.8
0.88
0.96
0.98
0.8
0.9
0.78
0.6
0.4
0.74
0.84
0.8
0.76
0.72
0.74
0.5
0.4
0.34
0.56
0.56
0.46
0.42
0.62
0.76
0.84
0.94
0.9
0.92
1
0.78
0.7
0.74
0.78
0.82
0.86
1
0.86
0.96
0.96
0.94
0.74
0.82
0.74
0.88
0.96
0.92
0.88
0.92
0.98
0.94
0.9
0.98
0.88
0.82
0.74
0.9
0.72
0.78
0.96
0.9
0.9
0.92
0.74
0.72
0.62
0.52
0.86
0.96
0.82
0.78
0.94
0.98
0.82
0.82
0.88
0.9
0.9
0.92
0.68
0.54
0.6
0.7
0.52
0.5
0.58
0.62
0.72
0.8
0.86
0.78
0.74
0.62
0.24
0
0.4
0.54
0.5
0.7
0.72
0.78
0.86
0.78
0.8
0.88
0.88
0.96
0.98
0.94
1
0.9
0.9
0.94
0.92
0.96
0.84
0.96
0.82
0.92
0.78
0.84
0.78
0.74
0.72
0.8
0.9
0.8
0.78
0.82
0.9
0.68
0.66
0.68
0.78
0.94
0.94
0.76
0.58
0.44
0.54
0.58
0.48
0.48
0.4
0.18
0.04
0.26
0.32
0.44
0.38
0.54
0.12
0.14
0.56
0.7
0.74
0.76
0.66
0.72
0.66
0.88
0.86
0.78
0.76
0.76
0.88
0.86
0.88
0.88
0.74
0.6
0.46
0.42
0.48
0.76
0.76
0.82
0.68
0.54
0.46
0.84
0.7
0.62
0.84
0.94
0.9
0.96
0.96
0.88
0.82
0.92
0.96
0.94
0.86
0.98
0.98
0.82
0.76
0.64
0.66
0.4
0.5
0.96
0.94
0.94
0.82
0.8
0.78
0.84
0.82
0.96
0.88
0.92
0.94
0.88
0.9
0.9
1
0.94
0.92
0.82
0.8
0.88
0.88
0.86
0.88
0.86
0.68
0.76
0.76
0.94
0.82
0.84
0.9
0.92
0.9
0.9
0.92
1
0.92
0.9
0.94
0.88
0.92
1
0.92
0.94
0.92
0.88
0.78
0.88
0.82
0.64
0.76
0.84
0.9
0.9
0.92
0.68
0.86
0.94
0.86
0.74
0.8
0.94
0.86
0.82
0.88
0.92
0.86
0.9
0.8
0.8
0.56
0.76
0.76
0.68
0.84
0.84
0.94
0.88
0.84
0.74
0.66
0.7
0.82
0.76
0.88
0.9
0.96
0.86
0.9
0.9
0.92
0.76
0.66
0.7
0.64
0.64
0.8
0.84
0.78
0.88
1
0.9
0.94
0.94
0.94
0.8
0.84
0.84
0.8
0.8
0.9
0.82
0.82
0.82
0.9
0.9
0.9
0.92
0.88
0.74
0.84
0.88
0.84
0.74
0.86
0.94
0.86
0.86
0.74
0.82
0.9
0.92
0.9
0.7
0.76
0.72
0.84
0.94
0.9
0.92
0.92
0.88
0.84
0.7
0.98
0.94
0.94
0.94
0.94
0.78
0.9
0.98
0.88
0.98
0.96
0.94
0.9
0.86
0.96
0.92
0.94
0.94
0.86
0.92
0.9
0.96
0.84
0.84
0.82
0.86
0.78
0.78
0.86
0.62
0.66
0.9
0.88
0.72
0.5
0.56
0.56
0.72
0.54
0.78
0.82
0.58
0.56
0.6
0.76
0.76
0.62
0.56
0.8
0.68
0.8
0.68
0.76
0.92
0.94
0.96
0.8
0.9
1
0.9
0.9
0.9
0.9
0.84
0.86
0.98
0.84
0.78
0.82
0.84
0.66
0.54
0.38
0.12
0.26
0.06
0.22
0.04
0.24
0.62
0.54
0.72
0.68
0.6
0.56
0.54
0.26
0.22
0.58
0.78
0.54
0.54
0.56
0.88
0.8
0.82
0.78
0.74
0.78
0.76
0.86
0.82
0.92
0.86
0.92
0.88
0.8
0.82
0.76
0.8
0.9
0.88
0.9
0.94
0.9
0.78
0.84
0.88
0.64
0.86
0.8
0.88
0.62
0.48
0.58
0.56
0.54
0.74
0.74
0.68
0.86
0.86
0.94
0.98
0.94
0.9
1
0.96
0.78
0.54
0.68
0.86
0.7
0.88
0.8
0.94
0.94
0.82
0.74
0.94
0.92
0.86
0.62
0.68
0.82
0.9
0.92
0.9
0.9
0.96
0.82
0.84
0.9
0.98
0.98
0.86
0.78
0.84
0.96
0.88
0.92
0.74
0.58
0.66
0.72
0.94
0.94
0.9
0.84
0.9
0.84
0.96
0.86
0.64
0.76
0.76
0.84
0.8
0.9
0.98
0.9
0.74
0.58
0.5
0.88
0.76
0.82
0.94
0.82
0.86
0.88
0.94
0.94
0.84
0.86
0.86
0.9
0.84
0.78
0.64
0.8
0.8
0.64
0.62
0.68
0.94
0.92
0.86
0.78
0.86
0.9
0.96
0.8
0.92
0.98
0.9
0.92
0.98
0.98
0.92
0.68
0.5
0.52
0.76
0.92
0.7
0.98
0.9
0.64
0.6
0.68
0.66
0.84
0.88
0.82
0.72
0.72
0.72
0.76
0.92
0.82
0.88
0.78
0.7
0.9
0.9
0.78
0.9
0.82
0.84
0.92
0.94
0.78
0.64
0.28
0.14
0.34
0.14
0.24
0.14
0.22
0.12
0.18
0.32
0.34
0.52
0.74
0.6
0.68
0.86
0.72
0.86
0.72
0.86
0.66
0.64
0.84
0.86
0.68
0.4
0.54
0.62
0.88
0.36
0.54
0.72
0.66
0.8
0.74
0.62
0.54
0.8
0.84
0.92
0.84
0.96
0.76
0.84
0.88
0.86
0.96
0.72
0.68
0.64
0.7
0.72
0.9
0.86
0.7
0.66
0.78
0.9
0.88
0.76
0.48
0.44
0.42
0.14
0.52
0.32
0.5
0.82
0.98
0.92
0.94
0.86
0.76
0.82
0.58
0.68
0.54
0.6
0.62
0.62
0.5
0.72
0.78
0.74
0.82
0.88
0.92
0.84
0.88
0.78
0.74
0.84
0.82
0.74
0.84
0.88
0.92
0.9
0.88
0.94
0.98
0.92
0.92
0.94
0.94
0.82
0.74
0.86
0.74
0.64
0.48
0.46
0.8
0.72
0.6
0.66
0.86
0.84
0.56
0.44
0.74
0.68
0.84
0.88
0.8
0.9
0.92
0.74
0.9
0.9
0.7
0.48
0.72
1
0.96
0.98
0.96
0.94
0.94
0.92
0.68
0.52
0.36
0.42
0.64
0.68
0.68
0.74
0.66
0.88
0.98
0.98
0.92
0.92
0.8
0.88
0.92
0.96
0.88
0.8
0.62
0.54
0.56
0.86
0.72
0.6
0.44
0.44
0.56
0.76
0.9
0.94
0.98
0.92
0.94
0.92
0.96
0.98
0.88
0.68
0.78
0.72
0.48
0.66
0.6
0.66
0.64
0.7
0.8
0.76
0.78
0.76
0.88
0.86
0.82
0.74
0.6
0.74
0.7
0.78
0.28
0.6
0.86
0.82
0.9
0.94
0.92
0.82
0.72
0.8
0.88
0.82
0.92
0.9
0.82
0.34
0.18
0.54
0.84
0.66
0.6
0.48
0.5
0.88
0.7
0.74
0.82
0.88
0.94
0.96
0.92
0.86
0.96
0.94
0.78
0.86
0.9
0.92
0.82
0.84
0.78
0.74
0.84
0.94
0.76
0.72
0.48
0.56
0.54
0.84
0.86
0.8
0.78
0.88
0.86
0.9
0.98
0.96
0.74
0.66
0.76
0.84
0.94
0.92
0.86
0.92
0.74
0.88
0.82
0.68
0.62
0.42
0.34
0.48
0.42
0.34
0.48
0.5
0.76
0.88
0.96
0.98
0.92
0.92
0.88
0.92
0.9
0.96
0.9
0.82
0.6
0.6
0.56
0.58
0.42
0.34
0.5
0.8
0.68
0.64
0.88
0.78
0.76
0.72
0.88
0.82
0.7
0.72
0.78
0.82
0.84
0.74
0.7
0.82
0.76
0.78
0.82
0.52
0.52
0.62
0.96
0.74
0.9
1
0.9
0.92
0.94
0.94
0.76
0.86
0.9
0.94
0.8
0.52
0.56
0.52
0.74
0.84
0.78
0.66
0.62
0.4
0.42
0.32
0.24
0.2
0.42
0.42
0.4
0.66
0.72
0.6
0.72
0.62
0.68
0.68
0.7
0.86
0.92
0.98
0.88
0.88
0.8
0.94
0.92
0.9
0.88
0.88
0.84
0.88
0.94
0.8
0.7
0.52
0.76
0.72
0.5
0.58
0.38
0.16
0.04
0.14
0.02
0.68
