0.32
0.4
0.46
0.5
0.44
0.5
0.58
0.74
0.72
0.76
0.6
0.78
0.78
0.72
0.78
0.76
0.78
0.8
0.8
0.72
0.64
0.68
0.62
0.74
0.72
0.8
0.74
0.76
0.68
0.76
0.7
0.7
0.66
0.68
0.78
0.78
0.72
0.62
0.7
0.8
0.78
0.78
0.8
0.76
0.76
0.72
0.74
0.7
0.64
0.64
0.72
0.72
0.72
0.66
0.7
0.68
0.68
0.7
0.7
0.7
0.7
0.68
0.74
0.76
0.78
0.8
0.8
0.76
0.76
0.7
0.62
0.7
0.76
0.74
0.76
0.74
0.78
0.76
0.76
0.8
0.76
0.68
0.6
0.52
0.46
0.4
0.44
0.68
0.64
0.66
0.66
0.74
0.74
0.66
0.66
0.68
0.64
0.6
0.62
0.7
0.66
0.64
0.62
0.58
0.62
0.52
0.44
0.48
0.48
0.42
0.46
0.48
0.46
0.42
0.48
0.5
0.6
0.74
0.72
0.72
0.64
0.66
0.76
0.76
0.72
0.8
0.8
0.78
0.76
0.76
0.76
0.8
0.8
0.8
0.76
0.76
0.74
0.76
0.78
0.78
0.76
0.78
0.68
0.78
0.76
0.74
0.66
0.74
0.66
0.7
0.76
0.64
0.74
0.72
0.78
0.78
0.78
0.76
0.68
0.7
0.7
0.78
0.7
0.72
0.72
0.76
0.76
0.74
0.76
0.76
0.76
0.72
0.76
0.76
0.72
0.7
0.7
0.64
0.66
0.64
0.68
0.72
0.76
0.76
0.68
0.7
0.76
0.76
0.78
0.72
0.56
0.68
0.56
0.62
0.56
0.6
0.58
0.6
0.62
0.66
0.72
0.7
0.7
0.58
0.5
0.42
0.4
0.4
0.44
0.34
0.44
0.52
0.66
0.7
0.74
0.78
0.78
0.8
0.74
0.74
0.7
0.68
0.6
0.72
0.66
0.54
0.54
0.48
0.48
0.36
0.3
0.44
0.56
0.56
0.64
0.64
0.68
0.68
0.68
0.78
0.78
0.78
0.72
0.62
0.76
0.72
0.72
0.74
0.8
0.76
0.68
0.66
0.74
0.8
0.8
0.78
0.78
0.78
0.78
0.76
0.8
0.74
0.64
0.58
0.6
0.54
0.54
0.52
0.54
0.54
0.62
0.72
0.7
0.68
0.72
0.66
0.74
0.8
0.8
0.7
0.74
0.64
0.76
0.78
0.78
0.74
0.76
0.78
0.78
0.78
0.76
0.76
0.68
0.76
0.68
0.72
0.66
0.64
0.68
0.66
0.6
0.64
0.7
0.72
0.64
0.74
0.72
0.68
0.74
0.68
0.72
0.64
0.58
0.5
0.54
0.44
0.42
0.42
0.52
0.38
0.42
0.52
0.48
0.48
0.48
0.36
0.32
0.32
0.42
0.4
0.26
0.32
0.38
0.38
0.38
0.46
0.4
0.42
0.38
0.36
0.38
0.28
0.44
0.42
0.6
0.64
0.62
0.56
0.62
0.62
0.6
0.58
0.56
0.5
0.52
0.58
0.6
0.66
0.56
0.62
0.58
0.44
0.5
0.56
0.52
0.5
0.58
0.6
0.54
0.46
0.5
0.46
0.44
0.4
0.38
0.4
0.34
0.34
0.42
0.44
0.44
0.36
0.44
0.42
0.5
0.52
0.44
0.64
0.74
0.7
0.68
0.7
0.76
0.76
0.76
0.74
0.74
0.76
0.7
0.72
0.68
0.72
0.76
0.76
0.78
0.8
0.76
0.7
0.76
0.72
0.7
0.8
0.74
0.72
0.76
0.74
0.74
0.72
0.66
0.78
0.76
0.78
0.76
0.74
0.76
0.74
0.66
0.66
0.74
0.68
0.72
0.68
0.74
0.78
0.74
0.68
0.68
0.64
0.66
0.66
0.52
0.62
0.72
0.66
0.68
0.7
0.64
0.76
0.76
0.74
0.7
0.72
0.64
0.72
0.78
0.7
0.74
0.76
0.8
0.8
0.78
0.8
0.74
0.8
0.78
0.76
0.76
0.72
0.72
0.78
0.72
0.64
0.72
0.74
0.74
0.78
0.7
0.7
0.74
0.76
0.74
0.78
0.7
0.64
0.66
0.68
0.7
0.76
0.74
0.72
0.7
0.7
0.74
0.74
0.78
0.68
0.74
0.64
0.68
0.58
0.62
0.7
0.74
0.76
0.8
0.8
0.72
0.68
0.68
0.68
0.76
0.72
0.74
0.74
0.74
0.76
0.78
0.78
0.78
0.74
0.62
0.7
0.74
0.78
0.8
0.76
0.8
0.76
0.74
0.74
0.74
0.68
0.72
0.8
0.74
0.78
0.74
0.74
0.78
0.74
0.7
0.76
0.74
0.78
0.72
0.74
0.8
0.78
0.7
0.8
0.74
0.76
0.76
0.78
0.78
0.76
0.76
0.66
0.5
0.66
0.72
0.8
0.78
0.8
0.8
0.8
0.72
0.76
0.78
0.76
0.78
0.76
0.76
0.74
0.74
0.72
0.78
0.74
0.72
0.78
0.8
0.74
0.76
0.78
0.74
0.76
0.76
0.76
0.74
0.8
0.78
0.72
0.72
0.72
0.76
0.76
0.8
0.78
0.78
0.72
0.76
0.74
0.78
0.78
0.78
0.78
0.74
0.78
0.68
0.72
0.78
0.72
0.76
0.78
0.76
0.74
0.74
0.72
0.64
0.64
0.74
0.72
0.72
0.7
0.7
0.74
0.76
0.76
0.76
0.78
0.76
0.78
0.74
0.8
0.74
0.76
0.74
0.62
0.44
0.4
0.38
0.38
0.48
0.52
0.54
0.62
0.7
0.66
0.72
0.72
0.74
0.78
0.78
0.72
0.72
0.72
0.72
0.7
0.7
0.76
0.76
0.7
0.8
0.7
0.74
0.78
0.76
0.7
0.7
0.72
0.7
0.76
0.76
0.76
0.68
0.76
0.74
0.76
0.7
0.74
0.7
0.78
0.72
0.8
0.78
0.8
0.78
0.78
0.64
0.7
0.8
0.76
0.76
0.76
0.7
0.7
0.7
0.68
0.76
0.72
0.68
0.7
0.7
0.66
0.68
0.68
0.64
0.6
0.8
0.76
0.64
0.64
0.7
0.76
0.72
0.76
0.78
0.78
0.72
0.68
0.64
0.66
0.64
0.6
0.54
0.5
0.42
0.3
0.44
0.5
0.56
0.6
0.66
0.66
0.6
0.62
0.64
0.64
0.66
0.66
0.7
0.72
0.72
0.64
0.58
0.58
0.72
0.74
0.72
0.72
0.72
0.8
0.7
0.74
0.74
0.76
0.74
0.76
0.78
0.74
0.78
0.78
0.66
0.72
0.76
0.68
0.68
0.72
0.78
0.8
0.7
0.76
0.74
0.72
0.72
0.76
0.78
0.74
0.7
0.78
0.78
0.8
0.76
0.76
0.78
0.8
0.78
0.76
0.74
0.72
0.76
0.74
0.74
0.72
0.74
0.76
0.72
0.76
0.74
0.62
0.72
0.76
0.74
0.76
0.72
0.62
0.66
0.66
0.78
0.72
0.68
0.6
0.5
0.48
0.52
0.6
0.6
0.62
0.54
0.52
0.52
0.5
0.6
0.66
0.66
0.76
0.74
0.78
0.76
0.66
0.68
0.68
0.64
0.62
0.64
0.62
0.62
0.6
0.64
0.64
0.72
0.68
0.64
0.66
0.66
0.68
0.66
0.68
0.66
0.7
0.72
0.74
0.76
0.72
0.74
0.76
0.74
0.7
0.7
0.8
0.74
0.72
0.76
0.78
0.78
0.8
0.78
0.76
0.74
0.7
0.64
0.64
0.72
0.78
0.74
0.8
0.68
0.72
0.64
0.66
0.7
0.68
0.68
0.78
0.8
0.76
0.76
0.78
0.8
0.76
0.74
0.78
0.76
0.76
0.72
0.78
0.76
0.72
0.7
0.58
0.66
0.76
0.7
0.72
0.72
0.74
0.74
0.72
0.72
0.74
0.62
0.62
0.58
0.64
0.7
0.62
0.68
0.78
0.76
0.74
0.76
0.68
0.68
0.68
0.58
0.54
0.72
0.78
0.74
0.74
0.74
0.68
0.64
0.78
0.72
0.64
0.64
0.7
0.68
0.74
0.76
0.74
0.72
0.78
0.78
0.78
0.78
0.8
0.78
0.8
0.76
0.7
0.78
0.78
0.76
0.76
0.76
0.76
0.72
0.74
0.76
0.76
0.74
0.8
0.8
0.76
0.8
0.76
0.8
0.74
0.74
0.7
0.68
0.74
0.72
0.7
0.78
0.76
0.72
0.72
0.64
0.62
0.54
0.58
0.58
0.6
0.54
0.56
0.52
0.54
0.44
0.52
0.54
0.56
0.54
0.58
0.52
0.62
0.68
0.62
0.6
