0.2
0.06
0.06
0.04
0.1
0.28
0.3
0.36
0.28
0.32
0.02
0.24
0.34
0.56
0.86
0.86
0.98
0.98
1
0.96
0.98
0.98
0.98
1
0.94
0.98
1
1
0.98
1
0.9
0.98
1
1
1
1
0.98
1
1
0.98
0.98
0.96
0.98
0.98
0.94
0.92
0.96
1
0.92
0.9
0.94
0.92
0.96
1
0.96
0.94
0.9
0.92
1
1
0.98
0.98
1
1
0.98
0.9
0.78
0.86
0.86
0.96
1
1
1
0.96
0.98
0.98
0.98
1
1
0.94
0.86
0.96
1
0.92
1
1
1
0.96
0.9
0.98
0.98
1
1
0.94
0.94
1
0.96
1
0.98
0.92
0.98
0.94
0.96
0.96
0.98
0.98
1
0.96
1
0.96
0.96
1
0.94
0.98
0.92
1
0.98
1
0.94
1
0.98
1
1
0.96
0.96
1
1
0.96
1
1
0.96
1
1
1
1
0.9
1
0.88
0.94
0.96
0.96
1
1
0.96
0.96
0.98
0.98
0.96
0.98
0.92
0.94
0.94
1
0.94
1
0.96
0.9
0.84
0.96
1
0.96
0.96
0.96
0.94
0.94
0.94
1
0.98
0.98
0.98
0.98
0.96
1
1
1
0.98
1
0.96
0.96
0.96
0.94
0.98
0.94
0.98
0.98
1
0.98
1
0.94
0.98
0.96
0.9
0.96
0.96
1
0.98
0.98
1
1
0.98
1
1
0.98
0.98
1
1
1
1
0.94
1
0.92
1
0.96
0.94
0.98
1
0.96
1
0.98
0.98
0.94
0.98
0.96
0.92
1
0.98
0.86
0.96
0.98
1
0.98
0.94
1
0.94
0.98
0.98
0.96
0.96
0.92
0.94
0.9
1
1
0.98
0.96
0.9
0.96
1
0.9
0.98
0.98
0.94
0.94
0.98
1
1
1
0.98
0.96
0.94
0.96
1
0.98
0.98
0.96
1
1
1
0.98
0.96
0.94
0.96
0.94
0.94
0.98
1
1
1
0.94
1
0.98
0.94
0.96
1
0.96
0.98
0.96
0.98
1
0.96
1
0.98
1
0.98
0.96
0.98
0.98
0.96
1
1
1
1
0.96
1
1
0.96
0.96
0.98
0.92
0.92
0.94
0.94
0.98
0.96
0.98
1
0.94
1
0.88
0.94
0.94
0.98
0.88
0.88
0.96
1
0.9
0.94
0.98
0.98
1
0.98
0.94
0.98
0.98
0.96
1
0.98
0.98
1
1
0.96
0.98
0.98
0.98
1
0.98
1
0.98
0.96
0.96
1
1
1
1
1
0.96
0.96
0.98
0.98
0.94
0.94
0.94
0.92
0.94
0.98
1
1
0.96
0.94
0.92
0.96
1
0.98
0.98
0.94
0.96
0.98
0.96
0.92
1
0.88
0.98
1
0.96
1
0.98
1
0.98
0.94
0.96
0.98
1
0.92
0.98
1
1
1
0.98
0.94
1
0.96
0.96
0.98
0.98
0.94
0.98
1
1
0.98
0.98
1
1
0.98
0.98
0.9
1
1
1
0.96
0.98
0.94
0.82
0.94
0.92
0.98
0.98
1
1
1
1
0.98
0.94
0.88
0.96
0.98
0.98
1
0.96
0.98
0.96
1
1
0.96
0.94
0.96
0.98
0.96
1
0.96
1
0.98
1
1
0.98
0.98
0.98
0.98
0.96
1
0.96
1
0.98
1
0.84
0.84
0.96
0.98
0.98
1
1
0.98
0.98
0.98
0.98
1
0.92
0.9
0.94
0.92
0.98
0.96
0.9
0.98
0.96
0.96
0.98
1
1
0.96
1
0.96
0.98
0.92
1
0.98
1
1
0.86
0.98
0.96
0.94
0.98
0.98
1
0.98
0.98
1
0.98
1
0.98
1
0.96
1
0.96
0.96
0.92
0.98
0.92
0.96
0.98
0.94
0.98
0.96
1
0.98
0.98
0.98
1
0.96
0.98
1
1
1
0.98
0.98
0.92
0.92
1
0.96
1
0.96
0.94
1
1
0.94
0.96
0.98
0.98
0.96
0.98
1
0.98
0.98
1
0.9
0.98
0.94
0.96
0.96
0.98
0.98
0.98
0.96
0.92
0.98
0.98
0.96
0.98
0.96
1
0.98
0.98
0.96
0.88
0.9
0.98
1
0.96
0.96
0.94
0.92
0.96
0.96
1
0.98
1
0.96
0.96
1
0.96
0.98
0.9
0.94
1
0.94
1
1
1
0.98
0.98
0.92
0.98
0.98
0.96
1
0.94
0.98
0.96
0.98
1
0.96
1
0.98
0.96
0.96
0.98
0.94
0.98
0.96
0.96
0.94
0.98
0.74
0.92
0.94
1
0.94
0.96
0.94
0.98
1
1
0.96
0.98
1
0.96
0.96
0.96
0.96
0.98
0.98
0.98
0.98
0.98
0.98
0.94
0.86
0.9
0.88
0.94
0.96
1
0.94
0.96
0.92
0.98
0.94
0.92
0.98
0.98
0.94
0.96
0.96
0.98
0.98
0.98
1
0.96
1
0.94
1
0.98
0.98
1
1
0.98
0.94
0.92
1
0.9
0.88
0.82
0.94
1
0.9
0.84
0.92
1
1
1
0.96
1
0.98
0.98
1
0.98
0.98
0.98
0.9
0.96
0.98
1
0.96
0.96
0.94
0.98
0.96
1
0.98
0.98
0.96
1
1
0.88
1
1
0.98
0.98
0.92
0.92
0.94
0.96
0.98
1
1
0.98
0.98
0.98
1
0.96
0.94
0.94
0.96
1
1
1
0.98
1
0.98
0.94
1
0.94
0.98
1
0.98
0.96
0.92
0.98
0.98
1
0.98
0.98
1
0.98
0.96
1
1
0.94
1
0.98
0.96
0.86
0.9
0.96
0.96
1
0.98
0.98
0.96
1
0.92
0.84
0.92
0.82
0.68
0.94
0.98
1
0.92
0.96
0.96
0.9
0.94
1
0.98
0.96
0.98
0.94
0.98
0.94
0.98
0.94
0.98
0.98
0.94
0.92
0.96
0.98
1
0.96
1
1
0.96
1
0.96
0.92
0.96
0.96
0.98
1
0.88
0.94
0.98
0.96
1
1
1
0.98
0.98
0.94
0.94
0.98
0.98
0.94
0.98
0.96
0.98
1
1
1
1
0.98
0.96
1
1
1
0.96
1
1
0.98
1
0.96
0.94
1
0.94
1
0.94
0.92
0.98
1
0.98
0.98
0.98
0.94
0.94
0.98
0.94
0.98
1
0.94
0.98
0.98
0.98
1
0.94
0.84
0.98
1
0.96
0.9
0.94
1
1
0.98
0.98
0.98
0.98
1
0.98
0.98
0.98
1
0.98
0.96
0.98
0.98
0.98
0.92
0.98
0.98
1
0.98
1
1
0.96
0.88
0.86
1
1
0.98
1
1
0.98
1
0.94
0.94
1
0.98
0.96
0.96
0.98
1
1
1
0.96
1
0.98
0.96
0.96
0.88
0.98
0.94
1
1
0.88
0.9
0.96
1
0.92
0.98
1
0.96
1
1
1
1
1
1
0.98
0.98
0.96
0.96
0.98
0.96
0.94
0.94
1
0.98
0.96
1
0.96
0.98
1
1
1
1
0.98
1
0.96
0.98
0.98
0.92
1
0.98
0.96
0.98
0.98
0.98
1
1
1
1
0.98
1
1
0.94
0.98
0.98
0.96
0.98
1
0.98
0.92
1
0.94
0.98
0.94
1
0.98
0.9
0.88
1
0.98
0.96
0.92
0.9
0.92
0.78
0.64
0.66
