0.22
0.32
0.3
0.36
0.28
0.34
0.36
0.42
0.48
0.54
0.58
0.66
0.5
0.5
0.52
0.56
0.66
0.64
0.52
0.5
0.5
0.56
0.54
0.54
0.5
0.6
0.54
0.66
0.62
0.58
0.6
0.68
0.64
0.6
0.68
0.64
0.64
0.7
0.7
0.74
0.7
0.7
0.74
0.74
0.74
0.76
0.72
0.74
0.7
0.74
0.68
0.66
0.72
0.74
0.72
0.72
0.68
0.7
0.62
0.78
0.72
0.68
0.58
0.64
0.58
0.64
0.62
0.68
0.68
0.7
0.74
0.74
0.76
0.68
0.66
0.54
0.58
0.64
0.66
0.64
0.68
0.68
0.54
0.52
0.44
0.4
0.42
0.54
0.52
0.46
0.58
0.64
0.6
0.66
0.64
0.6
0.68
0.64
0.62
0.72
0.66
0.58
0.66
0.52
0.62
0.56
0.58
0.54
0.46
0.44
0.58
0.62
0.54
0.42
0.48
0.38
0.3
0.4
0.34
0.38
0.38
0.3
0.36
0.4
0.38
0.38
0.38
0.52
0.6
0.6
0.68
0.74
0.66
0.62
0.68
0.7
0.66
0.66
0.7
0.68
0.7
0.72
0.76
0.66
0.56
0.64
0.52
0.5
0.46
0.52
0.66
0.7
0.66
0.6
0.66
0.74
0.76
0.72
0.66
0.7
0.7
0.68
0.64
0.62
0.7
0.66
0.64
0.56
0.6
0.52
0.56
0.62
0.6
0.56
0.58
0.66
0.62
0.66
0.68
0.68
0.6
0.62
0.66
0.62
0.64
0.56
0.66
0.58
0.66
0.74
0.74
0.76
0.76
0.64
0.7
0.66
0.68
0.7
0.68
0.72
0.66
0.7
0.74
0.76
0.66
0.6
0.68
0.62
0.6
0.58
0.64
0.6
0.58
0.64
0.62
0.64
0.68
0.72
0.76
0.78
0.74
0.76
0.76
0.78
0.78
0.76
0.74
0.7
0.66
0.7
0.74
0.7
0.74
0.72
0.64
0.64
0.68
0.62
0.56
0.66
0.68
0.7
0.68
0.66
0.56
0.48
0.7
0.76
0.78
0.76
0.74
0.78
0.64
0.64
0.6
0.64
0.72
0.74
0.72
0.7
0.64
0.66
0.64
0.58
0.6
0.72
0.76
0.72
0.7
0.72
0.74
0.72
0.78
0.76
0.74
0.74
0.74
0.74
0.68
0.7
0.62
0.68
0.72
0.72
0.78
0.76
0.76
0.7
0.72
0.68
0.64
0.64
0.68
0.54
0.48
0.6
0.62
0.66
0.44
0.54
0.64
0.68
0.7
0.62
0.62
0.66
0.62
0.66
0.64
0.62
0.72
0.74
0.74
0.68
0.72
0.72
0.7
0.72
0.72
0.62
0.38
0.48
0.52
0.54
0.56
0.44
0.54
0.44
0.48
0.46
0.32
0.34
0.32
0.26
0.32
0.34
0.36
0.44
0.4
0.34
0.38
0.34
0.34
0.46
0.48
0.38
0.52
0.52
0.5
0.48
0.48
0.46
0.44
0.52
0.58
0.58
0.6
0.56
0.58
0.56
0.58
0.5
0.56
0.7
0.66
0.68
0.52
0.6
0.74
0.7
0.68
0.7
0.68
0.7
0.72
0.68
0.72
0.68
0.66
0.74
0.7
0.7
0.76
0.76
0.78
0.72
0.78
0.76
0.78
0.76
0.66
0.66
0.68
0.64
0.68
0.68
0.62
0.68
0.66
0.72
0.68
0.64
0.7
0.74
0.76
0.76
0.76
0.76
0.68
0.68
0.58
0.66
0.66
0.58
0.64
0.56
0.76
0.68
0.74
0.74
0.74
0.72
0.68
0.72
0.76
0.64
0.64
0.66
0.62
0.7
0.6
0.62
0.52
0.68
0.68
0.72
0.72
0.78
0.78
0.78
0.78
0.74
0.72
0.62
0.6
0.7
0.64
0.68
0.64
0.64
0.68
0.58
0.54
0.5
0.5
0.58
0.6
0.66
0.76
0.68
0.74
0.72
0.72
0.74
0.68
0.66
0.76
0.72
0.7
0.72
0.7
0.66
0.74
0.76
0.66
0.6
0.62
0.64
0.74
0.78
0.76
0.72
0.7
0.7
0.64
0.74
0.64
0.6
0.64
0.72
0.78
0.76
0.74
0.7
0.7
0.7
0.76
0.68
0.74
0.7
0.58
0.46
0.62
0.56
0.5
0.66
0.54
0.52
0.62
0.7
0.76
0.74
0.74
0.72
0.7
0.66
0.68
0.74
0.68
0.7
0.66
0.56
0.58
0.48
0.52
0.58
0.48
0.5
0.4
0.38
0.44
0.3
0.34
0.4
0.38
0.44
0.46
0.46
0.48
0.58
0.6
0.58
0.54
0.46
0.44
0.34
0.34
0.38
0.4
0.34
0.32
0.38
0.44
0.42
0.4
0.46
0.36
0.44
0.46
0.3
0.32
0.3
0.12
0.18
0.26
0.16
0.08
0.08
0.08
0.06
0.26
0.14
0.22
0.14
0.18
0.18
0.08
0.16
0.12
0.1
0.08
0.16
0.08
0
0.04
0.16
0.14
0.32
0.4
0.56
0.7
0.72
0.74
0.72
0.74
0.78
0.74
0.76
0.6
0.62
0.54
0.68
0.72
0.5
0.5
0.42
0.6
0.68
0.74
0.76
0.66
0.62
0.6
0.58
0.48
0.52
0.54
0.62
0.56
0.6
0.54
0.5
0.46
0.5
0.54
0.7
0.74
0.58
0.48
0.54
0.46
0.54
0.5
0.56
0.62
0.58
0.56
0.68
0.7
0.58
0.64
0.6
0.56
0.58
0.58
0.66
0.6
0.6
0.66
0.64
0.54
0.42
0.46
0.44
0.54
0.38
0.42
0.42
0.3
0.46
0.44
0.4
0.44
0.34
0.38
0.42
0.48
0.5
0.58
0.54
0.66
0.76
0.62
0.66
0.58
0.6
0.52
0.64
0.76
0.66
0.62
0.6
0.6
0.52
0.5
0.62
0.62
0.64
0.6
0.66
0.7
0.72
0.72
0.7
0.72
0.7
0.62
0.58
0.6
0.56
0.58
0.62
0.66
0.64
0.64
0.6
0.58
0.58
0.58
0.62
0.66
0.72
0.66
0.56
0.7
0.72
0.66
0.72
0.72
0.66
0.68
0.74
0.66
0.62
0.6
0.56
0.6
0.66
0.62
0.7
0.7
0.66
0.64
0.62
0.62
0.64
0.72
0.74
0.52
0.52
0.56
0.68
0.74
0.66
0.56
0.7
0.72
0.68
0.68
0.72
0.7
0.64
0.66
0.66
0.68
0.62
0.56
0.58
0.64
0.58
0.62
0.56
0.56
0.58
0.56
0.48
0.54
0.56
0.68
0.7
0.68
0.68
0.68
0.76
0.72
0.7
0.66
0.76
0.7
0.72
0.7
0.7
0.72
0.74
0.68
0.72
0.7
0.72
0.68
0.72
0.72
0.74
0.72
0.62
0.6
0.62
0.62
0.62
0.58
0.64
0.62
0.62
0.6
0.58
0.64
0.58
0.68
0.6
0.48
0.48
0.38
0.48
0.54
0.48
0.54
0.52
0.38
0.18
0.22
0.28
0.3
0.24
0.12
0.14
0.14
0.16
0.2
0.02
0.08
0.14
0.22
0.12
0.16
0.14
0.08
0.24
0.44
0.42
0.48
0.34
0.34
0.32
0.38
0.32
0.38
0.44
0.42
0.48
0.58
0.62
0.68
0.72
0.6
0.48
0.54
0.62
0.64
0.56
0.52
0.64
0.7
0.72
0.66
0.74
0.62
0.52
0.56
0.6
0.68
0.66
0.7
0.68
0.66
0.72
0.7
0.68
0.66
0.66
0.7
0.66
0.7
0.68
0.72
0.66
0.62
0.58
0.66
0.78
0.72
0.7
0.52
0.56
0.58
0.6
0.66
0.64
0.62
0.58
0.68
0.58
0.5
0.5
0.54
0.6
0.52
0.54
0.28
0.36
0.2
0.1
0.2
0.28
0.32
0.24
0.4
0.48
0.58
0.52
0.54
0.52
0.52
0.46
0.5
0.48
0.58
0.6
0.74
0.74
0.56
0.54
0.64
0.7
0.64
0.68
0.72
0.7
0.64
0.64
0.68
0.64
0.72
0.74
0.66
0.7
0.72
0.72
0.74
0.76
0.58
0.58
0.68
0.78
0.76
0.72
0.72
0.74
0.74
0.66
0.64
0.66
0.58
0.68
0.66
0.7
0.66
0.76
0.7
0.68
0.64
0.68
0.54
0.5
0.52
0.54
0.58
0.6
0.54
0.46
0.6
0.64
0.6
0.68
0.74
0.74
0.74
0.68
0.64
0.7
0.7
0.7
0.66
0.72
0.58
0.52
0.48
0.54
0.48
0.6
0.6
0.6
0.68
