0.34
0.48
0.66
0.5
0.46
0.48
0.68
0.7
0.74
0.72
0.7
0.62
0.7
0.74
0.78
0.78
0.78
0.74
0.76
0.7
0.76
0.76
0.78
0.74
0.76
0.76
0.78
0.74
0.74
0.74
0.74
0.72
0.68
0.72
0.7
0.68
0.72
0.68
0.74
0.76
0.76
0.76
0.76
0.74
0.72
0.66
0.68
0.76
0.76
0.76
0.64
0.76
0.76
0.74
0.64
0.76
0.72
0.66
0.6
0.64
0.68
0.78
0.74
0.64
0.68
0.7
0.68
0.62
0.56
0.54
0.62
0.68
0.72
0.7
0.7
0.66
0.66
0.6
0.6
0.58
0.66
0.7
0.66
0.64
0.68
0.74
0.78
0.74
0.7
0.72
0.76
0.74
0.78
0.74
0.72
0.66
0.72
0.74
0.74
0.76
0.74
0.68
0.76
0.76
0.7
0.58
0.7
0.68
0.7
0.72
0.74
0.66
0.7
0.72
0.74
0.74
0.74
0.74
0.76
0.76
0.76
0.76
0.74
0.74
0.66
0.62
0.58
0.62
0.56
0.64
0.64
0.64
0.64
0.7
0.72
0.6
0.64
0.7
0.76
0.74
0.72
0.72
0.74
0.72
0.7
0.72
0.72
0.72
0.74
0.72
0.68
0.68
0.74
0.72
0.74
0.78
0.74
0.72
0.7
0.76
0.78
0.74
0.68
0.68
0.74
0.78
0.74
0.78
0.7
0.68
0.62
0.64
0.76
0.78
0.76
0.72
0.7
0.62
0.74
0.78
0.76
0.74
0.74
0.78
0.76
0.72
0.74
0.76
0.74
0.58
0.58
0.54
0.7
0.72
0.7
0.7
0.74
0.74
0.72
0.76
0.74
0.76
0.78
0.78
0.78
0.74
0.72
0.72
0.7
0.7
0.72
0.74
0.76
0.74
0.76
0.76
0.74
0.7
0.74
0.78
0.72
0.74
0.7
0.54
0.6
0.64
0.62
0.52
0.48
0.62
0.48
0.52
0.52
0.52
0.6
0.54
0.48
0.56
0.52
0.48
0.62
0.64
0.64
0.74
0.7
0.7
0.56
0.48
0.52
0.44
0.5
0.54
0.5
0.46
0.46
0.4
0.46
0.46
0.6
0.6
0.64
0.62
0.72
0.78
0.74
0.72
0.7
0.76
0.78
0.76
0.76
0.7
0.7
0.74
0.76
0.74
0.7
0.72
0.76
0.62
0.58
0.64
0.62
0.62
0.66
0.6
0.7
0.76
0.68
0.68
0.76
0.76
0.74
0.64
0.66
0.78
0.78
0.78
0.72
0.78
0.72
0.74
0.78
0.68
0.74
0.74
0.7
0.7
0.76
0.76
0.78
0.76
0.74
0.68
0.72
0.74
0.78
0.76
0.74
0.72
0.76
0.78
0.78
0.78
0.72
0.72
0.74
0.76
0.74
0.74
0.7
0.68
0.64
0.6
0.6
0.58
0.58
0.56
0.52
0.62
0.66
0.62
0.6
0.64
0.7
0.74
0.66
0.6
0.62
0.54
0.42
0.54
0.46
0.46
0.54
0.38
0.46
0.52
0.48
0.42
0.38
0.32
0.24
0.3
0.26
0.32
0.44
0.38
0.46
0.5
0.54
0.48
0.54
0.74
0.7
0.7
0.68
0.68
0.66
0.72
0.76
0.76
0.74
0.7
0.72
0.7
0.74
0.74
0.7
0.74
0.76
0.78
0.72
0.64
0.62
0.64
0.7
0.72
0.7
0.7
0.68
0.6
0.64
0.72
0.72
0.76
0.76
0.76
0.78
0.76
0.78
0.76
0.78
0.74
0.76
0.74
0.78
0.7
0.74
0.72
0.74
0.76
0.76
0.7
0.7
0.68
0.74
0.78
0.76
0.72
0.76
0.76
0.74
0.76
0.62
0.74
0.72
0.74
0.78
0.74
0.78
0.72
0.74
0.76
0.74
0.78
0.72
0.66
0.66
0.62
0.64
0.7
0.7
0.72
0.74
0.68
0.64
0.66
0.7
0.78
0.68
0.66
0.68
0.68
0.74
0.74
0.74
0.76
0.78
0.7
0.74
0.78
0.74
0.78
0.76
0.64
0.7
0.76
0.74
0.76
0.76
0.78
0.72
0.72
0.68
0.76
0.76
0.76
0.7
0.62
0.68
0.74
0.78
0.74
0.74
0.74
0.68
0.64
0.6
0.58
0.68
0.72
0.76
0.7
0.7
0.68
0.76
0.76
0.76
0.78
0.74
0.76
0.76
0.76
0.72
0.78
0.76
0.78
0.78
0.72
0.76
0.74
0.78
0.76
0.72
0.78
0.78
0.78
0.72
0.76
0.72
0.62
0.68
0.7
0.74
0.74
0.74
0.64
0.68
0.72
0.7
0.58
0.62
0.54
0.58
0.5
0.5
0.56
0.62
0.6
0.68
0.74
0.7
0.64
0.58
0.66
0.7
0.78
0.74
0.7
0.7
0.72
0.72
0.74
0.72
0.7
0.74
0.72
0.76
0.76
0.76
0.76
0.76
0.72
0.74
0.76
0.78
0.78
0.7
0.7
0.74
0.76
0.76
0.78
0.78
0.76
0.78
0.72
0.72
0.74
0.72
0.76
0.78
0.74
0.72
0.7
0.76
0.68
0.64
0.68
0.68
0.72
0.78
0.74
0.72
0.68
0.56
0.48
0.68
0.6
0.62
0.58
0.6
0.62
0.64
0.64
0.66
0.7
0.74
0.74
0.78
0.72
0.68
0.68
0.7
0.6
0.66
0.64
0.66
0.64
0.68
0.7
0.72
0.7
0.78
0.66
0.76
0.7
0.7
0.72
0.66
0.7
0.72
0.72
0.7
0.76
0.76
0.74
0.76
0.72
0.68
0.66
0.72
0.78
0.72
0.7
0.64
0.66
0.66
0.74
0.7
0.66
0.66
0.62
0.68
0.64
0.56
0.54
0.62
0.54
0.58
0.5
0.56
0.52
0.6
0.64
0.68
0.72
0.72
0.76
0.68
0.7
0.62
0.48
0.5
0.6
0.68
0.7
0.72
0.74
0.78
0.76
0.7
0.78
0.74
0.7
0.68
0.7
0.76
0.74
0.76
0.78
0.74
0.7
0.72
0.74
0.76
0.68
0.74
0.76
0.78
0.72
0.68
0.74
0.7
0.78
0.76
0.7
0.74
0.76
0.76
0.74
0.7
0.74
0.66
0.7
0.7
0.76
0.78
0.74
0.66
0.72
0.74
0.7
0.76
0.78
0.76
0.68
0.74
0.76
0.78
0.78
0.76
0.74
0.76
0.76
0.74
0.66
0.68
0.7
0.66
0.7
0.72
0.68
0.68
0.7
0.56
0.62
0.62
0.54
0.54
0.58
0.62
0.64
0.66
0.62
0.62
0.62
0.66
0.56
0.48
0.6
0.7
0.74
0.72
0.78
0.78
0.72
0.74
0.7
0.68
0.66
0.72
0.74
0.76
0.72
0.72
0.72
0.76
0.76
0.72
0.64
0.7
0.72
0.74
0.76
0.76
0.7
0.7
0.68
0.72
0.72
0.76
0.74
0.74
0.68
0.7
0.72
0.7
0.74
0.74
0.76
0.78
0.78
0.76
0.72
0.72
0.7
0.76
0.76
0.68
0.76
0.78
0.76
0.76
0.78
0.74
0.74
0.72
0.72
0.68
0.72
0.76
0.78
0.64
0.7
0.7
0.72
0.76
0.78
0.66
0.66
0.7
0.72
0.78
0.76
0.78
0.76
0.74
0.78
0.76
0.72
0.7
0.76
0.74
0.72
0.78
0.7
0.68
0.74
0.68
0.76
0.72
0.7
0.72
0.68
0.72
0.76
0.7
0.7
0.68
0.74
0.68
0.68
0.64
0.66
0.76
0.74
0.74
0.76
0.74
0.72
0.72
0.78
0.78
0.76
0.74
0.78
0.7
0.64
0.68
0.68
0.6
0.7
0.72
0.74
0.74
0.76
0.78
0.76
0.74
0.74
0.72
0.68
0.68
0.66
0.6
0.64
0.7
0.68
0.66
0.72
0.68
0.68
0.66
0.68
0.74
0.66
0.74
0.78
0.72
0.74
0.76
0.74
0.76
0.74
0.72
0.68
0.66
0.68
0.68
0.66
0.7
0.7
0.6
0.66
0.58
0.58
0.62
0.78
0.78
0.78
0.76
0.62
0.66
0.62
0.64
0.7
0.72
0.72
0.72
0.74
0.7
0.72
0.74
0.7
0.7
0.76
0.7
0.72
0.6
0.5
0.34
0.42
0.38
0.42
0.48
0.62
0.64
0.66
0.6
0.64
0.72
0.76
0.72
0.78
0.78
0.74
0.78
0.72
0.74
0.76
0.7
0.66
0.78
0.72
0.66
0.78
0.74
0.7
0.68
0.6
0.5
0.5
0.5
0.46
0.52
0.52
0.44
0.38
0.48
