0.33
0.23
0.37
0.47
0.55
0.37
0.45
0.53
0.31
0.41
0.33
0.53
0.51
0.49
0.49
0.51
0.65
0.65
0.63
0.55
0.53
0.69
0.69
0.61
0.43
0.51
0.49
0.59
0.57
0.53
0.43
0.33
0.33
0.33
0.49
0.47
0.39
0.47
0.47
0.53
0.39
0.29
0.35
0.41
0.35
0.43
0.49
0.43
0.49
0.63
0.67
0.69
0.67
0.63
0.63
0.57
0.69
0.65
0.63
0.61
0.53
0.47
0.43
0.51
0.47
0.47
0.57
0.45
0.41
0.39
0.53
0.61
0.53
0.63
0.57
0.49
0.47
0.45
0.63
0.59
0.59
0.57
0.45
0.29
0.43
0.53
0.59
0.71
0.65
0.71
0.69
0.69
0.45
0.37
0.47
0.23
0.31
0.31
0.33
0.21
0.23
0.21
0.25
0.21
0.21
0.21
0.09
0.13
0.13
0.21
0.11
0.25
0.27
0.19
0.43
0.43
0.57
0.63
0.51
0.49
0.63
0.53
0.49
0.45
0.49
0.57
0.67
0.63
0.59
0.59
0.59
0.55
0.59
0.41
0.39
0.39
0.35
0.51
0.35
0.23
0.05
0.05
0.03
0.09
0.17
0.07
0.09
0.19
0.23
0.25
0.23
0.29
0.47
0.47
0.53
0.63
0.69
0.63
0.51
0.63
0.65
0.55
0.49
0.45
0.49
0.45
0.25
0.17
0.23
0.29
0.33
0.27
0.23
0.35
0.37
0.53
0.67
0.51
0.39
0.55
0.35
0.35
0.29
0.29
0.13
0.11
0.15
0.13
0.15
0.37
0.29
0.07
0.05
0.07
0.17
0.29
0.13
0.03
0.03
0.15
0.09
0.11
0.09
0.09
0.15
0.27
0.23
0.25
0.07
0.05
0.07
0.03
0.03
0.13
0.21
0.19
0.25
0.11
0.19
0.23
0.25
0.27
0.47
0.55
0.63
0.51
0.57
0.49
0.61
0.67
0.65
0.61
0.41
0.51
0.53
0.55
0.47
0.41
0.41
0.41
0.41
0.59
0.65
0.51
0.49
0.71
0.63
0.65
0.65
0.69
0.71
0.49
0.35
0.33
0.49
0.67
0.43
0.55
0.47
0.37
0.33
0.49
0.35
0.37
0.41
0.39
0.35
0.43
0.47
0.53
0.59
0.47
0.41
0.59
0.57
0.53
0.55
0.41
0.43
0.47
0.63
0.59
0.61
0.69
0.73
0.67
0.73
0.75
0.63
0.65
0.65
0.67
0.55
0.61
0.51
0.43
0.51
0.59
0.47
0.45
0.53
0.27
0.35
0.51
0.57
0.59
0.53
0.61
0.55
0.51
0.39
0.27
0.25
0.35
0.33
0.39
0.39
0.37
0.47
0.31
0.41
0.35
0.33
0.47
0.37
0.41
0.31
0.43
0.49
0.51
0.47
0.33
0.29
0.25
0.25
0.11
0.05
0.09
0.21
0.31
0.29
0.37
0.49
0.65
0.67
0.71
0.61
0.63
0.57
0.63
0.57
0.47
0.61
0.59
0.73
0.59
0.63
0.61
0.59
0.63
0.69
0.59
0.69
0.67
0.57
0.55
0.65
0.45
0.61
0.61
0.51
0.47
0.45
0.49
0.59
0.47
0.49
0.71
0.65
0.63
0.59
0.59
0.55
0.67
0.61
0.59
0.63
0.63
0.67
0.57
0.55
0.63
0.69
0.53
0.53
0.55
0.61
0.59
0.53
0.59
0.51
0.63
0.67
0.69
0.71
0.69
0.71
0.59
0.45
0.49
0.35
0.35
0.33
0.27
0.55
0.67
0.71
0.53
0.71
0.67
0.73
0.71
0.61
0.57
0.55
0.61
0.57
0.65
0.53
0.71
0.69
0.63
0.55
0.57
0.57
0.57
0.39
0.21
0.17
0.05
0.13
0.21
0.41
0.35
0.43
0.33
0.33
0.31
0.27
0.35
0.43
0.39
0.43
0.41
0.47
0.33
0.59
0.49
0.51
0.53
0.41
0.27
0.27
0.31
0.35
0.29
0.27
0.33
0.23
0.15
0.07
0.25
0.01
0.13
0.11
0.27
0.21
0.05
0.11
0.25
0.35
0.23
0.15
0.07
0.03
0.01
0.07
0.17
0.23
0.17
0.25
0.41
0.35
0.37
0.35
0.33
0.31
0.19
0.33
0.37
0.43
0.39
0.53
0.63
0.69
0.63
0.63
0.67
0.65
0.63
0.71
0.61
0.57
0.59
0.59
0.61
0.53
0.49
0.47
0.43
0.37
0.31
0.29
0.33
0.23
0.45
0.37
0.59
0.51
0.49
0.51
0.59
0.63
0.69
0.69
0.61
0.61
0.53
0.53
0.47
0.43
0.51
0.65
0.59
0.69
0.69
0.71
0.55
0.65
0.57
0.53
0.57
0.67
0.47
0.53
0.55
0.53
0.55
0.69
0.65
0.63
0.55
0.67
0.69
0.71
0.71
0.77
0.67
0.69
0.67
0.61
0.51
0.45
0.47
0.39
0.25
0.13
0.07
0.19
0.01
0.15
0.13
0.03
0.07
0.11
0.05
0.07
0.03
0.07
0.11
0.21
0.19
0.17
0.11
0.35
0.27
0.27
0.33
0.31
0.41
0.35
0.31
0.21
0.17
0.31
0.35
0.23
0.41
0.43
0.51
0.51
0.51
0.65
0.53
0.49
0.37
0.27
0.23
0.33
0.29
0.35
0.55
0.57
0.53
0.55
0.57
0.53
0.57
0.59
0.67
0.77
0.69
0.69
0.63
0.63
0.49
0.37
0.65
0.61
0.57
0.57
0.63
0.53
0.57
0.51
0.43
0.25
0.15
0.41
0.25
0.33
0.45
0.53
0.55
0.61
0.57
0.59
0.67
0.61
0.51
0.59
0.39
0.45
0.45
0.43
0.45
0.59
0.49
0.47
0.47
0.61
0.67
0.69
0.59
0.57
0.43
0.35
0.17
0.29
0.33
0.37
0.51
0.47
0.53
0.43
0.53
0.49
0.53
0.53
0.49
0.51
0.47
0.49
0.45
0.39
0.43
0.51
0.53
0.57
0.49
0.45
0.35
0.41
0.59
0.59
0.41
0.55
0.43
0.39
0.39
0.43
0.27
0.15
0.25
0.29
0.27
0.21
0.17
0.19
0.25
0.37
0.33
0.45
0.35
0.33
0.39
0.25
0.19
0.43
0.41
0.45
0.25
0.21
0.21
0.19
0.13
0.17
0.15
0.05
0.25
0.21
0.09
0.01
0.15
0.01
0.15
0.09
0.07
0.17
0.31
0.33
0.19
0.19
0.37
0.29
0.23
0.37
0.45
0.43
0.29
0.29
0.09
0.05
0.27
0.19
0.17
0.19
0.25
0.07
0.21
0.31
0.37
0.37
0.53
0.41
0.29
0.07
0.23
0.13
0.21
0.15
0.27
0.21
0.31
0.19
0.05
0.01
0.07
0.13
0.01
0.01
0.07
0.13
0.03
0.07
0.09
0.07
0.03
0.03
0.01
0.11
0.01
0.01
0.11
0.23
0.13
0.11
0.01
0.19
0.21
0.15
0.33
0.35
0.39
0.47
0.57
0.57
0.63
0.67
0.49
0.51
0.45
0.47
0.61
0.51
0.57
0.65
0.65
0.45
0.57
0.57
0.63
0.59
0.75
0.65
0.65
0.63
0.69
0.75
0.69
0.59
0.59
0.55
0.55
0.45
0.39
0.45
0.43
0.39
0.33
0.39
0.21
0.23
0.29
0.37
0.35
0.45
0.49
0.51
0.41
0.37
0.51
0.47
0.31
0.27
0.35
0.43
0.33
0.31
0.47
0.33
0.17
0.11
0.05
0.03
0.11
0.07
0.11
0.13
0.31
0.39
0.65
0.63
0.57
0.55
0.61
0.47
0.61
0.59
0.69
0.73
0.63
0.57
0.61
0.53
0.45
0.53
0.59
0.65
0.61
0.71
0.57
0.59
0.65
0.59
0.57
0.47
0.51
0.53
0.53
0.47
0.51
0.43
0.39
0.43
0.35
0.53
0.33
0.29
0.21
0.13
0.13
0.03
0.03
0.17
0.25
0.07
0.01
0.31
0.21
0.19
0.23
0.35
0.41
0.45
0.51
0.67
0.67
0.69
0.65
0.67
0.61
0.61
0.53
0.53
0.45
0.55
0.49
0.41
0.37
0.57
0.57
0.53
0.49
0.53
0.59
0.67
0.63
0.47
0.43
0.53
0.61
0.47
0.49
0.59
0.61
0.65
0.67
0.69
0.67
0.79
0.71
0.63
0.65
0.67
0.65
0.67
0.59
0.55
0.53
0.61
0.63
0.71
0.75
0.67
0.71
0.63
0.55
0.55
0.59
0.65
0.63
0.65
0.69
0.51
0.65
0.59
0.69
0.67
0.65
0.67
