0.48
0.42
0.12
0.04
0.34
0.28
0.24
0.46
0.64
0.64
0.5
0.4
0.64
0.78
0.28
0.28
0.04
0.24
0.06
0.16
0.42
0.32
0.16
0.06
0.06
0.38
0.42
0.82
0.68
0.7
0.74
0.58
0.76
0.5
0.26
0.38
0.3
0.14
0.44
0.46
0.26
0.42
0.64
0.48
0.46
0.38
0.36
0.9
0.9
0.8
0.74
0.6
0.64
0.62
0.32
0.42
0.54
0.26
0.22
0.16
0.08
0.3
0.12
0.02
0.12
0.36
0.64
0.56
0.66
0.3
0.02
0.18
0.14
0.36
0.14
0.22
0.34
0.58
0.7
0.64
0.68
0.66
0.24
0.12
0.62
0.66
0.8
0.82
0.68
0.7
0.76
0.6
0.78
0.88
0.82
0.7
0.6
0.7
0.28
0.56
0.52
0.02
0.06
0.1
0.1
0
0.22
0.22
0.12
0.16
0.1
0.02
0.16
0.06
0.02
0.38
0.7
0.48
0.48
0.46
0.32
0.2
0.16
0.28
0.46
0.18
0.28
0.06
0.3
0.4
0.22
0.16
0.26
0.52
0.5
0.3
0.1
0.1
0.34
0.54
0.4
0.7
0.5
0.6
0.46
0.48
0.52
0.72
0.66
0.66
0.46
0.5
0.18
0.1
0.04
0.02
0.08
0.24
0.66
0.72
0.74
0.78
0.56
0.56
0.78
0.4
0.48
0.32
0.3
0.2
0.22
0.12
0.02
0.32
0.02
0.12
0.14
0.04
0.02
0.04
0.28
0.54
0.06
0.1
0.06
0.28
0.12
0.1
0.3
0.7
0.78
0.78
0.88
0.8
0.52
0.36
0.24
0.16
0.04
0.54
0.64
0.66
0.76
0.52
0.82
0.78
0.62
0.26
0.1
0.44
0.42
0.16
0.16
0.1
0.22
0.04
0.32
0.3
0
0.04
0.1
0
0.22
0.6
0.22
0
0.08
0.18
0.36
0.5
0.28
0.26
0.12
0.18
0.28
0.38
0.22
0.42
0.36
0.14
0.68
0.62
0.8
0.72
0.72
0.5
0.1
0.04
0.1
0.38
0.24
0.3
0.16
0.3
0.26
0.38
0.32
0.02
0.12
0.04
0.16
0.2
0.24
0.26
0.28
0.32
0.28
0.36
0.42
0.7
0.9
0.76
0.76
0.66
0.66
0.8
0.9
0.64
0.46
0.66
0.56
0.18
0.6
0.54
0.18
0.04
0.3
0.02
0
0.28
0.5
0.28
0.24
0.46
0.34
0.7
0.4
0.42
0.14
0.12
0.46
0.4
0.54
0.5
0.52
0.7
0.7
0.74
0.9
0.62
0.86
0.68
0.42
0.26
0.2
0.2
0.1
0.22
0.12
0.34
0.48
0.1
0.12
0.14
0.04
0.02
0.16
0.34
0.48
0.54
0.66
0.42
0.22
0.24
0.12
0.44
0.36
0.5
0.56
0.78
0.64
0.66
0.54
0.36
0.24
0.02
0.02
0.18
0.38
0.18
0.6
0.5
0.42
0.68
0.48
0.76
0.74
0.52
0.62
0.72
0.9
0.74
0.68
0.84
0.68
0.46
0.42
0.5
0.66
0.64
0.44
0.08
0
0.22
0.14
0.02
0.32
0.42
0.16
0.38
0.38
0.08
0.2
0.1
0.5
0.52
0.38
0.62
0.74
0.7
0.78
0.86
0.7
0.68
0.64
0.58
0.62
0.42
0.06
0.44
0.54
0.38
0.3
0.04
0.28
0.52
0.3
0.34
0.18
0.52
0.4
0.34
0.44
0.36
0.18
0.12
0.32
0.5
0.66
0.42
0.1
0
0.42
0.56
0.32
0.26
0.56
0.42
0.4
0.42
0.42
0.58
0.38
0.5
0.54
0.5
0.62
0.42
0.1
0.26
0.52
0.5
0.48
0.62
0.64
0.5
0.38
0.52
0.28
0.42
0.5
0.68
0.62
0.58
0.66
0.68
0.38
0.66
0.64
0.1
0.26
0.44
0.2
0.44
0.44
0.34
0.1
0.04
0.1
0.04
0.1
0.24
0.36
0.4
0.72
0.72
0.64
0.54
0.38
0.42
0.4
0.46
0.34
0.4
0.44
0.58
0.8
0.78
0.58
0.48
0.68
0.58
0.16
0.52
0.48
0.6
0.5
0.44
0.52
0.66
0.56
0.32
0.24
0.34
0.42
0.36
0.46
0.42
0.28
0.12
0.56
0.54
0.66
0.86
0.82
0.54
0.58
0.54
0.48
0.4
0.46
0.22
0.32
0.06
0.12
0.18
0.66
0.36
0.26
0.72
0.84
0.62
0.56
0.58
0.32
0.26
0.4
0.58
0.52
0.66
0.6
0.52
0.6
0.58
0.78
0.68
0.38
0.34
0.12
0.36
0.3
0.32
0.04
0.2
0.16
0.52
0.6
0.6
0.68
0.88
0.52
0.42
0.08
0.12
0.04
0.16
0.06
0
0.12
0.12
0.32
0.72
0.6
0.7
0.34
0.48
0.48
0.54
0.1
0.08
0.3
0.06
0.2
0.18
0.4
0.62
0.72
0.84
0.76
0.58
0.72
0.52
0.12
0.08
0.3
0.42
0.26
0.4
0.62
0.66
0.68
0.42
0.52
0.82
0.72
0.66
0.74
0.64
0.34
0.38
0.3
0.02
0.46
0.24
0.04
0.02
0.28
0.42
0.52
0.24
0.08
0.06
0.14
0.16
0.32
0.2
0.34
0.14
0.22
0.2
0.24
0.04
0.1
0.16
0.52
0.58
0.64
0.1
0.6
0.02
0.6
0.86
0.94
0.76
0.64
0.36
0.32
0.36
0.54
0.7
0.86
0.92
0.66
0.52
0.44
0.6
0.38
0.44
0.68
0.7
0.08
0.48
0.74
0.54
0.48
0.72
0.52
0.26
0.46
0.68
0.76
0.74
0.8
0.84
0.64
0.16
0.16
0.08
0.08
0.1
0.18
0.46
0.58
0.86
0.86
0.74
0.84
0.72
0.68
0.68
0.5
0.3
0.52
0.66
0.66
0.5
0.28
0.4
0.4
0.36
0.18
0.06
0.26
0.22
0.26
0.28
0.56
0.28
0.02
0.12
0.06
0.06
0.16
0.22
0.26
0.02
0.02
0.08
0.18
0.6
0.5
0.3
0.14
0.12
0.34
0.22
0.34
0.24
0.18
0.34
0.28
0.44
0.12
0.08
0.08
0.04
0.1
0.12
0.42
0.58
0.34
0
0.1
0.2
0.46
0.66
0.8
0.8
0.92
0.9
0.78
0.8
0.9
0.78
0.38
0.1
0
0.4
0.78
0.46
0.34
0.48
0.6
0.74
0.76
0.66
0.74
0.86
0.68
0.28
0.34
0.26
0.04
0.14
0.2
0.08
0.02
0.38
0.68
0.6
0.58
0.66
0.78
0.66
0.54
0.38
0.42
0.52
0.62
0.5
0.36
0.54
0.58
0.58
0.38
0.36
0.58
0.7
0.7
0.68
0.8
0.78
0.2
0.02
0.04
0.24
0.32
0.6
0.54
0.48
0.42
0.24
0.16
0.42
0.64
0.48
0.38
0.18
0.18
0
0.06
0.2
0.14
0.24
0.2
0.24
0.18
0.12
0.14
0.1
0.08
0.2
0.16
0.52
0.68
0.68
0.7
0.68
0.52
0.64
0.58
0.34
0.04
0.32
0.06
0.02
0.28
0.06
0.06
0.32
0.16
0.24
0.56
0.52
0.56
0.04
0.14
0.12
0.48
0.68
0.72
0.14
0.12
0.4
0.48
0.42
0.04
0.22
0.06
0.28
0.22
0.06
0.24
0.24
0.16
0.02
0.04
0.3
0.46
0.5
0.06
0.02
0.72
0.38
0.56
0.14
0.48
0.3
0.22
0.44
0.4
0.64
0.54
0.5
0.24
0.28
0.38
0.42
0.54
0.46
0.34
0.64
0.84
0.66
0.58
0.58
0.54
0.64
0.76
0.48
0.36
0.4
0.52
0.72
0.54
0.48
0.38
0.38
0.04
0.06
0.16
0.1
0.1
0.22
0.42
0.12
0.26
0.38
0.12
0.18
0.02
0.08
0.02
0.14
0.02
0.12
0.1
0.24
0.02
0.34
0.24
0.56
0.54
0.7
0.76
0.76
0.68
0.3
0.64
0.68
0.76
0.68
0.18
0.04
0.06
0.44
0.46
0.54
0.78
0.9
0.74
0.82
0.8
0.8
0.8
0.62
0.28
0.14
0.24
0.26
0.04
0.4
0.48
0.72
0.62
0.52
0.54
0.72
0.66
0.44
0.02
0.2
0.3
0.26
0.04
0.04
0.06
0.32
0.64
0.62
0.86
0.5
0.44
0.32
0.06
0.28
0.28
0.1
0.06
0.54
0.66
