0.2
0.4
0.4
0.42
0.78
0.74
0.8
0.88
0.92
0.88
0.96
0.9
0.9
0.86
0.88
1
0.88
0.86
0.94
0.96
0.9
0.96
0.94
0.92
0.98
0.98
1
0.94
0.92
0.92
0.94
0.96
0.76
0.78
0.84
0.86
0.94
0.98
0.98
0.94
0.96
0.94
0.96
0.94
0.9
0.96
0.98
0.94
0.9
0.7
0.52
0.84
0.88
0.92
0.98
0.92
0.98
1
0.96
0.9
0.98
0.82
0.96
0.82
0.88
0.84
0.92
0.88
0.98
0.96
0.98
0.94
0.9
0.84
0.86
0.96
0.88
0.88
0.96
0.98
0.92
0.82
0.9
0.76
0.72
0.82
0.82
0.94
0.96
0.94
0.96
0.92
0.86
0.84
0.84
0.98
1
0.94
0.88
0.9
0.88
0.94
0.98
0.96
0.92
0.92
0.84
0.92
0.84
0.94
0.9
0.88
0.92
0.82
0.9
0.96
0.92
0.96
0.92
0.94
0.86
0.94
0.96
0.88
0.94
0.98
1
0.88
0.84
0.94
0.98
0.9
0.98
0.9
0.86
0.94
1
1
0.96
0.84
1
1
0.9
0.84
0.94
0.98
0.92
0.82
0.92
0.96
0.98
0.92
0.92
0.84
0.94
0.98
0.92
0.86
0.84
0.84
0.86
0.94
0.98
0.98
0.96
0.96
0.98
0.9
0.94
0.86
1
0.9
0.94
0.98
0.96
0.98
0.96
0.82
0.84
0.92
0.98
0.86
0.76
0.82
0.82
0.8
0.76
0.94
0.92
0.98
0.94
0.98
0.92
1
0.96
0.96
0.98
1
1
0.92
0.86
0.92
0.96
0.98
0.98
0.98
0.92
0.82
0.92
0.9
0.84
0.82
0.76
0.72
0.62
0.84
0.92
0.94
0.94
0.76
0.58
0.76
0.88
0.9
1
0.94
0.9
0.92
0.94
0.96
0.96
0.96
0.94
0.96
0.96
0.98
0.94
0.94
0.9
0.88
0.84
0.86
0.92
0.92
0.86
0.9
0.96
1
0.9
0.98
0.96
0.98
0.98
0.94
0.98
0.9
0.84
0.96
0.98
0.94
0.84
0.94
0.92
0.88
0.86
0.94
0.94
0.92
0.74
0.92
0.92
0.88
0.92
0.92
0.86
0.86
0.82
0.96
0.94
0.98
0.98
0.94
0.9
0.94
0.94
0.96
0.84
0.94
0.96
0.92
0.66
0.6
0.8
0.86
0.92
0.86
0.88
0.88
0.98
0.98
0.98
1
0.86
0.96
0.94
0.94
0.98
0.92
0.96
0.96
0.92
0.94
0.9
0.96
0.94
0.9
1
0.94
0.88
0.84
0.86
0.88
0.66
0.86
0.88
0.96
0.94
0.96
0.96
0.94
0.98
0.94
0.94
0.94
0.96
0.86
0.92
0.84
1
0.96
0.86
0.76
0.92
0.88
1
0.98
0.98
0.96
0.94
0.96
0.94
0.96
0.78
0.76
0.94
0.98
0.92
0.96
0.98
0.96
0.92
0.88
0.86
0.84
0.84
0.8
0.9
0.92
0.92
0.82
0.76
0.98
0.94
0.98
0.92
0.98
0.96
0.84
0.88
0.96
0.86
0.58
0.52
0.42
0.7
0.86
0.84
0.84
0.9
0.94
0.98
0.92
0.92
0.98
0.94
0.88
0.9
0.98
0.92
0.92
0.98
0.98
0.92
0.94
0.96
0.9
0.84
0.92
0.92
0.96
0.94
0.96
0.96
0.96
0.78
0.92
0.86
0.84
0.92
0.96
1
0.92
0.86
0.98
0.96
0.9
0.96
0.86
0.86
0.78
0.66
0.64
0.78
0.74
0.68
0.68
0.7
0.84
0.98
0.98
0.94
0.94
0.96
0.92
0.96
0.92
0.92
0.92
0.98
0.98
0.86
0.9
0.98
0.96
0.92
1
0.98
0.94
1
0.98
0.96
0.98
0.94
0.96
0.98
0.98
0.92
0.8
0.92
0.98
0.9
0.9
0.94
0.98
0.98
0.94
0.86
0.78
0.9
0.96
0.96
0.88
0.92
0.98
0.98
0.96
0.92
0.84
0.9
0.94
0.96
0.78
0.68
0.92
0.96
0.92
0.96
0.98
0.92
0.74
0.68
0.84
0.88
0.9
0.98
0.96
0.9
0.9
0.88
0.9
0.84
0.8
0.94
0.94
0.88
0.74
0.92
0.88
1
0.98
0.86
0.7
0.86
0.94
0.84
0.92
1
0.98
0.88
0.92
0.94
0.86
0.92
0.96
0.94
0.92
0.82
0.92
1
0.98
1
1
0.94
0.96
0.86
0.94
0.9
0.86
0.96
0.98
0.98
0.82
0.68
0.46
0.36
0.42
0.78
0.76
0.86
0.92
0.96
0.94
0.96
0.98
0.86
0.98
1
0.98
0.98
0.98
0.98
0.98
0.92
0.92
0.98
0.92
0.94
0.92
0.92
0.86
0.9
0.8
0.96
0.88
0.9
0.9
0.9
0.88
0.9
0.94
0.9
0.76
0.92
0.92
0.92
0.94
0.92
0.82
0.94
0.92
0.94
0.92
0.98
0.98
0.96
0.9
0.9
0.92
0.96
0.86
0.96
0.96
0.96
0.9
0.9
0.86
0.92
0.98
0.98
0.96
0.92
0.9
0.9
0.96
0.98
0.98
0.88
0.94
0.94
0.96
0.98
0.96
0.98
0.92
0.94
0.96
0.9
0.64
0.82
0.94
1
0.86
0.92
0.92
0.88
0.74
0.9
1
0.94
0.94
0.92
0.96
0.96
0.88
0.86
0.86
0.98
0.94
0.94
0.94
0.9
0.9
0.98
0.98
0.92
0.96
0.96
0.98
0.92
0.92
1
0.92
0.98
0.96
0.96
0.96
0.96
0.94
0.96
0.92
0.92
0.94
0.98
0.9
0.9
0.9
0.96
0.94
0.94
0.84
0.96
0.82
1
0.96
0.92
0.88
0.88
0.78
0.76
1
0.92
0.94
0.92
0.94
0.92
0.88
0.9
0.9
0.88
0.86
0.78
0.8
0.86
0.98
0.84
0.86
0.86
0.84
0.94
0.96
0.78
0.8
0.84
0.8
0.96
0.96
1
0.92
0.94
0.96
0.84
0.92
0.94
0.94
0.76
0.78
0.84
0.86
0.96
0.98
0.96
0.92
0.9
0.84
0.96
0.96
0.86
0.92
0.9
0.72
0.88
0.8
1
0.98
0.92
0.98
0.82
0.96
0.84
0.72
0.58
0.9
0.94
0.8
0.88
0.78
0.96
0.86
0.98
0.9
0.92
0.98
1
0.84
0.94
0.94
1
0.9
0.92
0.98
0.94
0.88
0.96
0.86
0.94
0.92
0.9
0.98
0.92
0.88
0.94
1
0.96
0.88
0.96
0.92
0.9
0.96
0.9
0.94
0.96
1
0.96
0.94
0.98
0.96
0.92
0.92
0.88
0.98
0.98
0.98
0.94
1
0.94
1
1
0.96
0.94
0.94
0.9
0.94
0.94
0.9
0.8
0.64
0.46
0.7
0.58
0.66
0.94
0.88
1
0.92
0.9
0.96
0.92
0.88
0.88
0.86
0.92
0.92
0.72
0.8
0.86
0.98
1
0.98
0.96
0.86
0.92
0.92
0.88
0.98
0.92
0.96
0.96
0.96
0.9
0.86
0.92
0.94
0.86
0.9
0.98
0.96
0.96
0.94
0.98
0.96
0.8
0.78
0.8
0.64
0.86
0.9
0.84
0.9
0.96
0.76
0.7
0.74
0.74
0.78
0.66
0.92
0.94
0.7
0.76
0.88
0.98
0.98
0.88
0.8
0.8
0.96
0.96
0.84
0.9
0.94
0.88
0.88
0.94
0.98
0.88
0.94
0.8
0.94
0.94
0.84
0.86
0.94
0.94
0.9
0.94
1
0.9
0.86
0.82
0.76
0.82
0.86
0.94
0.84
0.88
0.96
0.92
0.96
0.96
0.92
0.78
0.88
0.84
0.9
0.86
0.88
0.86
0.9
0.86
0.86
0.84
0.8
0.62
0.56
0.86
0.96
0.92
0.92
1
0.96
0.98
0.98
0.94
0.96
0.94
0.96
0.92
0.92
0.96
0.92
0.96
0.96
0.98
0.9
0.9
0.98
0.82
0.94
0.96
0.92
0.92
0.94
0.94
0.98
0.92
0.78
0.76
0.62
0.74
0.78
0.92
0.94
0.94
0.88
0.72
0.78
0.82
0.86
0.94
0.94
0.94
0.92
0.92
0.88
0.88
0.98
0.98
0.9
0.88
0.86
0.96
