0.42
0.62
0.04
0.18
0.3
0.48
0.6
0.82
0.92
0.7
0.54
0.64
0.74
0.7
0.94
0.86
0.88
0.86
0.66
0.74
0.78
0.78
0.7
0.7
0.74
0.72
0.84
0.84
0.74
0.78
0.64
0.78
0.86
0.7
0.74
0.84
0.86
0.96
0.86
0.92
0.92
0.94
0.92
0.54
0.36
0.18
0.24
0.16
0.06
0.32
0.6
0.72
0.76
0.94
0.78
0.06
0.28
0.06
0.14
0.1
0.06
0.3
0.44
0.58
0.84
0.92
0.72
0.82
0.64
0.46
0.66
0.8
0.84
0.86
0.9
0.88
0.86
0.9
0.9
0.84
0.94
0.7
0.74
0.82
0.74
0.54
0.64
0.8
0.56
0.36
0.48
0.58
0.54
0.58
0.88
0.92
1
0.84
0.68
0.86
0.8
0.72
0.64
0.74
0.72
0.82
0.8
0.78
0.88
0.82
0.92
0.92
0.96
0.9
0.76
0.7
0.7
0.88
0.88
0.86
0.78
0.96
0.92
0.86
0.9
0.92
0.82
0.88
0.8
0.82
0.88
0.94
1
0.9
0.82
0.92
0.86
0.82
0.7
0.8
0.86
0.98
0.98
0.9
0.88
0.82
0.82
0.56
0.46
0.48
0.68
0.46
0.34
0.44
0.46
0.64
0.72
0.74
0.7
0.7
0.96
0.88
0.9
0.86
0.52
0.72
0.62
0.62
0.68
0.62
0.76
0.9
0.86
0.78
0.9
0.92
0.86
0.96
0.86
0.98
0.82
0.74
0.74
0.82
0.9
0.7
0.64
0.86
0.8
0.94
0.94
0.98
0.78
0.84
0.8
0.88
0.9
0.9
0.98
0.84
0.9
0.92
0.98
0.9
0.78
0.8
0.92
0.84
0.84
0.92
0.9
0.88
0.9
0.84
0.62
0.38
0.06
0.42
0.36
0.52
0.4
0.5
0.44
0.4
0.4
0.3
0.46
0.16
0.12
0.3
0.62
0.64
0.84
0.94
0.84
0.92
0.94
0.88
0.9
0.86
0.74
0.92
0.76
0.76
0.86
0.72
0.54
0.56
0.76
0.88
0.78
0.7
0.56
0.6
0.6
0.54
0.36
0.28
0.28
0.04
0.2
0.26
0.36
0.54
0.72
0.64
0.68
0.7
0.64
0.74
0.84
0.86
0.6
0.76
0.9
0.96
0.96
0.8
0.9
0.92
0.84
0.5
0.24
0.38
0.16
0.18
0.4
0.68
0.88
0.92
0.88
0.8
0.62
0.78
0.86
0.8
0.72
0.6
0.32
0.26
0.38
0.5
0.52
0.84
0.88
0.9
0.92
0.88
0.68
0.86
0.88
0.84
0.76
0.8
0.82
0.92
0.88
0.94
0.92
0.76
0.9
0.82
0.62
0.78
0.82
0.88
0.94
0.84
0.86
0.94
0.92
0.8
0.64
0.58
0.56
0.64
0.6
0.32
0.34
0.12
0.36
0.52
0.56
0.38
0.14
0.14
0.06
0.06
0.22
0.28
0.24
0.1
0.1
0.06
0.32
0.18
0.24
0.02
0.18
0.04
0.1
0.14
0.32
0.64
0.56
0.4
0.48
0.74
0.94
0.68
0.6
0.58
0.66
0.88
0.92
0.88
0.78
0.74
0.62
0.46
0.6
0.4
0.1
0.06
0.1
0.34
0.04
0.32
0.38
0.14
0.04
0.28
0.34
0.42
0.48
0.56
0.7
0.74
0.84
0.68
0.86
0.88
0.76
0.9
0.96
1
0.9
0.84
0.68
0.48
0.48
0.2
0.3
0.74
0.68
0.54
0.52
0.62
0.64
0.54
0.56
0.6
0.7
0.86
0.88
0.8
0.78
0.78
0.76
0.76
0.8
0.84
0.78
0.66
0.52
0.48
0.56
0.68
0.44
0.78
0.82
0.98
0.96
0.88
0.78
0.66
0.6
0.42
0.6
0.9
0.94
0.94
0.9
0.84
0.92
0.96
0.92
0.9
0.86
0.86
0.78
0.86
0.78
0.86
0.92
0.86
0.8
0.82
0.7
0.76
0.98
0.84
0.9
0.82
0.66
0.74
0.64
0.7
0.96
0.92
0.88
0.6
0.48
0.56
0.62
0.84
0.8
0.82
0.86
0.76
0.78
0.86
0.84
0.88
0.94
0.92
0.96
0.84
0.84
0.48
0.54
0.88
0.88
0.6
0.66
0.54
0.76
0.82
0.72
0.74
0.36
0.24
0.3
0.32
0.4
0.52
0.42
0.86
0.86
0.84
0.8
0.9
0.72
0.7
0.74
0.98
0.96
1
0.9
0.84
0.74
0.46
0.22
0.22
0.04
0.44
0.72
0.66
0.38
0.18
0.5
0.66
0.56
0.74
0.86
0.9
0.84
0.92
0.88
0.88
0.76
0.9
0.88
0.72
0.94
0.82
0.9
0.82
0.66
0.62
0.8
0.86
0.82
0.9
0.8
0.86
0.76
0.98
0.92
0.7
0.84
0.88
0.72
0.52
0.62
0.74
0.92
0.92
0.96
0.9
0.86
0.82
0.68
0.78
0.78
0.72
0.88
0.82
0.84
0.86
0.74
0.38
0.04
0.06
0.12
0.5
0.72
0.8
0.56
0.74
0.8
0.8
0.86
0.96
0.9
0.98
0.88
0.94
0.92
0.96
0.92
0.94
0.8
0.8
0.56
0.28
0.12
0.3
0.48
0.72
0.64
0.66
0.88
0.92
1
1
0.86
0.82
0.82
0.74
0.72
0.8
0.8
0.7
0.78
1
0.9
0.7
0.82
0.92
0.98
0.98
0.88
0.94
0.88
0.94
0.78
0.98
0.92
0.9
0.96
0.74
0.88
0.88
0.9
0.76
0.86
0.9
0.82
0.94
0.88
0.94
0.94
0.94
0.82
0.8
0.9
0.7
0.82
0.78
0.8
0.66
0.66
0.76
0.62
0.6
0.68
0.76
0.66
0.6
0.52
0.52
0.38
0.26
0.16
0.54
0.5
0.82
0.9
0.94
0.88
0.96
0.78
0.94
0.9
0.98
0.82
0.56
0.76
0.86
0.68
0.64
0.64
0.7
0.88
0.92
0.84
0.82
0.82
0.82
0.82
0.94
0.84
0.96
0.96
0.82
0.76
0.82
0.56
0.78
0.92
0.74
0.92
0.82
0.76
0.92
0.76
0.9
0.86
0.84
0.82
0.82
0.92
0.96
0.96
0.92
0.96
0.62
0.66
0.5
0.66
0.6
0.64
0.7
0.66
0.66
0.82
0.9
0.82
0.74
0.74
0.82
0.84
0.8
0.62
0.52
0.58
0.82
0.78
0.78
0.78
0.8
0.9
0.84
0.72
0.58
0.32
0.36
0.46
0.6
0.8
0.8
0.8
0.7
0.82
0.72
0.9
0.9
0.98
0.92
0.98
0.94
0.82
0.58
0.34
0.56
0.62
0.64
0.74
0.8
0.76
0.78
0.9
0.94
0.84
0.88
0.92
0.78
0.86
0.84
0.64
0.8
0.8
0.8
0.96
0.84
0.82
0.92
0.86
0.94
0.76
0.76
0.72
0.78
0.96
0.92
0.76
0.9
0.82
0.72
0.64
0.46
0.7
0.84
0.68
0.7
0.72
0.78
0.8
0.74
0.44
0.4
0.32
0.44
0.1
0.02
0.46
0.72
0.8
0.82
0.7
0.86
0.86
0.84
0.92
0.88
0.92
0.9
0.82
0.86
0.72
0.78
0.88
0.9
0.92
0.76
0.4
0.9
0.84
0.62
0.6
0.74
0.68
0.58
0.74
0.64
0.68
0.94
0.88
0.9
0.88
0.8
0.84
0.72
0.58
0.4
0.72
0.72
0.76
0.74
0.78
0.96
0.9
0.82
0.32
0.14
0.24
0.24
0.22
0.44
0.68
0.72
0.9
0.9
0.96
0.92
0.86
0.86
0.86
0.84
0.82
0.92
0.72
0.56
0.64
0.56
0.8
0.68
0.92
0.6
0.08
0.22
0.38
0.7
0.64
0.64
0.62
0.78
0.58
0.52
0.64
0.36
0.68
0.88
0.94
0.82
0.8
0.7
0.92
0.9
0.62
0.56
0.64
0.8
0.7
0.66
0.8
0.9
0.8
0.62
0.64
0.66
0.5
0.46
0.54
0.7
0.76
0.9
0.8
0.8
0.66
0.74
0.84
0.92
0.76
0.68
0.76
0.76
0.88
0.82
0.94
0.86
0.84
0.86
0.82
0.72
0.68
0.62
0.7
0.84
0.86
0.88
0.8
0.9
0.9
0.92
0.82
0.68
0.66
0.72
0.58
0.8
0.88
0.86
0.92
0.82
0.74
0.68
0.6
0.54
0.7
0.64
0.92
0.8
0.9
0.8
0.56
0.7
0.78
0.7
0.68
