0.3
0.38
0.68
0.84
0.9
0.96
0.94
0.92
0.84
0.76
0.88
0.84
0.94
0.94
0.92
1
0.96
0.9
0.88
0.94
0.96
0.92
0.94
0.94
0.96
0.94
0.98
0.96
0.96
0.98
0.9
0.82
0.96
0.88
0.98
0.98
0.86
0.84
0.74
0.96
0.88
0.86
0.98
0.94
0.86
0.96
0.94
0.84
0.92
1
0.94
0.9
0.88
0.84
0.88
0.68
0.68
0.62
0.74
0.9
0.9
0.96
0.94
0.88
0.88
0.94
0.96
0.88
0.96
0.98
0.92
1
0.92
0.84
1
0.86
0.88
0.94
0.96
0.98
0.96
0.98
0.92
0.9
0.84
0.86
0.88
0.88
0.96
0.98
0.84
0.92
1
0.98
0.92
0.82
0.76
0.84
0.94
0.9
0.9
0.9
0.92
0.94
0.96
0.98
0.88
0.86
0.92
0.92
0.82
0.92
0.96
0.96
0.9
0.94
0.92
0.96
0.96
1
0.96
0.96
0.88
0.9
0.96
0.96
0.96
0.9
0.94
0.96
0.92
0.96
0.92
0.98
1
0.92
0.78
0.76
0.62
0.84
0.96
0.92
0.94
0.98
0.94
0.78
0.8
0.8
0.94
0.94
0.96
0.94
0.86
0.96
1
0.98
0.96
0.94
0.9
0.82
0.96
0.94
0.96
0.86
0.94
0.84
0.82
0.98
0.88
0.86
0.94
0.96
0.8
0.92
0.86
0.92
0.96
0.98
0.98
0.96
0.96
0.98
0.98
0.92
0.98
0.98
0.88
0.82
0.86
0.98
0.86
0.92
0.94
0.96
0.86
0.96
0.94
0.92
0.98
0.92
0.9
0.88
0.82
0.9
0.98
0.84
0.96
0.98
0.96
0.9
0.92
0.98
0.96
0.94
1
1
0.84
0.88
1
0.84
0.88
0.98
0.98
0.88
0.98
0.96
0.98
0.98
0.96
0.9
0.88
0.94
0.82
0.96
0.98
0.84
0.92
0.94
0.94
0.96
0.86
0.92
0.94
0.88
0.8
0.8
0.88
0.94
0.86
0.98
1
0.98
0.94
0.92
0.96
0.92
0.96
1
0.94
0.94
0.9
0.84
0.78
0.86
0.88
0.88
0.84
0.74
0.62
0.6
0.8
0.82
0.96
0.98
0.96
0.98
0.98
0.9
0.9
0.94
0.96
0.9
0.96
0.94
0.92
0.92
0.88
1
0.98
0.98
0.98
0.96
0.84
0.76
0.94
0.92
0.88
1
0.94
0.94
0.96
0.94
0.98
0.92
0.96
0.92
0.96
0.98
0.86
0.98
0.88
0.98
0.96
0.92
0.98
0.98
0.88
0.96
0.98
0.96
0.82
0.76
0.9
0.88
0.92
0.68
0.76
0.84
0.8
0.86
0.96
0.96
0.98
0.92
0.94
0.88
0.98
0.96
0.88
0.9
0.94
0.9
0.9
0.92
0.92
0.84
0.76
0.88
0.86
0.8
0.74
0.88
0.86
0.98
0.98
0.88
0.86
0.86
0.74
0.54
0.52
0.54
0.64
0.64
0.7
0.76
0.62
0.64
0.74
0.96
0.78
0.8
0.88
0.8
0.9
0.96
0.94
0.94
0.96
0.96
0.88
1
0.82
0.82
0.84
0.94
0.94
0.88
0.86
0.96
1
0.98
1
0.92
0.92
0.82
0.8
0.9
0.94
0.96
0.76
0.92
0.96
0.98
0.88
0.76
0.94
0.98
0.92
0.96
0.9
0.92
1
0.94
0.98
1
1
0.86
0.94
0.9
0.9
0.94
0.86
0.88
0.94
0.88
0.74
0.68
0.68
0.84
0.9
1
0.96
1
0.98
0.92
0.9
1
0.94
0.96
0.92
0.98
0.98
1
0.92
0.82
0.78
0.76
0.88
0.94
0.94
0.86
0.92
0.96
0.96
0.98
0.94
0.92
0.86
0.76
0.76
0.62
0.9
0.98
0.94
0.94
0.96
0.96
1
0.96
0.96
0.98
0.96
0.94
0.96
0.96
0.96
0.92
0.96
0.96
0.92
0.86
0.82
0.78
0.9
0.9
0.9
0.88
0.8
0.96
1
0.94
0.96
0.98
0.98
0.94
0.88
0.78
0.6
0.62
0.74
0.86
0.94
1
0.96
0.94
0.96
0.96
1
1
0.94
0.98
0.94
0.92
0.96
0.72
0.86
0.9
0.88
0.92
0.98
0.86
0.84
0.86
0.84
1
0.94
0.92
0.92
0.9
0.98
1
0.96
0.96
0.9
0.88
0.92
0.8
0.72
0.84
0.96
0.94
0.96
0.98
0.94
0.92
0.98
0.94
0.94
0.92
0.98
0.9
0.92
0.84
0.92
0.92
0.92
0.92
1
0.9
0.98
0.96
0.92
0.98
0.86
0.82
0.88
0.76
0.76
0.88
0.92
0.96
1
0.92
0.94
0.92
0.88
0.92
0.96
0.92
0.96
0.94
0.98
1
0.92
1
0.96
0.98
0.98
0.98
0.96
0.96
0.94
0.92
0.84
0.76
0.86
0.92
0.92
0.82
0.86
0.88
0.98
0.92
0.96
0.94
0.92
0.9
0.92
0.84
0.92
0.9
0.82
0.82
0.82
0.98
0.96
0.98
0.96
0.96
0.98
0.96
0.84
0.96
0.94
0.94
0.96
0.94
0.92
1
0.96
1
0.92
0.98
1
0.96
0.92
0.84
0.86
0.88
0.88
0.8
1
0.92
0.82
0.94
0.94
0.98
1
0.94
0.94
0.98
0.78
0.9
0.94
0.88
0.86
0.92
0.94
0.88
0.92
0.98
0.98
0.94
1
0.98
1
1
0.92
0.98
1
0.98
0.98
0.92
0.96
0.94
0.88
0.9
1
0.98
1
0.94
0.92
0.9
0.9
0.96
0.94
0.98
0.94
0.96
0.94
0.96
0.9
0.88
0.94
0.94
0.92
1
1
0.94
0.98
0.98
0.94
0.82
0.78
0.7
0.7
0.88
0.86
0.94
0.96
0.88
0.94
0.9
0.92
0.92
0.84
0.92
0.94
0.98
0.96
0.98
0.88
0.96
0.9
0.88
0.96
0.88
0.78
0.84
0.88
0.9
0.84
0.82
0.86
0.72
0.88
0.86
0.98
1
0.88
0.86
0.84
0.66
0.58
0.58
0.46
0.62
0.98
0.84
0.98
0.98
0.88
0.8
0.94
0.96
0.88
0.96
0.94
0.98
0.98
1
0.96
0.88
0.86
0.84
0.94
0.96
0.96
0.98
0.94
0.96
0.98
1
1
1
0.98
1
0.92
0.94
0.98
0.96
0.78
0.9
0.92
0.98
0.94
0.9
0.94
0.94
0.98
0.96
0.96
0.92
1
0.9
0.98
0.98
0.88
0.88
0.9
0.94
0.96
0.98
0.94
0.9
0.9
0.88
0.98
1
1
0.96
0.94
0.96
0.94
0.9
0.96
0.94
0.86
0.78
0.92
0.88
0.88
0.94
0.86
0.96
0.92
0.92
0.78
0.96
0.94
0.98
0.92
0.8
0.9
0.98
0.98
0.98
0.88
0.84
1
1
0.88
0.96
0.94
0.9
0.9
0.88
0.88
0.96
0.96
0.94
0.98
0.84
0.94
0.96
1
0.94
0.96
0.98
1
0.88
0.88
0.94
0.98
0.86
0.86
0.88
0.96
0.96
0.78
0.9
0.96
0.92
0.98
0.86
0.9
0.86
0.9
0.9
0.9
0.92
0.96
0.98
0.96
0.92
0.92
0.96
0.92
0.94
0.84
0.94
0.96
0.88
0.98
0.98
0.94
1
0.9
0.98
0.86
0.8
0.76
0.66
0.02
0.1
0.84
0.94
0.98
1
0.98
0.88
0.98
0.94
0.92
0.94
1
0.96
0.94
0.9
0.94
0.92
0.9
0.96
0.92
0.96
1
0.94
0.9
0.96
0.96
0.9
0.88
0.9
0.96
0.92
0.92
0.9
0.84
0.88
0.88
0.86
0.92
0.96
0.98
0.94
0.84
0.78
0.94
1
0.92
0.94
1
0.96
0.96
0.86
0.98
0.96
0.98
0.96
0.94
0.94
0.96
0.92
0.94
1
0.92
0.92
0.8
0.8
0.78
0.98
0.88
0.84
1
1
0.9
0.92
0.98
0.98
0.9
0.94
0.94
0.8
0.96
0.92
1
0.98
0.92
0.98
0.94
0.94
0.94
1
0.96
0.94
0.82
0.98
0.94
0.96
0.92
