0.28
0.28
0.06
0.04
0
0.72
0.72
0.52
0.66
0.5
0.26
0.06
0.1
0.1
0.12
0.04
0.2
0.18
0.36
0.52
0.52
0.52
0.54
0.7
0.72
0.64
0.84
0.54
0.68
0.68
0.3
0.24
0.22
0.52
0.54
0.28
0.3
0.6
0.34
0.18
0.12
0.22
0.08
0.22
0.06
0.16
0.12
0.3
0.18
0.32
0.34
0.46
0.64
0.62
0.5
0.44
0.68
0.18
0.46
0.2
0.08
0.18
0.16
0.06
0.06
0.02
0.04
0.4
0.5
0.8
0.64
0.76
0.74
0.78
0.58
0.24
0.46
0.68
0.24
0.38
0.64
0.64
0.4
0.6
0.36
0.48
0.22
0.04
0.14
0.06
0.62
0.58
0.38
0.22
0.34
0.56
0.7
0.6
0.18
0.12
0.08
0.48
0.08
0.3
0.02
0.04
0.28
0.16
0.12
0.12
0.12
0.2
0.42
0.34
0.3
0.4
0.62
0.52
0.2
0.56
0.6
0.4
0.08
0.04
0.38
0.16
0.08
0.12
0.18
0.58
0.42
0.84
0.38
0.2
0.04
0.22
0.58
0.6
0.5
0.44
0.5
0.34
0.1
0.12
0.28
0.46
0.56
0.12
0.38
0.26
0.1
0.38
0.44
0.26
0.36
0.36
0.08
0.06
0.2
0.32
0.48
0.42
0.3
0.52
0.44
0.32
0.1
0.04
0.1
0.12
0.24
0.02
0.22
0.36
0.52
0.54
0.56
0.1
0.18
0.04
0.12
0.26
0.42
0.5
0.62
0.56
0.72
0.66
0.74
0.32
0.38
0.38
0.4
0.6
0.7
0.42
0.32
0.44
0.7
0.66
0.52
0.36
0.18
0.06
0.3
0.5
0.24
0.4
0.22
0.04
0.28
0.62
0.78
0.48
0.06
0.14
0.06
0.52
0.54
0.44
0.36
0.3
0.12
0
0.18
0.2
0.34
0.58
0.58
0.3
0.06
0.16
0.26
0.18
0.1
0.1
0.22
0.26
0.26
0.32
0.32
0.32
0.2
0.58
0.48
0.44
0.1
0.2
0.48
0.42
0.1
0.06
0
0.02
0.2
0.74
0.54
0.34
0.22
0.24
0.2
0.32
0.58
0.64
0.12
0.32
0.44
0.14
0.32
0.3
0.24
0.02
0.06
0.12
0.06
0.12
0.2
0.24
0.16
0.22
0.46
0.42
0.64
0.5
0.34
0.34
0.24
0.08
0.24
0
0.12
0.1
0.14
0.04
0.32
0.2
0.28
0.18
0.38
0.5
0.48
0.42
0.1
0.06
0.14
0.28
0.32
0.42
0.24
0.26
0.62
0.44
0.58
0.46
0.42
0.46
0.56
0.36
0.26
0.2
0.5
0.74
0.62
0.56
0.5
0.04
0.08
0.08
0.08
0.16
0.3
0.2
0.2
0.14
0.32
0.2
0.54
0.7
0.6
0.42
0.54
0.36
0.08
0.36
0.24
0.1
0.26
0.06
0.34
0.14
0.22
0.2
0.52
0.38
0.12
0.04
0.24
0.1
0.34
0.38
0.32
0.4
0.56
0.8
0.86
0.7
0.44
0.46
0.02
0.14
0.18
0.64
0.92
0.52
0.68
0.36
0.02
0.26
0
0.14
0.02
0.12
0.32
0.64
0.54
0.58
0.5
0.58
0.32
0.36
0.4
0.16
0.42
0.18
0.32
0.18
0.24
0.14
0.02
0.02
0.4
0.4
0.54
0.68
0.48
0.44
0.5
0.54
0.62
0.02
0.44
0.26
0.12
0.2
0.18
0.4
0.74
0.56
0.38
0.12
0.08
0.3
0.18
0.02
0.38
0.56
0.58
0.56
0.5
0.46
0.28
0.36
0.54
0.38
0.28
0.06
0.2
0
0.12
0.16
0.36
0.12
0.08
0.08
0.16
0.24
0.48
0.44
0.68
0.72
0.54
0.74
0.82
0.78
0.66
0.5
0.42
0.12
0.26
0.04
0.1
0.12
0
0.16
0.02
0.24
0
0.58
0.52
0.54
0.3
0.24
0.26
0.18
0.1
0.5
0.04
0.26
0.54
0.72
0.62
0.28
0.16
0.12
0.12
0.36
0.02
0.1
0.08
0.28
0.34
0.46
0.22
0.02
0.42
0.32
0.72
0.34
0.58
0.46
0.22
0.18
0
0.26
0.2
0.22
0.04
0
0.1
0.58
0.78
0.78
0.84
0.74
0.52
0.04
0.24
0.32
0.44
0.46
0.28
0.28
0.46
0.44
0.46
0.4
0.18
0.12
0.14
0.1
0.16
0.62
0.4
0.22
0.4
0.52
0.38
0.22
0.1
0
0.22
0.02
0
0.12
0.12
0.2
0.02
0.06
0.32
0.16
0.34
0.28
0.38
0.16
0.18
0.2
0.06
0.28
0.28
0.3
0.48
0.28
0.44
0.66
0.24
0.06
0.34
0.24
0.36
0.28
0.76
0.48
0.58
0.64
0.54
0.56
0.62
0.4
0.38
0.14
0.22
0.2
0.06
0.24
0.1
0.28
0.24
0.22
0.46
0.68
0.74
0.5
0.22
0.4
0.28
0.08
0.22
0.24
0.14
0.48
0.7
0.52
0.12
0.42
0.42
0.08
0.26
0.26
0.22
0.26
0.16
0.24
0.24
0.14
0.44
0.2
0.14
0.12
0.02
0.18
0.32
0.06
0.18
0.16
0.24
0.26
0.04
0.32
0.34
0.16
0.02
0.24
0.2
0.1
0.12
0.06
0.38
0.64
0.48
0.28
0.02
0.02
0.04
0.44
0.46
0.64
0.52
0.6
0.48
0.02
0.04
0.02
0.36
0.44
0.3
0.1
0.06
0.1
0.02
0.48
0.38
0.02
0.36
0.26
0.14
0.26
0.22
0.22
0.28
0.12
0.06
0.28
0.04
0.38
0.42
0.54
0.42
0.16
0.06
0.18
0.46
0.84
0.76
0.76
0.42
0.12
0.06
0.02
0
0.1
0.2
0.38
0.24
0.02
0.14
0.34
0.22
0.28
0.38
0.4
0.36
0.42
0.14
0.38
0.28
0.02
0.06
0.26
0.5
0.42
0.12
0.18
0.02
0.28
0.22
0.4
0.24
0.26
0.06
0.06
0.16
0.6
0.62
0.32
0.2
0.32
0.04
0.12
0.28
0.38
0.54
0.68
0.44
0.42
0.02
0.52
0.66
0.28
0.24
0.52
0.56
0.44
0.4
0.5
0.72
0.64
0.42
0.26
0.08
0.16
0.18
0.1
0.06
0.28
0.54
0.46
0.42
0.38
0.62
0.62
0.1
0.5
0.52
0.5
0.5
0.66
0.4
0.24
0.28
0.16
0.18
0.26
0.62
0.56
0.14
0.1
0.24
0.42
0.46
0.48
0.6
0.74
0.72
0.8
0.72
0.62
0.64
0.48
0.42
0.38
0.2
0.12
0.02
0.22
0.5
0.28
0.66
0.6
0.54
0.48
0.34
0.64
0.66
0.8
0.54
0.34
0
0.06
0.14
0.18
0.32
0.42
0.44
0.54
0.72
0.44
0.54
0.68
0.56
0.5
0.32
0.34
0.1
0.18
0.02
0.1
0.14
0.2
0.02
0.14
0.04
0.1
0.16
0.46
0.52
0.28
0.04
0.14
0.08
0
0.26
0.28
0.4
0.32
0.12
0.14
0.1
0.06
0.16
0.24
0.32
0.22
0.32
0.18
0.04
0.02
0.38
0.58
0.52
0.68
0.78
0.36
0.3
0.26
0.46
0.4
0.38
0.68
0.52
0.44
0.42
0.06
0.08
0.32
0.14
0.1
0.16
0.34
0.42
0.36
0.52
0.3
0.26
0.32
0.06
0.34
0.66
0.56
0.4
0.4
0.6
0.4
0.32
0.24
0.42
0.08
0.04
0.12
0.68
0.86
0.84
0.5
0.48
0.7
0.6
0.5
0.44
0.52
0.6
0.34
0.38
0.08
0.06
0.26
0.22
0.12
0.5
0.4
0.28
0.02
0.26
0.4
0.34
0.4
0.6
0.36
0.24
0.1
0.06
0.48
0.84
0.74
0.38
0.34
0.26
0.16
0.18
0.18
0.68
0.74
0.2
0
0.16
0.46
0.38
0.3
0.06
0
0.06
0.22
0.58
0.54
0.5
0.08
0.26
0.2
0.4
0.4
0.48
0.3
0.52
0.46
0.3
0.02
0.48
0.34
0.32
0.5
0.5
0.4
0.4
0.44
0.74
0.56
0.02
0.26
0.1
0.22
0.24
0.56
0.6
0.76
0.68
0.4
0.62
0.44
0.78
0.56
0.38
0.56
0.4
0.1
0.26
0.1
0.12
0.1
0.18
0
0.02
0.08
0.56
