0.4
0.1
0.08
0.24
0.38
0.38
0.58
0.22
0.14
0.52
0.46
0.4
0.36
0.42
0.68
0.62
0.56
0.54
0.52
0.78
0.74
0.64
0.74
0.76
0.46
0.48
0.34
0.44
0.2
0.32
0.6
0.6
0.56
0.66
0.64
0.7
0.64
0.68
0.72
0.68
0.54
0.52
0.4
0.42
0.52
0.68
0.92
0.82
0.78
0.62
0.64
0.66
0.48
0.14
0.36
0.4
0.44
0.66
0.6
0.42
0.64
0.7
0.84
0.72
0.68
0.7
0.28
0.4
0.38
0.36
0.38
0.02
0.08
0.26
0.24
0.12
0.04
0.1
0.26
0.6
0.16
0.06
0.2
0.56
0.52
0.48
0.7
0.82
0.74
0.8
0.84
0.84
0.92
0.8
0.58
0.54
0.32
0.3
0.24
0.4
0.58
0.7
0.74
0.82
0.94
0.78
0.6
0.32
0.06
0.34
0.32
0.64
0.42
0.38
0.3
0.2
0.24
0.2
0.52
0.8
0.86
0.78
0.88
0.84
0.8
0.8
0.72
0.48
0.42
0.58
0.38
0.62
0.6
0.62
0.46
0.56
0.46
0.4
0.24
0.12
0.1
0.2
0.34
0.34
0.18
0.08
0.02
0.18
0.08
0.12
0.16
0.34
0.42
0.66
0.48
0.14
0.34
0.26
0.1
0.22
0.04
0.34
0.38
0.64
0.88
0.66
0.5
0.38
0.28
0.58
0.56
0.78
0.6
0.32
0.5
0.4
0.16
0.12
0.02
0.24
0.42
0.38
0.62
0.42
0.88
0.72
0.84
0.84
0.84
0.86
0.82
0.58
0.58
0.04
0.54
0.88
0.88
0.74
0.66
0.78
0.74
0.6
0.28
0.08
0
0.3
0.62
0.42
0.36
0.04
0.12
0.22
0.36
0.26
0.34
0.36
0.46
0.44
0.52
0.7
0.56
0.56
0.3
0
0.22
0.5
0.86
0.78
0.62
0.86
0.9
0.84
0.56
0.84
0.92
0.82
0.84
0.9
0.84
0.48
0.64
0.54
0.36
0.02
0.18
0.12
0.06
0.32
0.38
0.22
0.12
0.28
0.16
0.12
0.46
0.34
0.16
0.18
0.16
0.32
0.28
0.6
0.62
0.18
0.02
0.32
0.48
0.46
0.7
0.8
0.96
0.84
0.84
0.92
0.82
0.86
0.74
0.74
0.72
0.8
0.7
0.74
0.76
0.82
0.7
0.7
0.68
0.74
0.78
0.64
0.7
0.64
0.66
0.82
0.72
0.52
0.54
0.8
0.92
0.78
0.56
0.38
0.58
0.24
0.12
0.34
0.38
0.38
0.46
0.24
0.16
0.06
0.12
0.26
0.5
0.5
0.6
0.04
0.62
0.52
0.38
0.58
0.56
0.46
0.4
0.52
0.52
0.32
0.22
0.06
0
0.1
0.3
0.38
0.56
0.76
0.64
0.58
0.62
0.58
0.64
0.7
0.58
0.8
0.74
0.78
0.52
0.66
0.7
0.76
0.86
0.7
0.4
0.6
0.74
0.56
0.44
0.42
0.3
0.14
0.34
0.38
0.4
0.54
0.64
0.66
0.84
0.78
0.7
0.74
0.4
0.08
0.22
0.16
0.02
0.32
0.18
0.04
0.08
0.18
0.34
0.38
0.06
0.08
0.22
0.48
0.8
0.8
0.72
0.96
0.96
0.86
0.74
0.66
0.52
0.6
0.74
0.58
0.92
0.88
0.82
0.86
0.86
0.86
0.92
0.86
0.94
0.66
0.42
0.46
0.7
0.82
0.84
0.36
0.1
0.24
0.46
0.56
0.44
0.36
0.42
0.3
0.26
0.06
0.06
0.12
0.42
0.7
0.64
0.9
0.7
0.68
0.76
0.94
0.92
0.78
0.96
0.9
0.9
0.96
0.78
0.8
0.7
0.64
0.58
0.68
0.76
0.72
0.76
0.92
0.8
0.78
0.82
0.8
0.62
0.5
0.44
0.5
0.72
0.86
0.9
0.8
0.7
0.64
0.84
0.76
0.7
0.84
0.76
0.68
0.54
0.4
0.14
0.24
0.1
0.22
0.16
0.22
0.22
0.08
0.14
0.02
0.2
0.04
0.2
0.16
0.22
0.2
0.46
0.52
0.66
0.62
0.48
0.46
0.38
0.22
0.22
0.3
0.42
0.72
0.82
0.58
0.7
0.64
0.62
0.52
0.7
0.68
0.36
0.28
0.08
0.32
0.46
0.32
0.02
0.2
0.06
0.1
0.18
0.52
0.24
0.24
0.08
0.34
0.34
0.54
0.38
0.46
0.54
0.72
0.54
0.58
0.52
0.76
0.76
0.42
0.32
0.52
0.72
0.8
0.72
0.54
0.7
0.94
0.96
0.8
0.74
0.82
0.72
0.82
0.78
0.82
0.46
0.24
0.54
0.76
0.9
0.68
0.68
0.86
0.74
0.74
0.56
0.5
0.34
0.38
0.6
0.42
0.16
0.02
0.16
0.36
0.36
0.3
0.08
0.06
0.1
0.04
0.12
0.12
0.14
0.16
0.42
0.42
0.5
0.38
0.54
0.76
0.6
0.4
0.42
0.8
0.8
0.82
0.82
0.82
0.86
0.84
0.88
0.64
0.6
0.6
0.32
0.26
0.54
0.64
0.58
0.7
0.88
0.64
0.58
0.62
0.66
0.74
0.5
0.46
0.44
0.46
0.56
0.62
0.48
0.5
0.12
0.42
0.52
0.88
0.82
0.82
0.5
0.36
0.68
0.66
0.8
0.42
0.32
0.44
0.6
0.8
0.92
0.78
0.5
0.08
0.3
0.06
0.06
0.2
0.06
0.18
0.12
0.24
0.54
0.52
0.7
0.48
0.36
0.5
0.5
0.96
0.88
0.92
0.9
0.84
0.9
0.94
0.86
0.88
0.7
0.4
0.56
0.34
0.08
0.08
0.06
0.1
0.4
0.28
0.38
0.46
0.42
0.4
0.4
0.2
0.36
0.32
0.08
0.36
0.5
0.42
0.44
0.38
0.1
0.26
0.26
0.02
0.36
0.34
0.24
0.28
0.22
0.1
0.06
0.06
0.14
0.38
0.7
0.36
0.24
0
0.02
0.58
0.5
0.08
0.04
0.2
0.52
0.72
0.7
0.86
0.72
0.86
0.78
0.72
0.72
0.7
0.52
0.32
0.56
0.78
0.88
0.78
0.7
0.5
0.34
0.04
0.1
0.14
0.28
0.38
0.38
0.6
0.74
0.72
0.62
0.82
0.82
0.7
0.86
0.86
0.92
0.86
0.86
0.74
0.66
0.52
0.68
0.64
0.7
0.68
0.58
0.68
0.88
0.84
0.94
0.82
0.62
0.44
0.44
0.1
0.32
0.18
0.54
0.34
0.42
0.48
0.66
0.7
0.52
0.46
0.46
0.26
0.04
0.1
0.1
0.28
0.5
0.18
0.5
0.72
0.46
0.12
0.1
0.04
0.28
0.44
0.22
0.22
0.34
0.4
0.4
0.22
0.64
0.7
0.94
0.94
0.66
0.78
0.78
0.7
0.42
0.52
0.36
0.34
0.26
0.26
0.54
0.7
0.64
0.84
0.94
0.72
0.64
0.58
0.5
0.62
0.64
0.22
0.14
0.38
0.56
0.7
0.68
0.42
0.44
0.14
0.16
0.14
0.34
0.34
0.42
0
0.08
0.38
0.2
0.52
0.3
0.26
0.36
0.12
0.16
0.18
0.42
0.64
0.64
0.84
0.72
0.84
0.5
0.6
0.5
0.66
0.54
0.36
0.32
0.54
0.66
0.68
0.72
0.86
0.88
0.9
0.76
0.88
0.84
0.7
0.8
0.84
0.38
0.6
0.86
0.7
0.46
0.3
0.5
0.1
0.16
0.42
0.46
0.5
0.4
0.08
0.52
0.48
0.44
0.3
0.24
0.6
0.82
0.78
0.92
0.94
0.8
0.72
0.56
0.38
0.14
0.06
0.34
0.36
0.06
0.02
0.02
0.02
0.22
0.44
0.54
0.42
0.84
0.52
0.64
0.68
0.54
0.54
0.42
0.1
0.16
0.22
0.06
0.04
0.02
0.18
0.48
0.54
0.42
0.58
0.72
0.76
0.74
0.64
0.78
0.92
0.92
0.86
0.64
0.72
0.74
0.64
0.86
0.76
0.24
0
0.24
0.26
0.56
0.8
0.92
0.94
0.94
0.86
0.82
0.74
0.54
0.52
0.6
0.72
0.58
0.92
0.8
0.52
0.62
0.58
0.76
0.68
0.66
0.54
0.48
0.46
0.54
0.72
0.58
0.7
0.76
0.9
0.82
0.84
0.88
0.54
0.6
0.42
0.56
0.62
0.62
0.8
0.78
0.82
0.84
0.88
0.82
0.74
0.78
0.82
0.54
