0.22
0.36
0.46
0.68
0.8
0.62
0.18
0.16
0.24
0.48
0.44
0.68
0.52
0.34
0.26
0.38
0.5
0.72
0.56
0.5
0.24
0.06
0.04
0.22
0.16
0.38
0.26
0.36
0.34
0.46
0.46
0.08
0.26
0.64
0.7
0.84
0.8
0.6
0.42
0.14
0.28
0.38
0.18
0.18
0.06
0.2
0.2
0.18
0.26
0.4
0.5
0.24
0.24
0.12
0.32
0.22
0.44
0.48
0.5
0.34
0.14
0.48
0.62
0.7
0.44
0.46
0.4
0.68
0.64
0.9
0.94
0.54
0.76
0.78
0.88
0.82
0.64
0.86
0.82
0.52
0.5
0.36
0.34
0.68
0.68
0.54
0.72
0.88
0.92
0.9
0.94
0.82
0.72
0.72
0.68
0.82
0.84
0.9
0.9
0.8
0.46
0.3
0.32
0.64
0.66
0.74
0.36
0.42
0.48
0.38
0.5
0.28
0.34
0.5
0.78
0.76
0.72
0.8
0.74
0.66
0.6
0.64
0.64
0.56
0.72
0.74
0.78
0.68
0.6
0.52
0.56
0.48
0.48
0.56
0.6
0.54
0.34
0.06
0.12
0.04
0.24
0.24
0.1
0.16
0.46
0.36
0.22
0.02
0.08
0.16
0.2
0.28
0.4
0.66
0.34
0.24
0.58
0.76
0.74
0.58
0.48
0.7
0.76
0.74
0.82
0.5
0.72
0.52
0.72
0.86
0.58
0.56
0.24
0.28
0.08
0.2
0.18
0.06
0.02
0.18
0.1
0.46
0.62
0.46
0.44
0.34
0.22
0.3
0.02
0.08
0.4
0.02
0.34
0.74
0.82
0.7
0.74
0.6
0.5
0.46
0.6
0.66
0.46
0.12
0.06
0.16
0.18
0.22
0.38
0.68
0.76
0.64
0.8
0.7
0.64
0.3
0.24
0.3
0.2
0.06
0.28
0.34
0.68
0.68
0.6
0.66
0.66
0.62
0.5
0.32
0.64
0.62
0.3
0.12
0.12
0.16
0.38
0.1
0.7
0.72
0.42
0.24
0.4
0.54
0.6
0.5
0.56
0.34
0.6
0.5
0.3
0.56
0.36
0.04
0.16
0.08
0.28
0.34
0.14
0.02
0.18
0.12
0.5
0.38
0.3
0.32
0.02
0.06
0.2
0.02
0.26
0.1
0.16
0.12
0.18
0
0
0.34
0.22
0.2
0.02
0.14
0.32
0.5
0.66
0.38
0.46
0.48
0.28
0.12
0.2
0.2
0.14
0.42
0.48
0.5
0.32
0.22
0
0.28
0.32
0.26
0.04
0.14
0.44
0.6
0.62
0.22
0.16
0.06
0.02
0.04
0
0.22
0.24
0.14
0.38
0.1
0.22
0.32
0.32
0.68
0.88
0.74
0.7
0.54
0.24
0.3
0.62
0.52
0.8
0.68
0.7
0.52
0.56
0.68
0.72
0.46
0.4
0.42
0.64
0.76
0.6
0.6
0.6
0.52
0.66
0.68
0.54
0.66
0.74
0.72
0.88
0.68
0.6
0.84
0.86
0.82
0.72
0.42
0.22
0.22
0.4
0.4
0.32
0.04
0
0.12
0.02
0.08
0.14
0.2
0.34
0.36
0.3
0.18
0.42
0.38
0.32
0.32
0.06
0.08
0.16
0.08
0.16
0.36
0.52
0.62
0.14
0.3
0.48
0.78
0.32
0.08
0.08
0.08
0.32
0.52
0.72
0.72
0.6
0.6
0.76
0.9
0.76
0.74
0.78
0.72
0.26
0.12
0.74
0.8
0.94
0.96
0.78
0.74
0.3
0.38
0.26
0.1
0.1
0.24
0.42
0.06
0.06
0.28
0.28
0.64
0.68
0.56
0.44
0.58
0.54
0.68
0.64
0.46
0.44
0.18
0.28
0.54
0.46
0.64
0.8
0.78
0.68
0.78
0.8
0.72
0.72
0.68
0.4
0.04
0.22
0.38
0.24
0.42
0.54
0.36
0.34
0.12
0.18
0.08
0.12
0.26
0.32
0.28
0.7
0.28
0.28
0.24
0.26
0.4
0.52
0.44
0.38
0.22
0.2
0.36
0.38
0.16
0.44
0.2
0.3
0.18
0.2
0.08
0.06
0.14
0.46
0.54
0.42
0.52
0.78
0.84
0.78
0.8
0.84
0.78
0.72
0.76
0.8
0.9
0.8
0.46
0.32
0.16
0.18
0.12
0.18
0.22
0.38
0.3
0.36
0.62
0.72
0.36
0.34
0.5
0.38
0.16
0.48
0.42
0.32
0.26
0.3
0.02
0.24
0.2
0.24
0.02
0.02
0.18
0.08
0.04
0.18
0.64
0.56
0.3
0.36
0.36
0.02
0.06
0.52
0.68
0.66
0.52
0.06
0.02
0.46
0.54
0.46
0.16
0.3
0.28
0.4
0.58
0.54
0.58
0.6
0.82
0.8
0.92
0.8
0.74
0.42
0.42
0.7
0.68
0.48
0.2
0.04
0.1
0.22
0.08
0.22
0.44
0.58
0.56
0.42
0.7
0.7
0.86
0.5
0.22
0.5
0.54
0.48
0.5
0.5
0.72
0.76
0.48
0.46
0.62
0.48
0.44
0.54
0.66
0.5
0.74
0.54
0.68
0.58
0.76
0.74
0.76
0.72
0.5
0.62
0.6
0.74
0.84
0.7
0.9
0.76
0.3
0.18
0.16
0.4
0.46
0.18
0.18
0.02
0.34
0.38
0.38
0.64
0.3
0.1
0.04
0.14
0.3
0.28
0.26
0.38
0.44
0.48
0.46
0.86
0.74
0.84
0.56
0.18
0.08
0.56
0.78
0.56
0.54
0.52
0.5
0.32
0.26
0.28
0.46
0.54
0.6
0.66
0.48
0.88
0.84
0.6
0.72
0.54
0.22
0.36
0.7
0.66
0.52
0.44
0.26
0.4
0.9
0.12
0.06
0.28
0.32
0.4
0.34
0.28
0.14
0.24
0.06
0.36
0.2
0.66
0.84
0.74
0.58
0.5
0.5
0.34
0.44
0.28
0.2
0.12
0.12
0.34
0.42
0.44
0.02
0.04
0.26
0.28
0.52
0.56
0.48
0.34
0.24
0.18
0.5
0.68
0.86
0.96
0.86
0.74
0.48
0.76
0.78
0.78
0.2
0.22
0.04
0.54
0.82
0.76
0.58
0.66
0.76
0.58
0.36
0.52
0.72
0.56
0.6
0.62
0.46
0.34
0.1
0.06
0.12
0.48
0.62
0.52
0.4
0.22
0.26
0.52
0.62
0.48
0.52
0.46
0.32
0.04
0.24
0.54
0.52
0.64
0.4
0.44
0.46
0.28
0.54
0.4
0.28
0.4
0.36
0.46
0.6
0.64
0.52
0.18
0.18
0.06
0.1
0.08
0.4
0.58
0.58
0.46
0.3
0.06
0.06
0.08
0.28
0.1
0.08
0.4
0.52
0.48
0.52
0.44
0.16
0.22
0.1
0.12
0.24
0.14
0.14
0.16
0.44
0.66
0.28
0.1
0
0.3
0.3
0.46
0.48
0.86
0.84
0.58
0.42
0.6
0.48
0.62
0.48
0.42
0.46
0.32
0.34
0.2
0.26
0.42
0.22
0.16
0.06
0
0.42
0.1
0.58
0.72
0.76
0.58
0.3
0.18
0.24
0.24
0.28
0.56
0.66
0.14
0.1
0.28
0.28
0.34
0.54
0.8
0.74
0.72
0.76
0.5
0.82
0.66
0.68
0.74
0.82
0.66
0.54
0.38
0.4
0.48
0.76
0.74
0.78
0.78
0.84
0.58
0.78
0.78
0.72
0.9
0.78
0.78
0.76
0.72
0.4
0.02
0.08
0.14
0.02
0.12
0.24
0.62
0.94
0.94
0.76
0.64
0.02
0.22
0.14
0.06
0.02
0.1
0.26
0.56
0.48
0.62
0.74
0.76
0.52
0.76
0.36
0.42
0.56
0.44
0.28
0.1
0.36
0.22
0.24
0.7
0.7
0.68
0.62
0.54
0.44
0.38
0.06
0.46
0.42
0.3
0.3
0.28
0.26
0.5
0.48
0.42
0.34
0.48
0.2
0.36
0.4
0.12
0.38
0.36
0.18
0.54
0.3
0.62
0.6
0.66
0.58
0.74
0.72
0.68
0.24
0.28
0.4
0.28
0.2
0.08
0.46
0.48
0.38
0.3
0.44
0.12
0.06
0.24
0.32
0.06
0.38
0.42
0.5
0.76
0.78
0.52
0.28
0.54
0.64
0.52
0.12
0.06
0.02
0.34
0.52
0.58
0.86
0.82
0.94
0.8
0.82
0.92
0.74
0.38
0.52
0.46
0.48
0.48
0.14
0.2
0.26
0.08
0
0.28
0.38
0.06
0.24
0.7
0.86
0.74
