0.43
0.53
0.63
0.75
0.75
0.67
0.75
0.81
0.81
0.77
0.79
0.75
0.71
0.75
0.79
0.77
0.73
0.77
0.71
0.73
0.69
0.63
0.65
0.73
0.79
0.71
0.75
0.77
0.79
0.79
0.79
0.77
0.75
0.73
0.77
0.77
0.79
0.77
0.83
0.83
0.77
0.83
0.79
0.81
0.79
0.79
0.79
0.81
0.77
0.77
0.77
0.73
0.71
0.71
0.77
0.79
0.83
0.79
0.83
0.81
0.83
0.81
0.79
0.79
0.77
0.81
0.81
0.81
0.79
0.83
0.81
0.79
0.69
0.81
0.75
0.77
0.73
0.69
0.69
0.79
0.83
0.75
0.77
0.75
0.61
0.73
0.75
0.83
0.77
0.75
0.81
0.77
0.81
0.79
0.79
0.77
0.75
0.73
0.71
0.71
0.79
0.79
0.77
0.81
0.79
0.75
0.75
0.77
0.79
0.81
0.77
0.75
0.67
0.67
0.81
0.83
0.83
0.83
0.83
0.79
0.83
0.79
0.81
0.73
0.77
0.81
0.83
0.73
0.65
0.69
0.71
0.65
0.59
0.61
0.57
0.57
0.49
0.39
0.37
0.39
0.41
0.33
0.39
0.43
0.41
0.45
0.45
0.41
0.53
0.51
0.53
0.69
0.75
0.75
0.81
0.81
0.83
0.77
0.75
0.75
0.81
0.79
0.71
0.79
0.71
0.73
0.77
0.71
0.75
0.73
0.83
0.81
0.83
0.83
0.79
0.79
0.79
0.73
0.79
0.79
0.79
0.81
0.81
0.81
0.79
0.77
0.75
0.79
0.79
0.75
0.77
0.77
0.81
0.81
0.83
0.77
0.75
0.67
0.77
0.77
0.79
0.83
0.81
0.83
0.79
0.77
0.81
0.83
0.79
0.83
0.83
0.81
0.79
0.75
0.69
0.71
0.79
0.83
0.83
0.77
0.83
0.79
0.79
0.77
0.81
0.75
0.77
0.83
0.81
0.83
0.81
0.83
0.81
0.79
0.79
0.79
0.79
0.81
0.81
0.77
0.75
0.77
0.79
0.79
0.75
0.69
0.73
0.81
0.79
0.79
0.79
0.77
0.75
0.77
0.79
0.77
0.77
0.75
0.59
0.43
0.39
0.49
0.45
0.47
0.57
0.63
0.63
0.63
0.57
0.51
0.61
0.79
0.83
0.83
0.81
0.75
0.77
0.77
0.77
0.77
0.83
0.81
0.77
0.73
0.71
0.51
0.53
0.65
0.59
0.67
0.67
0.65
0.67
0.57
0.63
0.73
0.79
0.83
0.77
0.81
0.77
0.75
0.73
0.69
0.77
0.77
0.81
0.71
0.77
0.77
0.79
0.79
0.81
0.79
0.81
0.81
0.81
0.77
0.75
0.77
0.79
0.77
0.77
0.77
0.77
0.79
0.75
0.79
0.73
0.79
0.81
0.79
0.77
0.79
0.77
0.83
0.79
0.77
0.79
0.79
0.77
0.67
0.73
0.77
0.73
0.77
0.79
0.81
0.77
0.77
0.81
0.79
0.73
0.79
0.77
0.79
0.81
0.79
0.81
0.81
0.81
0.79
0.75
0.79
0.83
0.77
0.83
0.81
0.77
0.65
0.71
0.69
0.81
0.77
0.83
0.81
0.83
0.83
0.83
0.75
0.79
0.79
0.77
0.79
0.79
0.69
0.79
0.77
0.73
0.67
0.71
0.77
0.79
0.81
0.79
0.77
0.83
0.77
0.83
0.79
0.73
0.73
0.71
0.59
0.53
0.55
0.57
0.65
0.71
0.71
0.77
0.83
0.79
0.83
0.81
0.79
0.71
0.71
0.73
0.73
0.77
0.79
0.83
0.81
0.79
0.83
0.83
0.83
0.77
0.83
0.83
0.67
0.73
0.79
0.75
0.79
0.79
0.75
0.83
0.79
0.81
0.81
0.81
0.79
0.79
0.77
0.79
0.81
0.77
0.81
0.77
0.83
0.79
0.71
0.79
0.83
0.81
0.81
0.83
0.81
0.79
0.77
0.79
0.75
0.75
0.75
0.83
0.81
0.79
0.75
0.79
0.71
0.81
0.81
0.83
0.83
0.79
0.77
0.81
0.75
0.77
0.83
0.79
0.75
0.77
0.77
0.73
0.83
0.77
0.79
0.81
0.77
0.79
0.79
0.77
0.77
0.81
0.75
0.75
0.73
0.71
0.79
0.81
0.79
0.75
0.75
0.61
0.75
0.79
0.81
0.77
0.83
0.75
0.69
0.73
0.77
0.69
0.59
0.53
0.61
0.71
0.79
0.83
0.75
0.75
0.75
0.81
0.81
0.83
0.81
0.81
0.75
0.79
0.79
0.73
0.73
0.77
0.73
0.75
0.83
0.83
0.73
0.73
0.69
0.77
0.77
0.81
0.83
0.81
0.71
0.83
0.79
0.81
0.79
0.79
0.81
0.81
0.81
0.81
0.81
0.75
0.79
0.83
0.77
0.81
0.81
0.83
0.79
0.73
0.67
0.61
0.67
0.73
0.77
0.75
0.77
0.79
0.79
0.79
0.75
0.69
0.81
0.75
0.77
0.79
0.83
0.83
0.81
0.81
0.81
0.73
0.81
0.71
0.75
0.77
0.79
0.75
0.75
0.83
0.83
0.77
0.81
0.83
0.81
0.83
0.79
0.75
0.77
0.83
0.79
0.83
0.83
0.83
0.79
0.77
0.71
0.79
0.79
0.83
0.79
0.77
0.77
0.83
0.83
0.79
0.79
0.79
0.77
0.75
0.77
0.73
0.63
0.63
0.71
0.77
0.77
0.79
0.75
0.73
0.75
0.81
0.81
0.83
0.77
0.75
0.81
0.77
0.77
0.61
0.65
0.73
0.81
0.83
0.83
0.83
0.77
0.77
0.77
0.79
0.83
0.81
0.79
0.79
0.83
0.75
0.83
0.83
0.81
0.83
0.77
0.81
0.75
0.73
0.73
0.67
0.69
0.65
0.61
0.63
0.65
0.51
0.49
0.51
0.49
0.51
0.55
0.61
0.47
0.57
0.57
0.63
0.57
0.67
0.75
0.81
0.77
0.81
0.83
0.83
0.77
0.65
0.69
0.71
0.79
0.75
0.81
0.83
0.81
0.75
0.77
0.83
0.81
0.77
0.69
0.63
0.69
0.71
0.81
0.81
0.75
0.81
0.75
0.83
0.83
0.79
0.77
0.77
0.77
0.83
0.81
0.75
0.81
0.81
0.79
0.79
0.81
0.81
0.81
0.83
0.77
0.77
0.79
0.79
0.77
0.71
0.79
0.79
0.79
0.79
0.75
0.81
0.77
0.71
0.65
0.73
0.77
0.81
0.77
0.79
0.79
0.75
0.77
0.77
0.81
0.77
0.81
0.81
0.79
0.83
0.73
0.75
0.77
0.81
0.77
0.71
0.69
0.67
0.79
0.83
0.83
0.83
0.77
0.81
0.75
0.71
0.71
0.71
0.69
0.63
0.57
0.55
0.59
0.63
0.67
0.71
0.77
0.77
0.83
0.83
0.73
0.75
0.69
0.79
0.77
0.79
0.75
0.75
0.79
0.81
0.81
0.81
0.81
0.81
0.79
0.67
0.57
0.69
0.77
0.81
0.77
0.75
0.77
0.81
0.77
0.79
0.81
0.81
0.79
0.81
0.81
0.81
0.79
0.75
0.83
0.83
0.79
0.79
0.79
0.77
0.75
0.75
0.67
0.61
0.63
0.77
0.77
0.75
0.69
0.81
0.79
0.71
0.71
0.69
0.65
0.71
0.77
0.79
0.75
0.83
0.75
0.65
0.63
0.77
0.81
0.81
0.79
0.79
0.77
0.75
0.67
0.65
0.79
0.81
0.81
0.75
0.73
0.75
0.79
0.83
0.81
0.83
0.81
0.73
0.77
0.77
0.79
0.81
0.77
0.79
0.77
0.83
0.83
0.77
0.77
0.79
0.75
0.81
0.83
0.81
0.75
0.81
0.83
0.83
0.77
0.77
0.73
0.77
0.83
0.73
0.75
0.75
0.75
0.77
0.75
0.73
0.83
0.75
0.75
0.79
0.79
0.81
0.83
0.83
0.77
0.77
0.81
0.73
0.75
0.79
0.83
0.81
0.83
0.83
0.81
0.79
0.83
0.75
0.73
0.81
0.79
0.83
0.79
0.75
0.83
0.81
0.81
0.79
0.83
0.79
0.79
0.79
0.81
0.83
0.83
0.81
0.81
0.77
0.81
0.81
0.77
0.77
0.69
0.77
0.77
0.73
0.79
0.73
0.73
0.75
0.77
0.77
0.81
0.79
0.71
0.65
0.77
0.77
0.81
0.71
0.79
0.81
0.83
0.81
0.77
0.79
0.75
0.83
0.79
0.75
0.75
0.69
0.75
0.79
0.75
0.79
0.77
0.79
0.83
0.81
0.77
0.71
