0.5
0.54
0.52
0.48
0.44
0.54
0.4
0.38
0.38
0.24
0.3
0.26
0.24
0.26
0.42
0.4
0.38
0.4
0.44
0.34
0.24
0.32
0.26
0.38
0.58
0.56
0.58
0.62
0.62
0.62
0.52
0.66
0.72
0.76
0.7
0.76
0.68
0.68
0.74
0.72
0.7
0.72
0.74
0.76
0.76
0.78
0.74
0.76
0.72
0.78
0.76
0.74
0.76
0.64
0.72
0.7
0.66
0.7
0.72
0.76
0.74
0.76
0.66
0.72
0.7
0.64
0.68
0.78
0.78
0.64
0.66
0.52
0.58
0.48
0.5
0.5
0.52
0.4
0.4
0.38
0.44
0.48
0.42
0.3
0.3
0.26
0.24
0.42
0.32
0.22
0.38
0.36
0.36
0.34
0.36
0.3
0.4
0.24
0.28
0.34
0.38
0.5
0.48
0.28
0.3
0.36
0.38
0.42
0.14
0.04
0.12
0.12
0.06
0.02
0.08
0.04
0.06
0.04
0.06
0.08
0.02
0.12
0.18
0.38
0.38
0.36
0.36
0.36
0.22
0.12
0.12
0.1
0.14
0.18
0.18
0.12
0.28
0.3
0.32
0.26
0.16
0.2
0.1
0.12
0.06
0.1
0.14
0.06
0
0
0.02
0.02
0.02
0.04
0.1
0.06
0.06
0
0.02
0.1
0.1
0.04
0.04
0
0.02
0.08
0.1
0.12
0.06
0.22
0.12
0.16
0.1
0.1
0.12
0.2
0.12
0.14
0.16
0.12
0.06
0.08
0.14
0.26
0.2
0.24
0.24
0.28
0.26
0.28
0.3
0.22
0.14
0.1
0.14
0.32
0.32
0.42
0.38
0.34
0.3
0.3
0.06
0.16
0.2
0.12
0.02
0.12
0.2
0.2
0.24
0.2
0.14
0.16
0.08
0.08
0.1
0.24
0.22
0.34
0.36
0.28
0.1
0.04
0.08
0.04
0.12
0.1
0.18
0.04
0.06
0.02
0.02
0.06
0.1
0
0
0.08
0.08
0.02
0.1
0.1
0.18
0.2
0.06
0.14
0.32
0.4
0.52
0.56
0.52
0.5
0.52
0.34
0.28
0.18
0.04
0.04
0.02
0.08
0.02
0.02
0.06
0.08
0.02
0.08
0.06
0.12
0.12
0.16
0.2
0.16
0.18
0.2
0.26
0.2
0.14
0.1
0
0.04
0.06
0.14
0.14
0.18
0.22
0.24
0.26
0.46
0.48
0.7
0.7
0.78
0.72
0.76
0.7
0.7
0.76
0.78
0.72
0.74
0.7
0.72
0.76
0.74
0.72
0.74
0.76
0.78
0.76
0.72
0.66
0.7
0.78
0.76
0.78
0.76
0.76
0.74
0.66
0.7
0.64
0.7
0.68
0.66
0.68
0.7
0.72
0.76
0.74
0.78
0.72
0.72
0.74
0.74
0.74
0.74
0.68
0.74
0.7
0.7
0.74
0.76
0.76
0.74
0.7
0.7
0.68
0.72
0.68
0.76
0.68
0.64
0.7
0.74
0.74
0.74
0.68
0.66
0.74
0.76
0.68
0.74
0.64
0.7
0.68
0.6
0.7
0.72
0.72
0.7
0.64
0.74
0.78
0.68
0.76
0.76
0.78
0.74
0.76
0.74
0.76
0.78
0.78
0.72
0.72
0.76
0.72
0.68
0.76
0.66
0.64
0.68
0.68
0.64
0.66
0.74
0.72
0.64
0.7
0.74
0.78
0.76
0.76
0.74
0.74
0.76
0.72
0.66
0.6
0.74
0.66
0.68
0.76
0.76
0.76
0.76
0.74
0.64
0.74
0.72
0.74
0.72
0.74
0.68
0.64
0.66
0.7
0.74
0.72
0.78
0.72
0.7
0.78
0.72
0.74
0.7
0.72
0.74
0.7
0.68
0.76
0.7
0.72
0.76
0.78
0.66
0.76
0.78
0.74
0.7
0.7
0.72
0.72
0.72
0.78
0.74
0.7
0.72
0.76
0.78
0.74
0.72
0.68
0.68
0.68
0.68
0.68
0.68
0.72
0.76
0.74
0.66
0.72
0.62
0.72
0.64
0.64
0.62
0.58
0.52
0.52
0.64
0.7
0.7
0.72
0.7
0.72
0.72
0.74
0.72
0.72
0.68
0.74
0.74
0.66
0.66
0.68
0.72
0.68
0.74
0.72
0.68
0.74
0.76
0.64
0.76
0.66
0.68
0.64
0.7
0.68
0.76
0.72
0.68
0.74
0.74
0.66
0.68
0.64
0.6
0.58
0.6
0.66
0.72
0.78
0.74
0.72
0.76
0.76
0.78
0.72
0.78
0.76
0.7
0.7
0.72
0.7
0.68
0.62
0.64
0.7
0.68
0.66
0.72
0.66
0.68
0.68
0.66
0.64
0.68
0.74
0.76
0.72
0.7
0.74
0.68
0.72
0.62
0.66
0.72
0.68
0.72
0.68
0.68
0.6
0.72
0.76
0.72
0.72
0.7
0.74
0.72
0.62
0.62
0.76
0.78
0.78
0.76
0.74
0.76
0.68
0.6
0.42
0.54
0.56
0.6
0.64
0.68
0.7
0.72
0.74
0.74
0.76
0.76
0.7
0.7
0.68
0.64
0.72
0.74
0.78
0.78
0.72
0.72
0.72
0.64
0.64
0.58
0.56
0.58
0.54
0.58
0.68
0.72
0.68
0.72
0.72
0.7
0.78
0.76
0.74
0.78
0.74
0.74
0.76
0.76
0.72
0.76
0.72
0.62
0.72
0.72
0.74
0.72
0.74
0.76
0.7
0.68
0.74
0.7
0.64
0.72
0.64
0.72
0.74
0.74
0.7
0.76
0.68
0.72
0.72
0.74
0.78
0.76
0.78
0.78
0.76
0.76
0.7
0.7
0.7
0.74
0.72
0.66
0.76
0.76
0.74
0.7
0.76
0.76
0.74
0.7
0.66
0.66
0.68
0.72
0.76
0.74
0.68
0.62
0.68
0.68
0.76
0.7
0.76
0.68
0.7
0.74
0.76
0.76
0.74
0.68
0.76
0.74
0.74
0.74
0.66
0.72
0.74
0.74
0.72
0.68
0.74
0.7
0.74
0.72
0.74
0.76
0.74
0.72
0.76
0.74
0.72
0.72
0.78
0.76
0.7
0.62
0.62
0.72
0.58
0.66
0.72
0.74
0.7
0.68
0.64
0.62
0.56
0.62
0.54
0.64
0.7
0.72
0.7
0.62
0.62
0.56
0.54
0.5
0.5
0.58
0.54
0.64
0.62
0.66
0.62
0.76
0.76
0.76
0.76
0.72
0.64
0.7
0.7
0.68
0.76
0.74
0.72
0.76
0.7
0.72
0.78
0.74
0.74
0.78
0.74
0.66
0.68
0.78
0.74
0.76
0.74
0.72
0.74
0.72
0.68
0.68
0.64
0.74
0.74
0.74
0.64
0.6
0.58
0.64
0.68
0.7
0.72
0.74
0.72
0.76
0.72
0.64
0.72
0.7
0.68
0.74
0.68
0.62
0.66
0.7
0.72
0.74
0.76
0.7
0.7
0.72
0.76
0.7
0.66
0.74
0.74
0.78
0.76
0.76
0.76
0.7
0.7
0.78
0.78
0.78
0.68
0.72
0.72
0.66
0.7
0.68
0.62
0.66
0.68
0.64
0.64
0.76
0.78
0.76
0.76
0.72
0.74
0.76
0.72
0.66
0.74
0.74
0.72
0.74
0.7
0.72
0.74
0.74
0.7
0.72
0.78
0.7
0.78
0.74
0.76
0.76
0.76
0.74
0.76
0.72
0.7
0.7
0.74
0.66
0.68
0.74
0.7
0.74
0.74
0.74
0.74
0.74
0.72
0.78
0.74
0.78
0.74
0.74
0.72
0.76
0.68
0.62
0.54
0.58
0.66
0.7
0.7
0.66
0.68
0.74
0.76
0.78
0.76
0.74
0.68
0.72
0.7
0.68
0.7
0.66
0.74
0.76
0.7
0.7
0.74
0.76
0.76
0.76
0.68
0.7
0.76
0.76
0.78
0.76
0.74
0.74
0.76
0.74
0.78
0.76
0.74
0.72
0.7
0.7
0.68
0.74
0.7
0.76
0.74
0.68
0.62
0.68
0.7
0.66
0.66
0.68
0.76
0.66
0.7
0.62
0.66
0.66
0.72
0.68
0.72
0.66
0.76
0.7
0.62
0.66
0.7
0.74
0.76
0.7
0.74
0.7
0.66
0.74
0.76
0.76
0.7
0.5
0.52
0.7
0.7
0.64
0.68
0.72
0.7
0.64
0.76
0.78
0.72
0.7
0.7
0.66
0.72
0.68
0.62
0.66
0.64
0.64
0.62
0.56
0.56
0.52
0.6
0.56
0.52
0.46
0.6
0.62
0.5
0.54
0.54
0.46
0.58
0.6
0.66
