0.39
0.33
0.15
0.05
0.03
0.05
0.19
0.25
0.29
0.33
0.07
0.13
0.01
0.07
0.01
0.07
0.01
0.09
0.03
0.13
0.05
0.03
0.01
0.25
0.21
0.09
0.07
0.03
0.01
0.01
0.05
0.07
0.25
0.15
0.03
0.21
0.17
0.03
0.03
0.03
0.05
0.11
0.11
0.13
0.03
0.05
0.01
0.01
0.01
0.01
0.23
0.31
0.25
0.09
0.09
0.15
0.07
0.11
0.03
0.09
0.07
0.05
0.03
0.05
0.13
0.05
0.15
0.09
0.05
0.23
0.27
0.19
0.31
0.11
0.27
0.33
0.27
0.07
0.05
0.19
0.21
0.13
0.09
0.21
0.23
0.17
0.09
0.13
0.11
0.29
0.19
0.31
0.27
0.11
0.05
0.01
0.13
0.17
0.11
0.09
0.15
0.05
0.11
0.17
0.15
0.07
0.01
0.13
0.03
0.19
0.21
0.01
0.15
0.17
0.05
0.03
0.05
0.03
0.09
0.15
0.03
0.05
0.21
0.11
0.19
0.29
0.11
0.03
0.05
0.05
0.01
0.17
0.09
0.05
0.11
0.13
0.21
0.25
0.01
0.15
0.47
0.25
0.25
0.31
0.15
0.19
0.27
0.19
0.25
0.17
0.15
0.25
0.21
0.19
0.31
0.31
0.19
0.21
0.01
0.25
0.13
0.25
0.25
0.09
0.33
0.03
0.01
0.09
0.11
0.05
0.03
0.03
0.29
0.21
0.33
0.23
0.11
0.05
0.13
0.25
0.19
0.09
0.03
0.15
0.05
0.19
0.27
0.11
0.19
0.03
0.03
0.13
0.23
0.27
0.13
0.29
0.15
0.03
0.07
0.01
0.11
0.11
0.13
0.21
0.13
0.19
0.25
0.05
0.11
0.19
0.19
0.15
0.07
0.09
0.13
0.07
0.01
0.21
0.15
0.27
0.07
0.17
0.25
0.03
0.09
0.01
0.09
0.11
0.05
0.01
0.13
0.19
0.03
0.07
0.17
0.01
0.03
0.05
0.17
0.15
0.13
0.07
0.07
0.01
0.03
0.07
0.25
0.09
0.11
0.01
0.29
0.47
0.43
0.13
0.01
0.03
0.07
0.11
0.11
0.11
0.07
0.05
0.11
0.29
0.19
0.29
0.29
0.31
0.01
0.19
0.29
0.23
0.23
0.21
0.27
0.23
0.05
0.01
0.11
0.13
0.11
0.05
0.09
0.03
0.07
0.21
0.17
0.25
0.07
0.17
0.11
0.03
0.05
0.09
0.33
0.41
0.39
0.31
0.05
0.15
0.01
0.17
0.09
0.11
0.11
0.05
0.15
0.05
0.15
0.19
0.09
0.03
0.21
0.17
0.29
0.23
0.29
0.21
0.11
0.37
0.17
0.13
0.03
0.01
0.01
0.05
0.17
0.23
0.09
0.13
0.31
0.25
0.21
0.45
0.17
0.09
0.21
0.17
0.05
0.17
0.35
0.35
0.27
0.07
0.13
0.07
0.21
0.01
0.19
0.21
0.15
0.19
0.19
0.01
0.15
0.01
0.05
0.01
0.01
0.05
0.05
0.13
0.31
0.15
0.19
0.23
0.15
0.09
0.09
0.27
0.05
0.07
0.09
0.05
0.11
0.07
0.25
0.35
0.07
0.19
0.05
0.07
0.07
0.15
0.07
0.03
0.21
0.05
0.01
0.07
0.09
0.05
0.03
0.05
0.01
0.19
0.27
0.09
0.23
0.11
0.01
0.21
0.03
0.17
0.15
0.05
0.01
0.05
0.05
0.03
0.01
0.05
0.07
0.37
0.25
0.25
0.15
0.13
0.17
0.13
0.09
0.29
0.23
0.23
0.05
0.07
0.05
0.21
0.19
0.01
0.01
0.05
0.09
0.13
0.25
0.09
0.17
0.13
0.25
0.09
0.03
0.23
0.35
0.29
0.15
0.09
0.01
0.01
0.01
0.01
0.01
0.05
0.09
0.03
0.03
0.03
0.13
0.13
0.23
0.29
0.15
0.07
0.25
0.11
0.21
0.23
0.23
0.15
0.01
0.15
0.03
0.07
0.19
0.23
0.17
0.19
0.05
0.05
0.17
0.03
0.01
0.07
0.09
0.21
0.15
0.11
0.01
0.15
0.23
0.27
0.17
0.15
0.07
0.11
0.11
0.09
0.03
0.05
0.05
0.07
0.15
0.21
0.03
0.17
0.03
0.19
0.07
0.11
0.03
0.09
0.25
0.37
0.35
0.15
0.27
0.19
0.09
0.05
0.13
0.17
0.11
0.33
0.29
0.21
0.37
0.29
0.23
0.09
0.19
0.19
0.07
0.07
0.07
0.21
0.05
0.03
0.21
0.25
0.13
0.07
0.21
0.23
0.15
0.05
0.03
0.07
0.27
0.11
0.15
0.11
0.15
0.01
0.13
0.05
0.09
0.05
0.23
0.11
0.23
0.23
0.15
0.01
0.09
0.05
0.05
0.05
0.07
0.05
0.07
0.21
0.03
0.19
0.29
0.31
0.15
0.07
0.01
0.07
0.23
0.19
0.07
0.07
0.43
0.29
0.37
0.13
0.23
0.15
0.07
0.03
0.23
0.03
0.15
0.01
0.01
0.09
0.15
0.13
0.01
0.07
0.29
0.21
0.01
0.35
0.39
0.23
0.21
0.25
0.23
0.11
0.15
0.35
0.27
0.11
0.01
0.07
0.35
0.19
0.21
0.43
0.43
0.23
0.33
0.21
0.13
0.19
0.35
0.15
0.15
0.09
0.11
0.09
0.07
0.15
0.25
0.31
0.25
0.27
0.27
0.41
0.19
0.17
0.21
0.11
0.25
0.17
0.19
0.09
0.05
0.21
0.11
0.17
0.19
0.07
0.07
0.19
0.15
0.13
0.25
0.21
0.27
0.03
0.03
0.17
0.05
0.03
0.41
0.13
0.15
0.23
0.11
0.11
0.09
0.09
0.09
0.07
0.15
0.15
0.11
0.01
0.05
0.17
0.05
0.03
0.09
0.11
0.11
0.23
0.37
0.27
0.33
0.13
0.31
0.13
0.05
0.07
0.37
0.29
0.33
0.27
0.27
0.31
0.13
0.11
0.17
0.07
0.13
0.11
0.11
0.11
0.05
0.09
0.37
0.19
0.05
0.17
0.17
0.05
0.11
0.21
0.09
0.01
0.21
0.09
0.15
0.07
0.01
0.09
0.01
0.03
0.07
0.13
0.05
0.11
0.07
0.25
0.43
0.35
0.57
0.39
0.05
0.03
0.07
0.09
0.27
0.27
0.25
0.13
0.11
0.17
0.11
0.01
0.09
0.07
0.11
0.07
0.05
0.03
0.11
0.21
0.05
0.31
0.05
0.01
0.21
0.19
0.05
0.01
0.07
0.05
0.05
0.01
0.15
0.11
0.17
0.15
0.15
0.33
0.27
0.11
0.11
0.25
0.27
0.13
0.05
0.11
0.11
0.17
0.31
0.25
0.05
0.09
0.19
0.05
0.03
0.13
0.17
0.21
0.23
0.21
0.15
0.07
0.01
0.11
0.01
0.15
0.13
0.31
0.03
0.27
0.17
0.23
0.01
0.13
0.19
0.13
0.05
0.07
0.05
0.19
0.19
0.07
0.17
0.19
0.31
0.11
0.07
0.03
0.01
0.05
0.05
0.03
0.23
0.09
0.07
0.11
0.15
0.09
0.03
0.11
0.13
0.07
0.13
0.03
0.15
0.07
0.21
0.29
0.35
0.21
0.21
0.15
0.01
0.03
0.15
0.27
0.01
0.25
0.23
0.33
0.25
0.05
0.15
0.07
0.29
0.29
0.21
0.01
0.07
0.11
0.21
0.05
0.27
0.27
0.21
0.19
0.33
0.35
0.17
0.19
0.13
0.15
0.07
0.01
0.07
0.23
0.21
0.23
0.27
0.15
0.21
0.17
0.05
0.01
0.07
0.07
0.17
0.07
0.17
0.09
0.19
0.21
0.51
0.53
0.43
0.23
0.11
0.03
0.13
0.39
0.31
0.05
0.01
0.01
0.09
0.09
0.07
0.11
0.11
0.09
0.01
0.15
0.35
0.09
0.07
0.33
0.29
0.17
0.25
0.51
0.43
0.31
0.05
0.07
0.27
0.25
0.07
0.07
0.07
0.01
0.29
0.09
0.07
0.03
0.19
0.17
0.11
0.03
0.13
0.11
0.15
0.07
0.13
0.23
0.27
0.21
0.25
0.21
0.11
0.05
0.03
0.19
0.07
0.19
0.07
0.21
0.19
0.07
0.09
0.15
0.11
0.05
0.15
0.39
0.25
0.21
0.05
0.07
0.05
0.03
0.05
0.11
0.17
0.01
0.09
0.25
0.19
0.25
0.01
0.07
0.17
0.17
0.21
0.01
0.11
0.25
0.27
0.15
0.13
0.29
0.29
