0.25
0.19
0.31
0.39
0.39
0.33
0.27
0.23
0.21
0.17
0.11
0.21
0.11
0.21
0.23
0.31
0.31
0.35
0.35
0.39
0.51
0.41
0.59
0.65
0.71
0.77
0.75
0.75
0.79
0.75
0.77
0.73
0.75
0.67
0.63
0.61
0.69
0.73
0.73
0.73
0.79
0.71
0.69
0.69
0.73
0.71
0.73
0.79
0.77
0.75
0.79
0.69
0.73
0.71
0.71
0.67
0.75
0.73
0.73
0.71
0.69
0.65
0.79
0.77
0.69
0.75
0.77
0.65
0.65
0.61
0.57
0.73
0.71
0.79
0.77
0.71
0.61
0.51
0.49
0.43
0.47
0.55
0.57
0.57
0.55
0.53
0.53
0.55
0.67
0.69
0.69
0.69
0.77
0.77
0.79
0.73
0.77
0.75
0.77
0.79
0.75
0.79
0.73
0.69
0.73
0.73
0.77
0.77
0.73
0.77
0.75
0.71
0.63
0.75
0.79
0.69
0.75
0.71
0.65
0.69
0.73
0.77
0.65
0.77
0.71
0.71
0.63
0.69
0.73
0.75
0.79
0.79
0.73
0.77
0.77
0.77
0.69
0.65
0.69
0.67
0.71
0.77
0.73
0.75
0.75
0.71
0.71
0.67
0.77
0.73
0.79
0.77
0.77
0.71
0.77
0.77
0.73
0.79
0.79
0.75
0.71
0.65
0.75
0.79
0.73
0.67
0.73
0.73
0.71
0.71
0.73
0.69
0.61
0.69
0.69
0.77
0.71
0.75
0.71
0.71
0.77
0.79
0.77
0.79
0.77
0.75
0.69
0.71
0.77
0.77
0.77
0.79
0.75
0.79
0.75
0.73
0.77
0.73
0.79
0.77
0.75
0.73
0.75
0.73
0.69
0.63
0.77
0.77
0.79
0.73
0.75
0.79
0.77
0.79
0.75
0.77
0.77
0.79
0.75
0.77
0.77
0.77
0.75
0.75
0.69
0.73
0.79
0.79
0.79
0.79
0.77
0.79
0.75
0.79
0.75
0.77
0.75
0.73
0.71
0.67
0.57
0.51
0.51
0.43
0.39
0.35
0.33
0.27
0.37
0.39
0.47
0.57
0.57
0.53
0.51
0.55
0.61
0.63
0.75
0.77
0.75
0.77
0.75
0.75
0.73
0.77
0.79
0.75
0.71
0.67
0.67
0.77
0.77
0.75
0.71
0.75
0.79
0.75
0.73
0.63
0.55
0.55
0.51
0.65
0.71
0.63
0.59
0.61
0.61
0.69
0.77
0.73
0.71
0.69
0.57
0.69
0.63
0.67
0.65
0.75
0.75
0.73
0.75
0.77
0.77
0.79
0.77
0.73
0.69
0.63
0.61
0.67
0.65
0.67
0.73
0.77
0.77
0.77
0.77
0.73
0.75
0.79
0.79
0.73
0.77
0.75
0.77
0.73
0.73
0.77
0.79
0.77
0.73
0.59
0.75
0.75
0.73
0.71
0.75
0.71
0.77
0.75
0.79
0.77
0.79
0.73
0.73
0.75
0.75
0.77
0.79
0.77
0.75
0.67
0.71
0.79
0.79
0.71
0.75
0.77
0.71
0.73
0.69
0.65
0.67
0.71
0.71
0.65
0.69
0.71
0.69
0.79
0.79
0.71
0.53
0.55
0.53
0.51
0.47
0.53
0.37
0.45
0.43
0.35
0.41
0.47
0.47
0.51
0.51
0.51
0.63
0.67
0.71
0.75
0.75
0.65
0.65
0.79
0.77
0.77
0.71
0.61
0.67
0.71
0.61
0.67
0.79
0.77
0.73
0.77
0.75
0.77
0.79
0.77
0.77
0.79
0.75
0.69
0.79
0.75
0.69
0.71
0.75
0.77
0.77
0.77
0.77
0.77
0.73
0.75
0.77
0.77
0.75
0.77
0.75
0.71
0.61
0.63
0.61
0.69
0.65
0.61
0.77
0.73
0.73
0.75
0.71
0.69
0.75
0.75
0.79
0.67
0.65
0.69
0.77
0.75
0.79
0.79
0.75
0.79
0.69
0.59
0.63
0.61
0.63
0.63
0.71
0.71
0.63
0.71
0.77
0.77
0.73
0.75
0.75
0.75
0.73
0.77
0.73
0.73
0.59
0.69
0.75
0.77
0.75
0.79
0.77
0.69
0.75
0.69
0.75
0.73
0.67
0.77
0.75
0.79
0.73
0.73
0.71
0.69
0.59
0.61
0.65
0.71
0.67
0.75
0.73
0.75
0.71
0.79
0.75
0.77
0.77
0.79
0.79
0.69
0.71
0.75
0.77
0.73
0.67
0.69
0.71
0.67
0.77
0.75
0.75
0.77
0.69
0.69
0.71
0.63
0.57
0.63
0.77
0.77
0.77
0.67
0.65
0.63
0.63
0.61
0.69
0.77
0.77
0.75
0.77
0.75
0.63
0.59
0.53
0.55
0.59
0.51
0.53
0.61
0.55
0.57
0.71
0.67
0.73
0.79
0.77
0.77
0.77
0.79
0.79
0.73
0.67
0.61
0.69
0.73
0.75
0.73
0.65
0.75
0.75
0.77
0.79
0.75
0.75
0.79
0.79
0.71
0.71
0.71
0.71
0.71
0.69
0.75
0.67
0.73
0.77
0.75
0.79
0.73
0.79
0.71
0.63
0.63
0.65
0.69
0.73
0.75
0.73
0.77
0.79
0.79
0.79
0.71
0.79
0.75
0.75
0.79
0.79
0.79
0.75
0.77
0.71
0.75
0.77
0.73
0.71
0.69
0.71
0.75
0.71
0.65
0.67
0.65
0.75
0.77
0.77
0.71
0.75
0.75
0.73
0.71
0.69
0.67
0.69
0.73
0.75
0.65
0.77
0.79
0.69
0.69
0.65
0.63
0.63
0.61
0.59
0.65
0.63
0.71
0.69
0.69
0.75
0.79
0.79
0.79
0.77
0.77
0.73
0.73
0.73
0.79
0.73
0.79
0.79
0.71
0.71
0.73
0.75
0.77
0.79
0.79
0.73
0.73
0.75
0.75
0.75
0.61
0.55
0.51
0.59
0.61
0.65
0.67
0.73
0.77
0.75
0.73
0.75
0.73
0.79
0.71
0.77
0.77
0.75
0.77
0.75
0.77
0.69
0.77
0.79
0.77
0.73
0.69
0.69
0.69
0.71
0.77
0.73
0.75
0.71
0.71
0.73
0.71
0.75
0.69
0.79
0.77
0.75
0.75
0.77
0.77
0.75
0.77
0.75
0.69
0.77
0.73
0.69
0.75
0.77
0.77
0.77
0.79
0.79
0.77
0.77
0.73
0.77
0.77
0.75
0.73
0.77
0.71
0.67
0.65
0.67
0.67
0.69
0.69
0.73
0.77
0.79
0.77
0.79
0.77
0.75
0.73
0.69
0.75
0.73
0.77
0.79
0.79
0.79
0.71
0.73
0.67
0.69
0.75
0.73
0.73
0.77
0.75
0.79
0.79
0.75
0.79
0.75
0.77
0.77
0.75
0.75
0.77
0.77
0.75
0.77
0.73
0.75
0.75
0.75
0.67
0.71
0.67
0.63
0.65
0.65
0.57
0.69
0.69
0.67
0.77
0.73
0.69
0.67
0.61
0.49
0.49
0.45
0.39
0.35
0.37
0.39
0.35
0.27
0.17
0.23
0.29
0.41
0.37
0.33
0.41
0.55
0.49
0.53
0.51
0.51
0.47
0.29
0.39
0.45
0.55
0.51
0.57
0.61
0.61
0.65
0.59
0.61
0.65
0.57
0.57
0.63
0.61
0.63
0.61
0.55
0.51
0.49
0.45
0.51
0.57
0.53
0.47
0.51
0.65
0.65
0.71
0.79
0.77
0.71
0.77
0.75
0.73
0.71
0.73
0.75
0.65
0.67
0.71
0.71
0.73
0.73
0.67
0.69
0.73
0.79
0.73
0.59
0.69
0.67
0.69
0.73
0.75
0.69
0.75
0.75
0.75
0.73
0.61
0.63
0.65
0.71
0.73
0.69
0.73
0.79
0.79
0.71
0.71
0.69
0.69
0.67
0.65
0.75
0.61
0.73
0.77
0.73
0.75
0.75
0.69
0.59
0.59
0.51
0.69
0.73
0.75
0.77
0.77
0.75
0.75
0.71
0.61
0.69
0.73
0.69
0.75
0.67
0.73
0.79
0.75
0.77
0.73
0.75
0.67
0.61
0.69
0.69
0.69
0.65
0.71
0.71
0.69
0.67
0.67
0.61
0.67
0.73
0.77
0.75
0.73
0.69
0.73
0.71
0.73
0.77
0.75
0.65
0.65
0.75
0.75
0.75
0.77
0.75
0.69
0.73
0.65
0.71
0.71
0.67
0.59
0.71
0.73
0.79
0.77
0.79
0.79
0.67
0.67
0.71
0.69
0.71
0.73
0.57
0.65
0.67
0.69
0.73
0.71
0.75
0.75
0.79
0.79
0.77
