0.47
0.69
0.75
0.83
0.83
0.85
0.79
0.75
0.79
0.83
0.81
0.81
0.83
0.83
0.85
0.81
0.75
0.85
0.73
0.69
0.75
0.73
0.71
0.71
0.75
0.81
0.79
0.75
0.81
0.77
0.83
0.83
0.83
0.79
0.83
0.83
0.79
0.85
0.85
0.85
0.83
0.83
0.83
0.83
0.85
0.85
0.83
0.79
0.81
0.83
0.83
0.81
0.83
0.85
0.85
0.83
0.79
0.79
0.85
0.83
0.83
0.81
0.85
0.85
0.85
0.83
0.81
0.85
0.85
0.79
0.79
0.83
0.85
0.83
0.81
0.81
0.83
0.85
0.85
0.81
0.85
0.81
0.79
0.83
0.85
0.83
0.85
0.83
0.85
0.85
0.85
0.83
0.81
0.81
0.83
0.83
0.81
0.79
0.85
0.81
0.85
0.83
0.83
0.81
0.79
0.81
0.81
0.85
0.81
0.69
0.69
0.77
0.85
0.83
0.83
0.77
0.81
0.85
0.81
0.85
0.83
0.83
0.81
0.79
0.81
0.81
0.79
0.71
0.85
0.81
0.81
0.75
0.77
0.79
0.83
0.85
0.81
0.83
0.85
0.81
0.83
0.79
0.81
0.83
0.75
0.81
0.79
0.83
0.81
0.83
0.75
0.67
0.75
0.71
0.81
0.85
0.81
0.81
0.81
0.81
0.83
0.77
0.81
0.81
0.85
0.83
0.85
0.85
0.81
0.83
0.81
0.85
0.81
0.79
0.81
0.85
0.85
0.85
0.83
0.79
0.83
0.85
0.79
0.81
0.85
0.81
0.83
0.83
0.79
0.81
0.83
0.81
0.85
0.85
0.85
0.81
0.81
0.79
0.81
0.79
0.81
0.81
0.83
0.81
0.83
0.81
0.83
0.83
0.85
0.85
0.83
0.83
0.83
0.85
0.85
0.81
0.75
0.75
0.79
0.85
0.85
0.85
0.85
0.83
0.85
0.85
0.79
0.79
0.83
0.81
0.79
0.85
0.81
0.79
0.83
0.85
0.79
0.85
0.85
0.85
0.83
0.83
0.83
0.85
0.85
0.85
0.85
0.83
0.81
0.77
0.79
0.83
0.81
0.79
0.77
0.77
0.85
0.79
0.73
0.79
0.77
0.75
0.81
0.85
0.85
0.81
0.85
0.83
0.85
0.83
0.85
0.85
0.85
0.85
0.85
0.83
0.85
0.79
0.85
0.85
0.79
0.79
0.81
0.81
0.79
0.79
0.83
0.83
0.77
0.81
0.83
0.85
0.81
0.85
0.85
0.83
0.81
0.85
0.83
0.83
0.85
0.81
0.83
0.79
0.81
0.83
0.85
0.83
0.83
0.81
0.81
0.81
0.69
0.79
0.81
0.83
0.81
0.81
0.83
0.83
0.79
0.83
0.83
0.85
0.85
0.85
0.83
0.79
0.81
0.83
0.81
0.83
0.83
0.81
0.73
0.83
0.81
0.85
0.79
0.83
0.81
0.81
0.77
0.79
0.69
0.71
0.73
0.69
0.79
0.81
0.85
0.79
0.81
0.85
0.83
0.77
0.77
0.79
0.83
0.85
0.81
0.83
0.85
0.83
0.83
0.81
0.83
0.79
0.85
0.83
0.81
0.79
0.81
0.81
0.79
0.85
0.79
0.83
0.81
0.81
0.83
0.83
0.83
0.83
0.81
0.77
0.79
0.75
0.77
0.79
0.85
0.85
0.85
0.77
0.83
0.83
0.83
0.83
0.81
0.81
0.77
0.79
0.83
0.83
0.79
0.81
0.83
0.81
0.81
0.81
0.85
0.83
0.83
0.77
0.71
0.75
0.81
0.85
0.85
0.81
0.81
0.83
0.81
0.81
0.83
0.81
0.73
0.63
0.63
0.63
0.71
0.73
0.65
0.65
0.67
0.77
0.77
0.77
0.77
0.81
0.81
0.81
0.73
0.79
0.81
0.85
0.85
0.81
0.75
0.77
0.75
0.77
0.83
0.83
0.83
0.83
0.85
0.83
0.85
0.79
0.83
0.85
0.85
0.83
0.81
0.85
0.83
0.83
0.83
0.83
0.81
0.81
0.81
0.79
0.75
0.67
0.75
0.75
0.77
0.77
0.81
0.83
0.85
0.83
0.81
0.77
0.83
0.85
0.83
0.81
0.85
0.83
0.85
0.85
0.79
0.85
0.83
0.75
0.85
0.79
0.81
0.81
0.83
0.81
0.83
0.85
0.83
0.79
0.81
0.79
0.75
0.69
0.75
0.81
0.83
0.85
0.85
0.83
0.73
0.73
0.77
0.77
0.75
0.65
0.75
0.81
0.81
0.81
0.83
0.83
0.83
0.75
0.71
0.75
0.81
0.81
0.85
0.83
0.81
0.85
0.83
0.81
0.79
0.85
0.85
0.81
0.85
0.85
0.83
0.81
0.83
0.83
0.81
0.81
0.85
0.81
0.85
0.83
0.81
0.71
0.65
0.77
0.71
0.71
0.67
0.71
0.65
0.67
0.61
0.59
0.61
0.69
0.65
0.63
0.67
0.69
0.77
0.85
0.83
0.85
0.83
0.79
0.79
0.83
0.85
0.85
0.83
0.85
0.81
0.81
0.85
0.83
0.81
0.79
0.85
0.77
0.69
0.65
0.49
0.35
0.49
0.47
0.47
0.45
0.51
0.55
0.73
0.85
0.81
0.85
0.81
0.81
0.81
0.77
0.81
0.85
0.83
0.81
0.83
0.83
0.81
0.83
0.83
0.79
0.83
0.85
0.85
0.85
0.75
0.75
0.85
0.85
0.83
0.85
0.85
0.81
0.85
0.81
0.77
0.81
0.83
0.81
0.83
0.83
0.79
0.79
0.85
0.81
0.85
0.83
0.85
0.83
0.81
0.81
0.81
0.81
0.77
0.83
0.83
0.81
0.81
0.83
0.83
0.85
0.81
0.79
0.79
0.77
0.79
0.85
0.79
0.77
0.81
0.79
0.79
0.83
0.85
0.83
0.83
0.81
0.83
0.81
0.75
0.79
0.83
0.83
0.81
0.81
0.81
0.77
0.73
0.69
0.77
0.79
0.71
0.79
0.77
0.73
0.81
0.79
0.81
0.85
0.81
0.77
0.79
0.75
0.81
0.83
0.81
0.79
0.77
0.81
0.81
0.83
0.75
0.79
0.75
0.77
0.83
0.81
0.79
0.81
0.79
0.73
0.77
0.83
0.81
0.81
0.81
0.79
0.81
0.85
0.85
0.81
0.79
0.83
0.79
0.83
0.85
0.83
0.83
0.81
0.79
0.83
0.83
0.83
0.85
0.83
0.77
0.85
0.85
0.83
0.83
0.81
0.77
0.79
0.79
0.81
0.83
0.85
0.83
0.77
0.75
0.75
0.75
0.77
0.85
0.81
0.75
0.75
0.79
0.83
0.81
0.85
0.85
0.85
0.83
0.81
0.81
0.83
0.83
0.81
0.85
0.77
0.83
0.79
0.75
0.79
0.81
0.81
0.79
0.83
0.83
0.85
0.85
0.79
0.79
0.79
0.77
0.79
0.81
0.69
0.67
0.67
0.71
0.81
0.79
0.79
0.83
0.85
0.85
0.83
0.79
0.79
0.85
0.85
0.85
0.85
0.75
0.81
0.85
0.85
0.81
0.83
0.85
0.81
0.81
0.81
0.83
0.79
0.83
0.81
0.75
0.75
0.75
0.85
0.81
0.85
0.83
0.85
0.81
0.83
0.85
0.85
0.83
0.85
0.83
0.83
0.85
0.81
0.83
0.83
0.83
0.83
0.81
0.77
0.81
0.85
0.83
0.85
0.81
0.83
0.79
0.85
0.83
0.85
0.79
0.85
0.83
0.85
0.81
0.83
0.81
0.83
0.81
0.85
0.81
0.85
0.85
0.85
0.79
0.77
0.81
0.81
0.79
0.71
0.67
0.73
0.67
0.67
0.59
0.57
0.69
0.67
0.65
0.65
0.71
0.73
0.69
0.63
0.71
0.83
0.83
0.83
0.85
0.81
0.77
0.85
0.81
0.77
0.81
0.83
0.85
0.79
0.77
0.73
0.75
0.73
0.81
0.83
0.81
0.85
0.85
0.81
0.77
0.81
0.71
0.77
0.85
0.85
0.83
0.81
0.85
0.81
0.79
0.79
0.83
0.81
0.85
0.83
0.79
0.81
0.75
0.81
0.85
0.83
0.81
0.83
0.83
0.81
0.85
0.85
0.85
0.85
0.81
0.81
0.71
0.81
0.79
0.81
0.79
0.81
0.75
0.81
0.85
0.69
0.81
0.85
0.83
0.83
0.83
0.83
0.81
0.67
0.61
0.71
0.79
0.77
0.69
0.75
0.75
0.85
0.85
0.83
0.83
0.83
0.83
0.81
0.81
0.85
0.83
0.81
0.77
0.81
0.85
0.85
0.85
0.85
0.83
0.81
0.83
