0.44
0.24
0.12
0.36
0.34
0.28
0.26
0.38
0.44
0.32
0.3
0.02
0.16
0.14
0.06
0.04
0.14
0.12
0.4
0.28
0.22
0.26
0.24
0.24
0.18
0.26
0.14
0.12
0.6
0.38
0.64
0.4
0.28
0.06
0.22
0.22
0.46
0.26
0.2
0.76
0.8
0.52
0.2
0.3
0.12
0.36
0.42
0.34
0.1
0.06
0.18
0.12
0.68
0.6
0.26
0.34
0.06
0.12
0.06
0.22
0.34
0.1
0.16
0.2
0.12
0.46
0.16
0.38
0.22
0.28
0.06
0.22
0.24
0.3
0
0.4
0.42
0.76
0.54
0.46
0.22
0.32
0.2
0.02
0.64
0.68
0.68
0.64
0.34
0.34
0.18
0.08
0.06
0.18
0.02
0.02
0.38
0.42
0.14
0.36
0.3
0.28
0.26
0.16
0.44
0.4
0.22
0.26
0.36
0.4
0.08
0.24
0.16
0.32
0.34
0.52
0.7
0.3
0.16
0.16
0.22
0.4
0.24
0.3
0.06
0.02
0.32
0.22
0.48
0.4
0.16
0.34
0.58
0.5
0.32
0.38
0.04
0.04
0.02
0.6
0.16
0.12
0.32
0.56
0.08
0.12
0.04
0.2
0.08
0
0.04
0.3
0.52
0.48
0.56
0.14
0.22
0.4
0.16
0.24
0.14
0.48
0.18
0.54
0.48
0.46
0.44
0.08
0.14
0.16
0.06
0.06
0.26
0.12
0.12
0.3
0.3
0.26
0.18
0.16
0.34
0.76
0.52
0.5
0.52
0.52
0.1
0.16
0.1
0.24
0.36
0.52
0.4
0.46
0.52
0.38
0.38
0.22
0.14
0.1
0.1
0.46
0.54
0.82
0.8
0.5
0.1
0.48
0.08
0.14
0.26
0.32
0.26
0.12
0.36
0.4
0.7
0.9
0.64
0.46
0.54
0.44
0.68
0.7
0.4
0.44
0.26
0.02
0.02
0.02
0.18
0.2
0.08
0.12
0.18
0.44
0.34
0.28
0.36
0.06
0.12
0.18
0.04
0.08
0.26
0.12
0.04
0.36
0.52
0.02
0.12
0.1
0
0.04
0.3
0.26
0.16
0.16
0.3
0.34
0.14
0.34
0.02
0.24
0.38
0.18
0.24
0.16
0.08
0.06
0.24
0.4
0.06
0.16
0.16
0.06
0.08
0.08
0.54
0.36
0.18
0.04
0.14
0.26
0.46
0.16
0.18
0.2
0.22
0.18
0.26
0.18
0.38
0.58
0.48
0.24
0.38
0.14
0.2
0.08
0.56
0.6
0.42
0.16
0.06
0.12
0.28
0.08
0.28
0.1
0.04
0.2
0.08
0.2
0.26
0.32
0.62
0.62
0.66
0.76
0.38
0.34
0.46
0.28
0.36
0.08
0.04
0.24
0.44
0.02
0.04
0.08
0.34
0.48
0.48
0.3
0.3
0.3
0.22
0.32
0.62
0.66
0.62
0.7
0.22
0.38
0.6
0.46
0.3
0.3
0.34
0.38
0.32
0.58
0.82
0.38
0.34
0.26
0.16
0.28
0.22
0.34
0.32
0.36
0.04
0.06
0.02
0.12
0.28
0.46
0.14
0.42
0.6
0.8
0.84
0.8
0.6
0.44
0.28
0.06
0.02
0.28
0.18
0.44
0.34
0.2
0.22
0.28
0.5
0.4
0.22
0.3
0.48
0.46
0.4
0.06
0.22
0.36
0.1
0.54
0.68
0.5
0.48
0.68
0.36
0.18
0.12
0.26
0.36
0.34
0.28
0.56
0.62
0.4
0.22
0.04
0.26
0.72
0.42
0.5
0.3
0.54
0.34
0.04
0.16
0.1
0.02
0.4
0.2
0.12
0.18
0.34
0.34
0.34
0.08
0.34
0.28
0.44
0.5
0.64
0.52
0.38
0.34
0.14
0.2
0.2
0.3
0.24
0.08
0.4
0.24
0.08
0.18
0.2
0.38
0.5
0.14
0.14
0.04
0.28
0.36
0.28
0.4
0.36
0.12
0.16
0.2
0.12
0.42
0.16
0.2
0.14
0.18
0.14
0.28
0.24
0.02
0.12
0.52
0.02
0.1
0.04
0.4
0.1
0.08
0.02
0.2
0.34
0.14
0.28
0.66
0.44
0.2
0.58
0.48
0.54
0.16
0.08
0.26
0.42
0.04
0
0.22
0.38
0.38
0.48
0.44
0.46
0.34
0.36
0.36
0.48
0.2
0.22
0.14
0.38
0.36
0.18
0.24
0.42
0.08
0.14
0.3
0.16
0.38
0.42
0.5
0.2
0.34
0.16
0.14
0
0.14
0.36
0.2
0.32
0.2
0.38
0.28
0.36
0.04
0.2
0.46
0.36
0.1
0.08
0.02
0.2
0.14
0.08
0.02
0.22
0.16
0.14
0.2
0.4
0.1
0.04
0.32
0.24
0.22
0.14
0.4
0.16
0.26
0.56
0.4
0.64
0.58
0.06
0.08
0.14
0.3
0.12
0.16
0.16
0.1
0.22
0.48
0.34
0.44
0.34
0.12
0.12
0.2
0.38
0.04
0.14
0.02
0.28
0.08
0.32
0.4
0.24
0.02
0.2
0.04
0.2
0.3
0.58
0.62
0.68
0.66
0.38
0.4
0.4
0.24
0.48
0.32
0.22
0.38
0.42
0.42
0.46
0.48
0.16
0.02
0.18
0.46
0.22
0.1
0.28
0
0.5
0.74
0.62
0.2
0.48
0.22
0.34
0.04
0.28
0.32
0.2
0.18
0
0.16
0.3
0.28
0.32
0.2
0.02
0.44
0.48
0.46
0.26
0.06
0.16
0.34
0.24
0.26
0.2
0.02
0.22
0.2
0.04
0.24
0.18
0.32
0.56
0.6
0.42
0.1
0.26
0.36
0.36
0.1
0.24
0.08
0.04
0.26
0.12
0.08
0.06
0.06
0.02
0.24
0.3
0.64
0.56
0.3
0.44
0.32
0.08
0.16
0.3
0.36
0.44
0.24
0.4
0.32
0.2
0.24
0
0.14
0.12
0.28
0.56
0.22
0.08
0.36
0.6
0.56
0.48
0.24
0.02
0.2
0.06
0.2
0.2
0.18
0.5
0.16
0.34
0.26
0.12
0.06
0.32
0.08
0.44
0.18
0.22
0.28
0.16
0.2
0.1
0.12
0.54
0.42
0.34
0
0.1
0.02
0.44
0.14
0.24
0.34
0.18
0.1
0.08
0.34
0.38
0.32
0.48
0.18
0.1
0.26
0.28
0.14
0.34
0.2
0.18
0.36
0.28
0.18
0.04
0.24
0.1
0.14
0.04
0
0.42
0.38
0.42
0.12
0.2
0.12
0.18
0.06
0.3
0.34
0.52
0.44
0.18
0.26
0.08
0.22
0.32
0.14
0.08
0.06
0.16
0.12
0.12
0.14
0.12
0.16
0.26
0.02
0.28
0.14
0.3
0.4
0.24
0.1
0.06
0.28
0.48
0.16
0.3
0.32
0.08
0.12
0.14
0.18
0.28
0.54
0.32
0.32
0.32
0.28
0.16
0.32
0.46
0.32
0.1
0.1
0.28
0.04
0.04
0.3
0.22
0
0.04
0.44
0.04
0.28
0.48
0.7
0.7
0.54
0.38
0.36
0.04
0.28
0.3
0.52
0.4
0.44
0.14
0.24
0.42
0.42
0.84
0.7
0.28
0.2
0.28
0.08
0.02
0.28
0.28
0.52
0.42
0.06
0.28
0.18
0.34
0.8
0.7
0.66
0.3
0.18
0.02
0.44
0.48
0.1
0.02
0
0.22
0.12
0.02
0.02
0.12
0.06
0.16
0.22
0.18
0.36
0.1
0.62
0.68
0.6
0.7
0.74
0.56
0.54
0.36
0.28
0.26
0.16
0.26
0.18
0.18
0.18
0.44
0.16
0.08
0.12
0.08
0.24
0.26
0.44
0.48
0.6
0.26
0.46
0.4
0.32
0.02
0.1
0.2
0.1
0.3
0.22
0.14
0
0.1
0.4
0.58
0.5
0.26
0.14
0.36
0.28
0.14
0.1
0.28
0.4
0.7
0.26
0.06
0.08
0.22
0.08
0.32
0.52
0.14
0.2
0.18
0.06
0.4
0.54
0.44
0.08
0.18
0.24
0.52
0.44
0.48
0.46
0.38
0.14
0.36
0.32
0.3
0.38
0.28
0.12
0.12
0.02
0.54
0.78
0.76
0.26
0.08
0.34
0.44
0.06
0.34
0.52
0.7
0.3
0.12
0.26
0.18
0.26
0.08
0.12
0.1
0.28
0.12
0.18
0.4
0.14
0.2
0.36
0.38
0.4
0.22
0.1
0
0.22
0.4
0.06
0.38
0.44
0.5
0.56
0.66
0.2
