0.28
0.46
0.36
0.4
0.42
0.48
0.46
0.42
0.36
0.34
0.22
0.02
0.44
0.58
0.5
0.38
0.1
0.14
0.16
0.2
0.22
0.04
0.16
0.44
0.64
0.56
0.48
0.84
0.72
0.82
0.76
0.82
0.62
0.66
0.42
0.54
0.82
0.84
0.9
0.78
0.28
0
0.18
0.16
0.4
0.46
0.46
0.26
0.06
0
0.26
0.5
0.62
0.66
0.52
0.68
0.84
0.74
0.64
0.6
0.5
0.74
0.7
0.64
0.44
0.18
0.04
0.1
0.02
0.12
0.16
0.22
0.18
0.08
0.24
0.42
0.6
0.42
0.3
0.56
0.34
0.34
0.6
0.36
0.44
0.38
0.26
0.5
0.24
0.18
0.5
0.1
0.22
0.08
0.18
0.58
0.9
0.84
0.78
0.76
0.58
0.46
0.32
0.08
0.18
0.32
0.04
0.24
0.16
0.38
0.16
0
0.24
0.36
0.14
0.2
0.12
0.14
0.52
0.54
0.74
0.68
0.6
0.54
0.54
0.6
0.52
0.38
0.32
0.02
0.24
0.44
0.42
0.32
0.34
0.34
0.4
0.5
0.5
0.6
0.6
0.56
0.72
0.7
0.8
0.72
0.68
0.34
0.66
0.76
0.74
0.5
0.3
0.52
0.14
0.06
0.52
0.66
0.8
0.8
0.72
0.56
0.66
0.56
0.42
0.22
0.04
0.02
0.04
0.02
0.28
0.08
0.14
0.38
0.6
0.76
0.58
0.22
0.38
0.36
0
0.06
0.04
0.08
0.38
0.32
0.68
0.46
0.34
0.06
0.08
0.18
0.26
0.32
0.34
0.18
0.26
0.64
0.74
0.64
0.44
0.32
0.48
0.86
0.52
0.64
0.68
0.58
0.56
0.54
0.68
0.6
0.48
0.06
0.24
0.4
0.2
0.1
0.16
0.42
0.42
0.38
0.36
0.48
0.42
0.6
0.62
0.62
0.7
0.28
0.06
0.08
0.16
0.3
0.56
0.86
0.54
0.52
0.62
0.74
0.66
0.04
0.3
0.3
0.06
0.08
0.08
0.36
0.38
0.72
0.88
0.78
0.94
0.82
0.78
0.82
0.82
0.8
0.74
0.52
0.3
0.56
0.6
0.44
0.18
0.06
0.06
0.6
0.6
0.72
0.86
0.72
0.26
0.2
0.34
0.28
0.54
0.66
0.68
0.78
0.86
0.6
0.64
0.54
0.42
0.52
0.54
0.58
0.44
0.52
0.4
0.36
0.68
0.78
0.78
0.94
0.7
0.68
0.58
0.8
0.72
0.62
0.72
0.78
0.88
0.94
0.72
0.64
0.74
0.56
0.68
0.8
0.84
0.68
0.4
0.36
0.04
0.22
0.06
0.02
0.1
0.3
0.48
0.52
0.38
0.48
0.62
0.46
0.6
0.84
0.6
0.7
0.48
0.7
0.74
0.58
0.34
0.04
0.18
0.16
0.08
0.44
0.76
0.86
0.86
0.5
0.54
0.6
0.62
0.46
0.58
0.46
0.3
0.16
0.46
0.14
0.04
0.24
0.1
0.14
0.24
0.4
0.34
0.28
0.48
0.66
0.66
0.72
0.7
0.82
0.68
0.76
0.34
0.12
0.06
0.42
0.6
0.48
0.6
0.54
0.64
0.56
0.48
0.5
0.74
0.34
0.66
0.4
0.68
0.7
0.66
0.7
0.68
0.92
0.88
0.52
0.68
0.66
0.76
0.58
0.78
0.8
0.6
0.66
0.76
0.62
0.6
0.1
0.1
0.16
0.16
0.1
0.24
0.14
0.1
0.02
0.1
0.08
0.7
0.66
0.46
0.02
0.08
0.04
0.58
0.54
0.06
0.1
0.16
0.46
0.7
0.86
0.92
0.6
0.58
0.78
0.9
0.82
0.92
0.84
0.84
0.6
0.7
0.7
0.64
0.74
0.74
0.76
0.74
0.64
0.4
0.62
0.6
0.7
0.88
0.74
0.5
0.58
0.58
0.52
0.38
0.18
0.16
0.06
0.08
0.12
0.34
0.56
0.36
0.26
0.66
0.6
0.26
0.2
0.16
0.02
0.26
0.4
0.64
0.66
0.48
0.48
0.64
0.54
0.3
0.18
0.4
0.16
0.18
0.24
0.18
0.04
0.02
0.14
0.04
0.26
0.2
0.7
0.56
0.42
0.42
0.48
0.52
0.72
0.78
0.9
0.76
0.62
0.78
0.78
0.86
0.44
0.48
0.76
0.82
0.84
0.9
0.9
0.86
0.8
0.56
0.6
0.74
0.68
0.72
0.56
0.4
0.2
0.04
0.28
0.3
0.04
0.1
0.46
0.6
0.52
0.54
0.64
0.78
0.86
0.68
0.58
0.78
0.76
0.82
0.78
0.66
0.84
0.88
0.86
0.76
0.74
0.64
0.6
0.76
0.8
0.84
0.74
0.7
0.66
0.88
0.68
0.56
0.7
0.64
0.74
0.84
0.84
0.64
0.48
0.72
0.62
0.56
0.4
0.52
0.46
0.26
0
0.06
0.02
0.3
0.38
0.52
0.7
0.64
0.18
0.24
0.24
0.36
0.34
0.36
0.52
0.52
0.66
0.72
0.64
0.78
0.54
0
0.56
0.52
0.12
0.24
0.52
0.72
0.76
0.82
0.66
0.46
0.52
0.26
0.22
0.28
0.16
0.38
0.42
0.5
0.46
0.42
0.5
0.44
0.42
0.34
0.5
0.66
0.66
0.32
0.42
0.34
0.46
0.64
0.68
0.8
0.68
0.88
0.72
0.94
0.92
0.82
0.64
0.54
0.54
0.66
0.68
0.82
0.8
0.84
0.76
0.56
0.6
0.72
0.58
0.36
0.2
0.36
0.3
0.22
0.18
0.46
0.16
0.02
0.04
0.46
0.5
0.28
0.44
0.26
0.44
0.24
0.14
0.3
0.22
0.26
0.16
0.3
0.5
0.28
0.46
0.36
0.2
0.56
0.56
0.82
0.7
0.34
0.46
0.7
0.78
0.8
0.76
0.74
0.58
0.52
0.56
0.6
0.52
0.4
0.5
0.26
0.06
0.04
0.26
0.42
0.12
0.18
0.16
0.1
0.5
0.62
0.64
0.54
0.54
0.5
0.66
0.64
0.54
0.5
0.48
0.58
0.58
0.76
0.64
0.68
0.68
0.86
0.44
0.6
0.36
0.08
0.08
0.06
0.36
0.5
0.62
0.44
0.74
0.88
0.92
0.88
0.8
0.66
0.46
0.44
0.14
0.1
0.74
0.72
0.68
0.78
0.68
0.82
0.72
0.5
0.54
0.36
0.28
0.1
0.24
0.32
0.06
0.02
0.02
0.04
0.24
0.16
0.26
0.12
0.26
0.24
0.24
0.18
0.28
0.2
0.28
0.14
0.44
0.04
0.06
0.12
0.06
0.22
0.14
0.08
0.16
0.16
0.2
0.38
0.54
0.62
0.48
0.6
0.72
0.7
0.54
0.58
0.66
0.62
0.7
0.48
0.5
0.48
0.66
0.8
0.76
0.64
0.72
0.4
0.26
0.3
0.76
0.6
0.74
0.64
0.6
0.66
0.58
0.54
0.26
0.7
0.78
0.72
0.74
0.6
0.38
0.44
0.08
0.22
0.08
0.6
0.66
0.8
0.88
0.74
0.72
0.6
0.66
0.7
0.7
0.7
0.74
0.5
0.4
0.24
0.16
0.18
0.04
0.28
0.56
0.12
0.3
0.3
0.4
0.54
0.46
0.34
0.5
0.6
0.6
0.56
0.54
0.46
0.08
0.16
0.2
0.48
0.54
0.58
0.66
0.48
0.3
0.2
0.42
0.08
0.06
0.28
0.12
0.02
0.48
0.24
0.06
0.02
0.22
0.56
0.66
0.58
0.32
0.14
0.38
0.4
0.34
0.36
0.34
0.24
0.24
0.2
0.12
0.74
0.76
0.7
0.82
0.8
0.72
0.62
0.5
0.6
0.42
0.58
0.8
0.84
0.9
0.86
0.9
0.84
0.32
0.48
0.54
0.8
0.72
0.4
0.64
0.8
0.78
0.86
0.92
0.84
0.74
0.62
0.2
0.3
0.02
0.1
0.22
0.48
0.7
0.66
0.78
0.64
0.6
0.7
0.76
0.62
0.52
0.02
0.1
0.26
0.44
0.48
0.78
0.74
0.86
0.78
0.82
0.78
0.8
0.8
0.66
0.56
0.84
0.7
0.82
0.74
0.82
0.68
0.82
0.84
0.68
0.72
0.78
0.62
0.4
0.02
0.1
0.3
0.5
0.42
0.12
0.28
0.64
0.68
0.82
0.66
0.56
0.88
0.82
0.62
0.26
0.62
0.7
0.76
0.8
0.84
0.88
0.76
0.84
0.92
0.88
0.92
0.88
0.84
0.82
0.76
