0.503969
0.132722
0.00609542
1.4634
0.112269
-0.266969
-0.379894
0.261149
-0.0283997
-1.65889
-0.0400591
2.03417
-0.00764714
1.38736
-0.0537229
0.137597
0.804905
0.0328195
1.4058
-0.048153
0.837017
0.21158
-0.204354
-0.486126
0.0332964
-0.346384
-0.0966375
0.476718
0.254754
-0.537428
-0.0684617
1.11427
0.141608
0.038945
1.4442
-0.0535102
1.26383
0.0271642
-0.56038
-0.0256573
2.07419
0.0120235
0.78419
-0.164122
0.0982123
0.175593
0.744727
0.0435585
0.297552
0.639292
-0.0347331
-0.381015
0.0717362
0.49606
-0.296816
-0.127997
-0.23385
0.26276
0.0819272
0.310338
-0.134946
-0.279671
0.403107
-0.0690197
0.755594
-0.0679108
-0.747501
0.236319
0.140543
0.457744
0.163247
-0.248777
-0.201023
0.254212
0.400469
0.218862
0.429869
0.0403053
-0.109732
0.740155
-0.0765165
-0.135895
0.782413
0.271431
-0.658479
-0.158006
0.654897
-0.0606205
-0.407261
-0.0620263
-1.18583
-0.033696
-0.784875
-0.321428
-0.1733
0.310391
-0.0504547
0.946801
0.111029
1.07205
-0.0115208
-0.980583
0.168999
0.588433
0.0308105
0.615102
-0.18701
-0.929035
-0.00301826
1.40523
-0.0209161
-0.345956
0.0422848
0.954973
-0.0942766
0.104134
-0.967152
-0.117991
0.386081
-0.268775
0.432077
-0.0541851
-0.72305
0.194555
-0.485645
0.485727
0.0109129
-1.20678
0.0221513
-0.632521
0.182135
-0.29684
0.0883192
-0.308041
0.386059
0.309129
0.577038
-0.180184
-0.26723
-0.00766142
0.15676
0.415507
0.511905
0.206347
0.423458
0.124691
-0.138274
-1.00383
-0.0292912
-1.22372
0.132989
-0.610064
0.194176
-0.0131147
-1.06833
0.105532
-1.32752
-0.0855897
-0.383332
-0.0607788
1.48871
-0.0373511
-0.00243493
1.73891
-0.0145342
0.215339
0.450751
-0.123992
-0.464876
-0.0653568
-1.05257
0.0694264
0.450844
0.113614
-0.562117
-0.278394
-0.211984
0.234357
-0.143862
1.3188
-0.0610156
0.844001
-0.0960978
0.372407
-0.334427
0.135136
-0.249552
0.0624722
-0.756719
0.0787059
0.127868
-0.0390972
2.17336
0.049961
-1.45709
-0.059777
-0.0556002
0.0186224
1.4041
0.106743
-0.585804
0.127583
-0.322911
-0.0905874
0.254212
0.47019
-0.0645834
0.272135
0.575836
0.0921495
-0.636283
0.122353
-0.452304
-0.142338
0.40638
0.131271
-0.381936
0.0170846
0.459369
0.105323
-0.548297
0.0216342
-0.0328259
1.1169
-0.00384538
1.27813
-0.0915307
-0.0735791
0.408443
-0.0126735
-0.968683
-0.0417605
-0.245749
0.00944642
-0.641696
0.13124
-0.488533
0.0657323
-1.0806
-0.00650062
-0.0355337
-1.10261
-0.124335
0.212247
-0.513784
-0.13606
-0.0687287
0.90602
0.0248091
-2.05819
0.0366457
-0.522824
0.0382939
0.088901
-0.236257
0.306993
0.611156
-0.0467541
-1.03603
-0.112906
0.72107
0.151385
-0.695108
-0.0218121
0.45397
-0.139409
-0.905853
-0.0602061
-0.136537
-0.559075
0.0761992
-0.475857
0.143473
-0.483449
0.425837
-0.136645
-1.2242
0.162815
0.814287
0.103061
0.163659
0.299675
0.213357
-0.255822
-0.218035
0.472772
-0.151366
-0.512618
-0.481166
0.0893884
-0.256604
-0.183463
-0.215322
0.821272
-0.19909
0.813601
-0.130571
-0.699257
-0.208386
0.286966
-0.0243052
-1.75633
0.00487267
1.26659
0.0214555
-1.33224
0.00897604
-0.702469
-0.0615213
-0.635843
0.00963567
0.607572
-0.0229728
-0.0876654
0.169549
0.214835
-0.0368832
-0.41213
0.00116495
-1.52403
0.0981007
-0.499635
0.00446222
1.22761
-0.0734218
-0.00656427
0.293107
0.0334979
-0.289943
0.0850601
0.937774
0.143736
-0.290325
-0.0776692
-0.594524
-0.144309
0.500104
-0.0455049
0.874082
-0.0299141
-0.574505
-0.170218
0.706343
0.122343
-0.822172
0.0649992
-0.546624
0.2776
0.0356311
-1.48865
-0.0162221
-0.390847
0.610608
0.0158588
1.19979
0.0033916
-0.184177
0.043569
-0.974176
-0.186213
-0.274611
-0.418877
-0.346769
0.156623
0.536005
0.115361
-0.993728
0.0290218
0.091972
0.489925
0.0520827
-0.28959
0.279319
-0.341694
0.132545
-0.460325
-0.0425219
-0.313271
0.0961217
0.365114
0.153284
-0.135379
0.0872405
0.618661
-0.134468
-0.639254
-0.172166
-0.336878
-0.210676
0.703622
0.0587788
-1.43108
-0.111011
0.805034
-0.0750824
0.454034
-0.100294
-0.718984
0.0874311
0.906669
-0.119289
-0.331453
-0.250158
0.0116493
1.00831
-0.104386
-0.389084
0.409594
-0.328175
-0.0732724
-1.1068
0.00859144
0.284882
0.243726
0.0339431
1.40077
-0.117683
-0.485247
0.101341
0.0759159
-0.403215
-0.136293
0.0517959
-0.711563
-0.300435
0.151449
-0.488487
0.135694
0.488974
0.238592
-0.0763516
-0.171319
0.661238
-0.0691258
-0.779287
0.140617
0.947606
-0.13775
-0.176792
0.164903
-0.070263
0.504174
0.022678
0.0266735
-0.52678
-0.14295
0.527193
-0.335728
0.563851
0.0353469
0.454674
-0.282846
0.0561886
0.0850204
-1.22
0.0613047
1.07893
-0.0724131
-0.744394
-0.0611107
0.154654
0.145874
-1.16796
-0.194947
-0.298009
-0.451171
0.138658
0.0212681
1.33504
0.128249
1.51569
-0.123022
-0.933538
0.0126014
0.826108
-0.0907689
-1.52398
-0.0220628
1.30084
0.0341386
-0.236227
0.153849
-0.0379842
0.567039
-0.0109553
-0.906427
-0.0050549
-0.542357
0.112849
0.420684
0.233304
-0.332358
-0.0180682
0.205699
-0.246548
0.394459
0.000742081
-0.131727
-0.319386
-0.0886099
0.650078
-0.00364217
0.440552
-0.155703
-0.588849
0.2558
-0.427682
-0.138705
0.622092
0.0660238
-0.259279
0.172049
-0.256135
0.245131
-0.0989588
0.155496
0.169202
-0.596318
0.207195
0.259632
0.32144
0.434157
-0.0832419
-0.545525
-0.165509
-0.499087
-0.103828
-0.228197
0.0425888
-0.226889
-0.248719
0.41453
0.166628
0.431752
0.229946
0.792001
0.0848331
0.976692
0.199312
-0.278424
0.0814642
-0.936694
0.0259024
0.379516
0.316196
-0.121858
0.801442
0.081427
0.00976325
-0.507367
0.0801911
0.280421
-0.0136418
-0.998987
0.0585994
-0.223614
-0.085226
0.461073
-0.0454447
-2.33493
-0.0229942
-1.74372
0.0265426
-0.605477
0.0249173
-0.656677
-0.00109758
-0.336655
0.0939599
0.253389
-0.361453
-0.341144
0.122765
-0.893173
-0.0147504
-2.02164
0.039866
-0.181662
0.153562
0.92795
-0.332646
0.182631
-0.0293214
1.60589
-0.0483731
-0.266666
-0.305612
0.507802
-0.211048
-0.505824
-0.150557
0.768838
0.138219
0.0740723
0.0699836
-0.406682
0.200892
-0.257815
0.457182
0.081604
-0.192416
0.779166
0.229818
0.206452
0.146215
-0.845405
0.0440277
0.122537
0.185331
-0.110315
0.308786
0.548611
-0.0133855
0.512733
-0.149832
-0.997788
0.0285193
0.191316
0.704749
0.0337694
-0.90248
0.130092
0.226978
-0.206026
0.334897
0.116806
-0.415811
-0.319508
0.12764
-0.175754
0.16859
0.116814
0.161006
0.780374
-0.0917176
-1.03257
0.0112306
-0.0103788
-1.42142
0.0157554
0.265568
0.333463
0.0436645
-0.800442
0.101842
1.23178
-0.0820083
0.77605
-0.138911
0.469215
-0.186982
-0.0541341
0.390661
-0.0151407
2.03193
0.0312369
-1.28408
-0.0263319
-0.10989
0.559712
0.155027
0.669034
0.181579
-0.332975
-0.0368721
-0.293057
-0.343118
-0.274316
0.772999
0.0735018
-0.780304
-0.112608
-0.380342
-0.432214
0.254003
-0.165683
-0.0502335
-1.7281
0.0910151
0.672524
0.33096
-0.255763
-0.226867
0.0428774
1.62597
0.00654991
1.43032
0.0990915
-0.619547
-0.251363
0.268458
-0.0910475
-1.46219
0.0126647
-0.569373
-0.0731378
-0.883508
-0.027559
-0.202067
0.0875156
-0.0376919
-2.96551
0.0135197
-1.69048
-0.0675978
-0.703873
0.0856584
-0.909479
0.143181
0.474975
-0.379011
0.126901
0.364725
-0.563828
0.0293904
1.09471
-0.0501942
-0.721488
0.123389
-0.981739
-0.0533794
1.05694
-0.0226032
-0.858656
-0.0765843
1.00957
-0.148559
0.503888
-0.133449
-0.131757
-0.882296
0.174416
-0.272231
0.0347795
1.17579
0.0131011
-0.12974
0.854528
0.0987539
-0.172277
0.332248
-0.234666
-0.411048
0.163891
0.743661
-0.138909
0.457691
0.11443
-0.126472
0.299324
-0.0418945
0.108877
0.803907
0.13729
-0.377637
-0.0526183
-0.288485
0.313994
0.479144
-0.145614
0.673042
0.0723165
0.0695583
0.0609116
0.219324
-0.261139
0.404053
-0.271953
-0.0249088
-0.913671
0.14145
-0.507203
0.219279
-0.390131
0.256031
0.023794
-0.412201
0.0671984
-1.79555
-0.000679341
-0.545924
-0.187671
-0.327507
0.521444
-0.103063
-0.889073
-0.0660764
0.914501
0.106261
-0.0613977
-0.511889
0.46065
0.139429
-0.392261
-0.176457
0.173124
-0.0493567
0.394507
0.0537213
-0.540736
0.105721
-0.429398
0.0850639
0.71307
0.0230847
0.611679
-0.0100566
0.67551
-0.208648
0.717086
0.193226
0.00719854
2.23625
0.0316765
-0.515261
-0.120877
-0.628521
-0.046927
0.949159
-0.0217755
-1.23335
0.082814
1.15168
0.107438
0.574614
0.181111
-0.137963
-0.250173
0.0533993
-0.363826
0.143843
-0.835545
0.0741435
0.36984
-0.339062
0.0108078
0.491499
0.340997
-0.266182
0.170083
0.398176
-0.0318363
0.0278509
0.195972
0.0388537
1.05884
0.086845
-0.534769
0.0937776
0.0928774
0.925246
-0.0261369
-0.297842
0.0190354
0.0886303
0.19807
-0.104514
0.954983
0.122931
1.22814
-0.0161811
-1.23562
0.0813651
0.0215616
-0.279481
-0.564356
-0.0565306
-0.714103
-0.0681856
-0.643614
-0.223914
0.337628
-0.330842
-0.493642
-0.0678923
0.524243
-0.0236762
0.229431
-0.290122
0.576942
0.179607
-0.598884
-0.130381
-0.403839
-0.413837
0.367943
-0.126413
0.371812
0.115685
-0.54644
0.025699
0.315229
0.23398
-0.0781174
-0.345492
0.140611
0.154683
-0.0462962
1.13857
-0.0131318
-0.0764634
0.551912
-0.0883309
1.43166
-0.0253299
0.564459
-0.0435119
1.82905
0.0268047
-0.0482843
-0.932019
0.123896
-0.0246411
-1.32394
-0.00672214
-0.341907
0.0505188
2.20599
0.0312503
-0.473649
-0.0689255
1.25261
-0.132566
-0.412552
-0.0855269
-0.684095
-0.107367
-0.732189
0.108381
-0.78427
0.00156273
1.17523
-0.0850352
1.0518
-0.0118334
-0.118545
0.453079
0.0733931
-0.163473
0.133751
-0.0868607
-0.763234
-0.11736
-0.400974
-0.187547
-0.0695166
-0.0606526
0.800051
0.239471
0.197899
-0.340769
-0.254237
-0.288133
-0.431408
-0.0760135
-0.212836
0.477036
-0.139226
1.33159
0.0562072
0.392033
-0.094021
-1.0932
0.172701
-0.403782
-0.26214
-0.512829
-0.122448
-0.714205
-0.0469647
0.652761
0.146491
0.0432752
-0.488878
0.0112394
-0.104936
1.26326
-0.078743
0.420339
-0.0764688
-1.82484
0.02094
1.63062
0.00613123
-0.29567
-0.0333362
-0.582381
0.0673464
-0.919122
-0.0362563
2.58597
-0.0014152
1.95228
0.0404367
0.783252
-0.0142942
-0.0384211
0.650541
0.269503
-0.0959905
-0.627103
-0.0285909
0.360206
-0.0290133
0.858528
0.013172
0.547541
-0.427822
0.167703
-0.164562
0.399211
-0.133096
0.498427
0.191461
1.53056
0.0890131
0.866484
-0.318246
-0.139096
0.40604
0.142284
0.210755
-0.479081
-0.0858555
0.0509074
-0.229421
0.0667642
-0.0884929
-0.236562
-0.676035
-0.00758366
1.471
0.024115
-0.0249205
-2.41382
0.0113266
-0.234005
0.393851
-0.402568
-0.330644
-0.126071
-0.192277
-0.0592269
0.182306
0.0605278
0.906282
0.220503
0.214477
-0.489516
0.0647021
-0.564351
-0.357793
0.177027
-0.768579
-0.159008
0.259006
0.518312
0.201797
0.25439
0.0237231
0.567101
-0.0872733
-0.792155
0.0582472
0.270924
-0.510663
-0.0297693
0.132095
0.734629
0.0309477
1.09089
0.106169
0.960317
0.134905
0.0637373
1.15455
-0.0891336
-1.19614
-0.0641802
-0.477745
-0.00616786
0.816839
-0.154648
-0.231028
-0.482484
-0.0737772
-0.314732
0.0903479
-0.318722
-0.303987
0.231174
0.0680805
-1.79146
0.037981
0.800502
0.109565
-0.0955011
-0.500339
-0.127928
0.0285974
-0.496903
0.166048
0.325592
-0.581644
0.186891
0.38745
-0.149589
0.537204
-0.245604
0.26249
0.703886
0.161557
0.169514
-0.415068
0.217826
0.862028
0.00658766
-0.0764411
0.319603
0.0820433
1.55169
-0.124336
-0.382673
-0.637688
-0.135442
0.315528
0.184629
-1.63211
0.0359048
0.668386
0.0129532
1.08478
0.0192642
1.26456
0.0410863
0.827674
-0.0723963
0.697642
0.158642
0.677078
-0.0184677
0.347708
0.071434
-0.123616
-0.406262
-0.512018
-0.0642055
-0.447281
0.124592
0.212543
0.369447
0.188776
0.0951839
-1.25578
-0.00402437
0.825735
0.0115661
-1.40249
0.04508
-1.13594
-0.0545905
0.645928
-0.0795247
0.187852
0.752359
-0.0664803
-0.211299
0.208594
0.135139
1.16945
-0.0760666
-0.126478
0.576026
-0.142437
0.324936
-0.259779
-0.0143438
-0.0222394
0.229957
0.44487
0.0389485
0.311217
-0.153472
-0.0212063
1.23076
0.0442953
0.53863
0.184579
0.340096
0.140565
-0.0173047
-0.576114
-0.234914
0.77774
-0.0792973
-0.5954
-0.12849
0.301803
0.669089
0.206247
-0.0506686
-0.744625
0.168357
0.034924
0.955202
0.130674
0.0857333
-0.0677438
0.466245
0.0311301
0.287545
0.1801
0.27258
-0.237886
0.0251141
0.218905
0.186496
-0.389873
-0.36012
-0.0176236
-1.16804
-0.143566
-0.516633
0.0390005
0.815771
-0.0715285
-1.07204
0.189878
0.392647
-0.0957067
0.108244
-0.890209
-0.114149
0.120176
0.633448
0.0493892
0.458439
0.19819
0.148415
0.905286
-0.020892
-2.47556
-0.0055096
-0.0128451
-0.179935
0.543185
-0.229009
0.033395
-0.604828
-0.158863
1.01489
0.124271
-0.533485
0.182809
0.0661125
1.07926
0.0127822
0.421154
0.0348837
0.0442925
1.18395
-0.0730166
0.608281
0.0424974
-0.166122
-0.0515735
-0.674908
-0.250826
-0.548114
0.125881
0.875679
-0.0576414
-0.88501
0.201705
-0.0886339
-0.295117
-0.124393
0.0117715
0.885151
-0.18943
0.240211
0.327094
0.121812
0.212083
-0.439019
0.151051
0.287172
0.160576
-0.192738
-0.0403485
-0.290036
0.0690761
0.450018
-0.167951
0.432524
-0.0763222
-0.750303
-0.0291335
0.895475
-0.0182706
-0.0761269
-0.0977414
0.12119
-1.01271
-0.093837
0.865423
0.0586807
-0.454858
0.200989
0.116804
0.603055
-0.102755
-0.933266
-0.166381
0.308963
0.125827
0.533987
-0.0416388
1.13946
-0.0569165
-1.17634
0.0466452
0.0113958
0.480966
0.0285683
-2.0336
-0.0163217
-0.419491
0.148697
-0.600568
0.0580861
0.461082
0.18467
-0.0811061
0.154478
-0.298444
-0.60235
-0.191493
1.49319
0.0349025
1.38868
0.0612097
0.461349
0.32904
0.0585093
1.68715
-0.0222218
0.827086
0.0274171
-0.0531774
0.254295
0.0651916
-0.780213
-0.138672
-0.229398
-0.281978
-0.179008
-0.417603
0.0629922
0.806765
0.0206685
0.845289
0.0193105
0.631817
0.0664164
-0.690342
-0.168077
0.425725
-0.0321693
0.0709962
2.58889
-0.0159537
-0.84807
0.0400518
-0.230853
0.15603
-0.0634004
-0.875483
0.158804
0.251781
-0.46602
-0.381844
0.013109
2.08263
0.0279101
0.968612
-0.105772
1.08465
0.101277
0.0767815
-0.0967075
2.13872
0.0206251
-0.577761
-0.0417147
0.462225
-0.0288106
-1.01861
-0.0835276
-0.291945
-0.406447
-0.119347
-0.157639
-0.456884
-0.167756
-0.37644
-0.00516369
0.106408
-1.19984
-0.0394298
0.269938
0.752034
0.139877
-0.49464
0.275056
0.116114
0.747391
-0.0534755
1.95179
0.0296471
1.49465
-0.0195778
0.139123
0.0076393
-0.244909
-0.11346
2.01823
-0.0792253
0.708956
0.0324856
-0.456401
0.155762
0.319089
-0.111968
-0.253495
-0.211412
-1.01354
-0.048525
-0.644172
-0.050655
0.170149
0.631406
-0.144778
0.18919
0.395615
-0.346381
-0.0522074
-0.48426
0.118231
1.63147
-0.0321809
0.934447
0.179829
-0.380051
-0.263084
0.815666
0.215507
-0.247805
0.06036
-0.80267
-0.00710878
-0.551899
-0.273368
-0.504706
-0.2126
-0.820859
-0.0571488
-0.441316
0.347215
-0.575065
0.269947
-0.0579058
0.947072
0.113383
-0.195167
0.522793
-0.190842
-0.913242
0.104073
-0.328029
-0.000929696
-1.13091
-0.0491826
-1.03446
0.111587
-0.371794
-0.0585297
0.259739
-0.430082
0.26346
-0.529017
0.214936
-0.0973814
0.114045
0.77738
-0.0906069
0.0644339
-1.65855
-0.058429
1.26927
-0.147244
-0.208241
0.0321478
1.69957
-0.0344902
-0.0248806
-0.172978
-0.281464
0.00157445
0.916152
-0.0664033
-0.398489
0.0438174
-0.186019
0.226889
0.305504
-0.320475
-0.295244
0.0297891
-0.134868
-0.387921
0.110642
-0.0723021
-0.939665
0.113478
0.250452
-0.23406
0.0347038
-1.59902
-0.171523
0.0320781
1.48284
-0.044467
0.492708
-0.0492251
0.391628
0.222899
0.265247
-0.0346291
0.810018
-0.113054
1.22765
-0.0751573
-0.0916351
-0.138583
0.0826639
0.0285617
1.33972
-0.0309035
-0.461244
0.0685797
-0.980157
-0.0020703
1.45124
0.0286675
0.45267
0.0856794
0.751278
-0.100505
0.433464
-0.137863
0.17767
0.0561831
-1.05566
0.0468721
0.637147
-0.132642
-0.615148
-0.428344
-0.126622
-0.344152
0.0206155
-0.810707
-0.0583504
-0.113589
0.0905735
0.0731133
-0.103404
0.645234
-0.000610326
-1.23776
-0.0193378
0.154903
-0.152981
0.967503
0.0984616
0.349442
0.481894
-0.1609
-0.766654
0.232072
0.334884
-0.209949
0.025309
-0.652121
-0.216636
-0.167766
0.713892
-0.140881
-0.36557
-0.339775
-0.452742
0.117132
0.359412
0.0174816
0.156612
-0.148601
-0.618317
-0.0807557
0.132447
-1.05602
-0.0111363
-0.825605
-0.060416
0.159925
-1.11023
0.0395782
-0.93372
0.110254
0.778356
-0.253716
0.258943
0.223545
-0.0496668
2.58196
0.000216237
0.896268
0.11191
0.194793
0.468491
0.128846
-0.515717
0.137956
1.65251
0.02108
1.06832
0.025007
-1.46111
-0.018533
1.24368
0.0948399
-0.7333
0.141036
0.266068
0.337693
-0.0596245
0.631404
0.0619068
0.16319
0.878508
-0.191221
-0.246241
0.22052
-0.614002
0.0621792
0.481921
-0.144021
-1.14616
0.0229641
1.36575
0.0151287
-0.0269664
-1.99508
0.00414978
1.49604
0.101765
0.195547
-0.470604
0.0516609
-0.998823
-0.0165894
-0.0894079
-0.743504
-0.170217
1.00197
0.172332
0.00125671
-1.09493
0.201149
-0.517955
-0.212931
-0.555266
-0.203909
0.691021
0.00225706
0.103472
-0.422905
0.296683
0.583451
0.323348
0.212357
-0.437658
-0.0689025
0.959252
-0.0192844
-0.0253129
-0.545263
0.179401
0.0555931
1.10149
0.0137408
-1.15167
-0.0390458
1.24036
-0.104841
1.53441
0.137529
-0.436798
0.168054
0.167672
0.15078
-1.44933
-0.00573473
-2.44073
0.0340002
-1.27897
0.00108802
-1.82232
-0.0785159
-0.0399404
0.749354
0.0718699
-0.644157
-0.442078
-0.11384
0.454405
0.125956
0.369715
0.165983
-0.905566
0.171958
-0.0521971
0.0247812
-0.428979
-0.221028
0.10012
0.423893
-0.229048
0.792104
0.0860024
-0.30859
0.0291689
0.0951706
-0.0727441
-0.336681
0.171148
0.525547
-0.114714
0.104276
1.02698
0.0020808
0.700115
0.101599
0.830179
-0.0880559
-0.729738
-0.246816
0.490881
0.131728
-0.864641
-0.229343
0.0927612
-0.878227
0.0873545
0.548
-0.0153678
1.3556
-0.105671
0.0194166
-0.672176
0.159781
-0.449982
0.0177975
1.98855
0.0781969
-0.188133
-0.464591
-0.00279056
0.617632
0.1795
0.345175
0.425529
0.196879
0.0335717
0.165256
0.799683
0.0682902
0.363923
0.164729
-0.499261
-0.185733
0.238551
-0.144323
1.12611
0.0829773
1.45007
-0.0920413
0.499584
0.108481
0.786858
0.133613
-1.41839
0.0639893
0.625884
0.21387
-0.275527
-0.122041
0.647406
-0.0184889
0.924703
0.00113247
-0.263821
0.166105
-0.281993
1.05687
0.0693556
-0.577689
0.0599236
0.739158
-0.082226
0.718977
-0.122548
-0.44087
-0.103784
-0.191213
0.0570974
-0.176426
-0.265498
0.363442
-0.045272
-0.382224
-0.2323
0.165593
-0.957326
-0.0601484
-0.430858
0.340739
-0.170756
-0.177739
0.311508
-0.264826
0.382388
-0.00740441
1.72646
-0.0236189
1.28524
-0.077494
-0.419406
0.0990457
-0.464608
-0.323546
-0.0255693
0.136898
0.168697
0.146337
0.23469
0.0921557
-0.40997
0.343024
0.504665
-0.026817
0.387304
0.200233
0.650894
-0.0381458
0.550924
0.161174
0.0673807
-0.843768
0.0494069
-0.807732
-0.33423
-0.164604
-0.209375
-0.0867029
-0.049888
1.04128
0.0913922
0.525464
0.171466
-0.507923
-0.197053
0.0298545
-0.676067
0.0270648
-1.60036
0.12286
0.0710796
0.217583
0.43859
0.296916
-0.15703
0.559668
0.000332588
-0.180865
0.289939
-0.128804
-0.656653
-0.016509
-1.0532
0.0227188
-1.32264
-0.0955405
1.07178
0.16768
-0.0946409
-0.728741
0.0553931
1.1236
-0.00862128
-0.124242
-0.35439
-0.0030419
-0.931715
-0.106561
0.47762
0.0583631
1.75952
0.00665086
0.278285
-0.0412168
-0.858158
-0.171394
-0.0356805
-0.0125875
0.630708
-0.0120212
1.25015
0.0149728
-0.227506
-0.382059
0.183173
-0.28578
0.557866
0.00702908
-0.0134127
-0.245241
0.148268
0.432374
-0.0145673
-0.643885
0.0457037
0.0407988
-0.775186
-0.155839
0.672463
-0.0870134
0.482604
0.382681
-0.252717
-0.0696537
0.275782
-0.0502558
0.931199
-0.00362913
-0.491308
-0.219749
-0.303485
0.249618
-0.35332
-0.364516
-0.119327
0.584181
0.00535679
-0.230299
-0.228465
-0.285283
-0.019341
-0.849987
0.00338079
0.620933
0.15285
-0.659269
-0.189856
-0.134701
0.715742
0.00378373
-1.75312
-0.0345538
-0.6129
-0.230289
-0.346562
-0.0561695
0.807806
0.188509
-0.0244851
1.79735
-0.0424868
0.157186
-0.247677
0.149394
-0.441761
-0.579359
0.0271246
-0.791874
-0.0863713
-0.209169
-0.866467
0.0816509
-0.577388
0.0469824
-0.464451
0.176465
0.328945
0.0717394
2.06773
0.0144284
-0.0264388
-0.103668
-0.178887
0.63611
-0.0217238
0.436331
-0.234377
0.108576
0.163391
-0.0579646
-0.917529
-0.169991
-0.437814
0.116356
-0.0847677
0.928682
0.129103
0.566166
-0.132974
1.04718
0.200273
-0.206449
0.049054
-0.0345463
0.311832
-0.09487
-0.767665
0.141913
-0.376059
-0.0765226
-0.26994
0.0736929
0.596791
0.131769
-0.552926
-0.124392
-0.191993
0.480214
0.040539
1.03738
0.0270441
0.290914
-0.408567
0.25133
-0.103838
-0.410881
-0.191161
-0.650304
0.0442808
-0.289539
0.424874
0.0812881
-1.03179
-0.0167496
-0.27431
-0.02373
0.28605
-0.0567508
-0.100196
-1.33244
-0.05194
0.920041
0.162101
0.24409
-0.236744
-0.341476
0.62718
0.125995
0.233176
0.23255
-0.203244
0.0552021
-0.139088
0.549328
-0.217267
0.343775
0.0312322
-0.69244
0.0468086
0.241819
-0.761415
-0.0542845
-0.395531
0.370732
0.256621
0.0517078
-0.694521
0.136898
-0.0026855
-0.830738
-0.0772662
-1.2054
-0.036974
0.437979
0.211228
0.445752
0.0608935
0.430996
-0.100336
0.938978
0.0053372
-1.08596
0.057131
0.638724
0.071664
0.513732
0.12286
0.805929
-0.0971917
0.110101
-1.06662
0.0449712
-0.323255
-0.0335235
0.575291
-0.151953
-0.192131
-0.133595
0.492219
-0.158604
-0.0362225
-0.542518
0.00226035
1.9486
-0.00571594
-3.17419
-0.023119
-0.898442
-0.229449
-0.653474
0.233143
0.758898
-0.327951
-0.0272959
-0.0771663
-0.274866
0.240068
0.206272
-0.544493
0.165904
1.0246
0.027345
0.734505
-0.133627
-0.361312
-0.127163
-0.14624
-1.14736
-0.0242601
-1.00776
0.122348
1.08955
0.0313227
0.793827
0.153534
0.419394
-0.149372
-0.356214
-0.190299
-0.0729558
0.412063
-0.181523
-0.855975
0.131238
-0.149076
-0.0816046
-0.00615163
0.959511
-0.0352745
-1.14699
-0.120164
-0.148828
0.379666
-0.346722
-0.139261
-0.82021
-0.0583749
-0.228003
-0.14004
-1.05204
0.0673797
0.756392
-0.0790181
0.142414
0.589452
-0.324521
0.332615
-0.0342517
-0.287756
0.0349105
0.186603
0.176486
0.41517
0.00104367
0.566865
0.0367806
-1.0259
0.00162313
-0.499313
-0.00263425
1.51391
0.0458398
-1.08084
-0.0909131
-0.946879
-0.126228
-0.654617
-0.13776
0.395862
-0.144174
0.700725
-0.0820795
0.60421
-0.135763
0.143692
0.394106
-0.23366
-0.398171
0.553154
0.1681
0.391059
0.0430434
-0.47934
-0.453952
-0.0633191
0.394217
0.0685181
-0.626807
0.101269
0.414831
-0.0447928
0.30795
0.563795
-0.183174
-0.46213
0.0643112
0.472616
0.124143
0.489586
-0.158856
-0.836985
-0.102774
0.120656
-0.793938
0.051427
0.426162
-0.320502
-0.204759
-0.0516325
-0.819322
0.0442244
-0.37628
0.724122
-0.102758
-0.867327
-0.231185
-0.99114
0.0574594
0.0316374
-0.646587
0.157192
-0.424315
-0.258222
-0.364579
-0.0133218
-0.69837
0.0131931
-1.1564
-0.0765329
-0.966802
-0.23836
0.0681289
-1.38622
-0.0519747
-1.18158
0.0284256
-0.00998372
-1.79004
-0.0700189
-0.508775
-0.0410358
1.07913
0.0333195
-1.59608
0.00562962
0.0439648
-1.53832
0.0933226
1.60732
-0.0089514
-0.418164
-0.179744
0.441656
0.152615
0.491356
0.101775
0.141727
-0.0161032
0.0232551
0.634774
-0.244535
-0.685852
0.0410839
0.649236
0.0817097
-0.0673588
-0.548315
0.0146944
-0.973819
0.177296
1.18684
0.00748002
-2.16352
-0.0198226
-0.184105
0.546993
0.00237656
-0.0579485
-1.05571
-0.00216496
-1.0535
0.065861
1.21705
0.0056698
0.192337
-0.223936
0.665574
-0.0479778
0.94851
-0.283662
0.223642
-0.560596
-0.050927
0.294992
-0.295063
0.70538
-0.102341
-0.0256651
-0.963711
-0.159139
0.583484
0.0517519
-1.25017
0.103884
0.905216
-0.0833558
-0.190818
0.230722
-0.591477
0.0498686
0.0938525
-0.455677
0.0367752
0.635141
-0.0186488
-0.0566822
0.244421
-0.9517
0.11794
0.189754
-0.172526
0.330102
0.09109
1.00146
0.168688
-0.562806
0.196796
-0.325631
0.537436
-0.156275
-0.336502
-0.181813
0.406584
-0.113656
1.01146
-0.040562
0.156586
0.243073
0.10373
-0.0419457
0.37548
-0.0682432
0.441427
0.282442
0.388608
-0.0410863
-0.610452
-0.0573714
-1.40155
0.0900619
0.343074
-0.147814
-0.644578
-0.250499
-0.34454
0.293718
0.00829149
-2.38491
-0.00119141
-0.00699186
0.408302
0.122925
1.0798
-0.181311
0.437296
0.124377
0.529637
0.0721797
0.275317
-0.152302
-0.170814
0.680297
0.131611
0.267466
-0.0804326
-0.00902471
-1.35774
-0.0178605
0.486287
0.0693165
-0.0136169
1.26164
0.0583915
-0.053468
0.761229
0.0390724
0.331373
0.0537382
0.24644
-0.240711
-0.156717
-0.158797
0.235401
0.191636
0.203148
-0.179682
-0.052111
-2.29543
-0.00282429
1.70084
0.00202626
0.529102
0.0545995
2.30637
-0.0215257
-2.07123
0.0435016
-0.57278
-0.293478
-0.29147
-0.0606505
0.428297
0.179518
1.04417
-0.163118
0.996458
-0.0739353
-0.265562
-0.380426
-0.119579
1.16353
0.0627511
0.752856
-0.0779607
-0.958163
0.023431
-0.638063
-0.224658
-0.0148818
0.939344
0.136823
1.11566
0.0321107
0.181194
0.544231
-0.231863
0.375271
-0.353623
-0.118397
0.0273837
1.17775
-0.156769
-1.06823
-0.0689309
-0.345941
-0.107262
0.15206
0.0702644
0.352526
0.00087468
-0.526166
-0.115529
-0.977407
-0.0310224
1.74239
0.0106779
-1.07414
0.0336003
0.914512
0.174777
-0.281944
-0.60743
-0.0124012
-0.646038
-0.0876615
0.248825
-0.051808
-0.252018
-0.541063
-0.0488677
-0.938802
0.174251
-0.0503387
1.73599
0.0432943
-0.0953062
0.215924
0.507583
-0.131125
0.427745
0.349341
0.220511
0.2934
-0.367185
0.0571197
-0.526832
0.0314087
-1.99825
0.0261408
0.744913
-0.0350821
0.494027
-0.0869468
0.711488
0.00362767
-0.960692
0.112351
0.7608
0.0598335
0.585261
0.103437
0.288672
-0.333879
0.060134
-0.225049
0.092902
0.108749
0.731436
0.121954
-1.03512
0.0300731
1.06927
-0.0368952
-0.538826
-0.178907
-0.0143823
0.133711
0.66844
-0.185037
0.468535
-0.395224
0.0541836
-0.503406
-0.128311
0.299485
0.187902
-0.0227187
1.32634
0.00451501
-0.299701
0.431162
-9.14287e-05
0.854729
0.0646681
0.270685
0.17881
-0.369822
0.749389
0.0939414
-0.716321
0.0464045
1.1162
-0.13452
-0.889184
0.121492
-0.241715
-0.157789
-0.114875
-0.912659
-0.0750948
-0.688733
0.189775
-0.01234
2.07061
-0.029246
-0.617993
-0.203927
0.215475
0.0627169
0.239662
0.852989
0.0276671
1.07832
-0.0240305
1.39054
0.0591962
0.321671
-0.292821
0.487929
-0.100146
-0.753514
-0.10943
0.709829
-0.211058
0.495604
0.111124
-0.895433
-0.20328
0.464942
0.312901
-0.0115306
-0.335855
-0.106732
-0.471896
-0.32228
-0.137231
-0.30975
-0.102976
0.562163
0.582719
-0.0358227
-0.0456014
0.0964581
0.515734
-0.0712292
0.520618
0.014453
1.08513
0.0356256
1.33174
0.0468905
0.80842
0.23525
-0.00298362
-1.1332
0.106654
1.24571
0.0864203
0.249382
-0.172601
0.348131
-0.233249
-0.188959
-0.56005
-0.0495659
1.75326
0.00999935
-1.6458
-0.0342969
-0.0659067
-1.10411
-0.101243
-1.83728
-0.0154863
2.23967
-0.0978377
1.93977
0.0833432
-0.235693
-0.129923
-0.0903787
-1.41376
0.0715593
1.15311
0.0736524
-0.858604
0.0466351
-1.16351
-0.0450591
-0.296592
0.124158
1.18563
0.00745663
-0.390174
0.0133693
1.32848
-0.0191315
0.0105861
0.336096
0.0783583
-0.174019
-0.0266431
0.131688
0.0329748
1.07223
-0.0552123
1.11343
0.0835212
0.397932
-0.0223885
1.08281
-0.170464
0.482994
0.118051
-0.215359
0.535608
-0.218315
-0.427512
0.0227542
0.46826
0.168648
0.205769
0.722663
-0.183571
0.236322
0.523381
-0.251247
-0.000528947
0.538998
0.113265
-0.874108
-0.0393558
-1.66978
-0.0680675
-0.46981
-0.314696
0.145614
0.154015
-1.2417
0.0783979
0.587251
0.257232
-0.168347
0.277684
0.295254
0.0310911
0.622719
0.0649328
-0.153919
0.164819
0.0738429
-0.418888
-0.196988
0.569205
-0.0264364
0.880933
0.140594
0.712633
-0.452105
-0.140738
-0.0316014
0.927146
-0.208738
0.514511
0.150402
-1.69878
-0.0458587
0.444873
-0.0918223
0.327565
0.376098
0.143648
0.0799775
-0.583517
0.262162
0.184773
-0.62685
-0.16506
-0.0849904
0.950069
0.12033
0.349723
0.567948
-0.0312464
-0.881878
-0.0146532
0.0111572
0.650583
-0.103384
-0.281323
-0.00876288
0.436194
-0.095827
0.224039
0.392499
-0.419283
0.224561
1.19312
0.141707
-0.019273
-1.31829
0.0320633
-1.34682
-0.0935804
1.12713
0.0204447
0.331715
0.0328969
1.90736
0.0125872
-0.62625
0.226541
-0.257554
0.517449
-0.321639
-0.176712
-0.655118
0.15671
-0.489788
0.194324
0.572828
0.243244
-0.0773771
-0.228045
-0.743812
0.0163441
0.187501
0.399809
-0.176318
0.241954
-0.21427
-0.239225
0.284229
0.0654384
-0.909596
0.098967
-0.46843
0.046308
1.27464
0.00931407
-0.739866
-0.0941057
-0.646367
0.10994
0.521817
0.123605
-0.000457458
0.531378
0.241214
0.13287
0.521866
-0.0329292
-0.21544
-0.254913
0.119775
0.378747
-0.28924
-0.0603055
-1.26986
-0.0207245
0.108938
0.767161
0.143696
-0.36675
-0.433819
-0.214498
-0.295266
0.150748
0.805762
0.0558489
-1.44242
-0.0849329
0.365863
0.560341
0.164275
-0.0222326
1.12896
-0.117469
-1.22546
0.0591232
0.0139252
1.33947
-0.0723539
-0.23716
-0.10923
-0.172163
-0.450934
0.61504
0.0808436
0.50229
0.024204
-0.956535
-0.0560011
0.103278
1.26239
0.0427938
1.02774
-0.00664068
1.66923
0.129584
-0.177625
-0.748705
-0.00691499
2.10018
-0.0238905
0.885377
-0.0140191
-0.198646
0.707489
-0.329249
0.435105
0.347039
-0.190228
0.0215408
-0.547425
-0.169601
0.337258
-0.0607292
0.54787
0.178375
0.226828
0.745222
-0.0412526
0.647445
-0.241553
0.389881
-0.0291544
0.323731
-0.149701
-0.678578
0.00223716
1.26461
0.0180856
2.36023
0.0304708
0.427401
0.322912
-0.653532
0.144753
0.293206
0.304999
0.222985
0.190267
-0.0166187
-0.781195
-0.090094
1.02448
-0.103039
-0.0505992
-0.780034
0.0237634
-0.0923318
-0.318971
-0.10651
-0.82936
-0.0567555
-0.403255
0.803311
0.0374798
1.69902
-0.0485425
0.881625
0.0129019
-0.960229
0.0452117
-0.018966
-0.0436461
0.805233
0.224469
-0.148881
-0.465393
0.251191
-0.452932
0.0329852
-0.0522178
1.26121
0.0808655
0.351613
-0.37854
0.218183
-0.381554
-0.0545726
0.0397642
-1.00426
0.0256678
-1.31782
-0.153901
-0.145649
0.191761
-0.251758
0.0380121
-1.62382
-0.0266875
0.551037
-0.0127576
-0.499787
-0.223368
-0.294476
-0.316924
0.0227866
0.580848
-0.202071
0.205089
-0.270285
0.181711
-0.225974
0.00880085
-0.93946
-0.0166942
-0.510509
0.204457
0.608069
-0.25036
0.235625
-0.168646
0.633281
-0.164194
-0.218
-0.773226
0.0697987
0.782867
-0.0480152
-1.10209
-0.00315441
0.296377
-0.295776
0.0353132
0.462174
-0.0688848
0.0940096
0.046272
1.29767
0.12769
-0.67611
-0.0718169
0.460117
0.246134
-0.0534512
0.991081
0.0409016
-1.01845
-0.110431
0.20995
-0.142435
-0.017108
1.9215
-0.0725998
0.576072
0.00946759
-0.794975
0.0445285
1.08113
-0.0518115
1.05285
-0.074624
-0.927262
0.164865
-0.434339
-0.127573
-0.091168
-0.530893
0.0419862
-1.0126
0.076652
-0.354846
-0.074591
0.480531
0.0361193
-0.69129
0.0273429
1.025
0.0123899
-0.0938187
0.35965
-0.144424
0.319201
0.650685
0.364664
-0.173767
0.793368
0.297748
-0.654171
0.0156327
2.15221
-0.0291366
1.68202
-0.0618114
-0.54342
-0.219074
0.305638
-0.0950549
-0.632238
-0.134673
0.678964
0.0172306
-0.700639
-0.0283414
-0.240493
-0.364672
0.281958
0.723094
-0.193384
0.300524
0.122537
-0.146484
0.0664666
1.34275
-0.0499062
-0.368244
0.0395669
1.35863
0.100173
-1.11744
-0.0592531
0.0729072
1.05225
-0.186148
-0.677578
0.178378
0.278907
0.507167
-0.0590083
0.597271
-0.381628
-0.187513
0.302396
0.491946
0.0868575
1.04763
-0.0569148
-1.17522
0.0434901
0.401465
-0.379298
-0.172655
0.0517583
0.0470436
1.24206
0.0878229
-0.135276
0.367351
0.530098
-0.133857
-0.062605
0.881023
-0.148312
0.555702
0.285024
0.252403
0.445882
0.0244463
0.151024
-0.101188
-0.170736
1.29119
0.00650881
-0.778576
0.148518
0.909027
-0.0113522
-0.026675
-0.414623
0.187726
0.0119945
-0.144894
-0.22308
0.068386
-0.256552
-0.314023
-0.471884
-0.281264
0.0931782
-0.411163
0.633327
0.149917
0.0622611
0.463772
0.0405029
0.199652
-0.2832
-0.0236798
1.2839
-0.0130313
0.014473
1.91942
-0.085382
0.414076
0.0994394
0.156079
0.0601782
-0.852089
-0.069897
0.286671
0.0356276
0.175068
0.29546
0.0434171
-0.673894
0.212522
0.340577
0.141263
-0.851663
-0.0218336
0.488191
0.181387
0.17859
0.69363
0.0646306
0.0925228
0.607886
0.261487
-0.210188
-0.156297
-1.2595
-0.0231649
2.04953
0.013274
1.07665
-0.0308237
-0.831188
0.0668272
-0.784213
0.0496102
-1.76136
-0.03454
0.84586
-0.136964
-0.614639
0.295772
0.0634041
0.381922
0.0643556
-0.533104
0.161501
0.363491
-0.15912
-0.588389
-0.0410263
-0.779716
-0.031117
0.99471
-0.0328647
1.09708
-0.0161732
-0.665907
-0.156352
0.389965
-0.116476
0.600725
-0.286175
0.116587
0.203413
0.0476417
0.0304893
0.144658
0.59177
-0.0385233
0.0685918
0.339709
0.182257
0.761125
0.176471
-0.759044
0.186238
-0.0898276
-0.216254
-0.350155
-0.229295
0.311468
-0.258325
-0.552324
0.533341
-0.06142
-1.62324
0.0096843
0.0100596
-0.63883
0.111707
-0.168272
-0.240099
0.5972
0.424915
-0.166245
-0.727716
-0.0700439
0.0869183
-0.674332
0.0574183
-0.74657
0.0758257
-0.491588
-0.0453767
-0.0688916
-0.712388
0.147175
-0.622101
-0.0388537
0.438784
0.0655075
0.145679
0.614521
-0.353084
-0.490041
-0.0964147
-0.826843
0.173105
0.514344
0.0355308
0.500912
0.19498
0.162564
0.528823
0.304908
-0.265624
-0.034765
-1.23636
-0.0451128
-0.0807393
0.993482
0.0267164
-1.17998
-0.0227167
0.566798
-0.259744
0.0627
-0.980927
-0.0437966
-0.426509
-0.295381
-0.476553
-0.441833
0.0299265
-0.719077
-0.0464439
1.38573
0.186952
0.241884
-0.424915
0.13375
1.23694
-0.132313
0.347686
0.184149
0.466249
0.147455
0.307466
-0.0733944
-0.673176
0.152254
-0.857573
0.0340188
-1.90941
0.0382912
0.257382
-0.0348662
0.219197
0.0603293
-0.449146
-0.407681
-0.339516
0.403008
-0.0650662
-1.27082
-0.0692141
-0.141526
-0.00596214
-0.670304
-0.00500807
-1.08832
0.059382
0.202813
-0.87752
-0.258004
0.135158
-0.25574
0.185874
0.490835
0.20882
-0.265038
0.00754821
0.00148145
0.565952
0.130467
0.65564
-0.206713
-0.29277
-0.242047
0.00113778
-0.916384
0.113784
-0.468507
-0.0298385
0.126077
0.144056
-0.201589
0.555194
-0.221609
0.429642
0.194538
-0.44399
0.0357967
-0.830896
0.0662776
0.617536
-0.1139
-0.572014
0.000210143
0.253309
0.136626
0.311684
0.785099
-0.0968098
-0.923647
-0.0510812
-0.0886177
0.477825
0.355143
-0.14482
1.12348
-0.0361272
-0.605487
0.162613
0.843265
0.0229183
-0.508997
0.109538
1.09841
-0.0266108
0.474792
-0.0533972
0.511458
0.0934087
-0.633404
0.0291769
-0.164579
0.192804
0.0399623
0.0264707
-0.867823
-0.00883573
-0.903016
-0.111356
0.234019
-0.342874
-0.019921
0.781275
0.0920068
-0.0781559
0.0196863
-0.585626
0.0349357
-0.126462
-0.517978
-0.160094
-0.547648
-0.00810079
0.225613
-0.300004
-0.285814
-0.243234
0.0324107
-0.412076
-0.360963
-0.121789
0.581003
-0.0236085
0.41328
-0.327798
0.380844
-0.0836128
-0.182242
0.340136
0.0280708
1.12491
0.107404
0.492317
0.141277
-0.682218
-0.0147569
0.423646
0.393059
-0.111686
0.940749
0.0269733
-0.0838741
-0.3575
0.00492654
-0.544334
0.115797
0.59703
0.117578
-0.492634
0.0736629
-0.400734
0.22987
0.493411
-0.0463828
0.516388
0.472108
-0.393228
0.0667455
-0.915496
0.151202
-0.0420351
-0.310545
-0.0652545
-0.39375
-0.249618
0.424211
0.0333472
0.142467
-0.398649
0.00480818
1.47277
-0.00916781
0.360538
0.0786292
-0.00381245
-0.255766
-0.355833
0.270957
0.105376
1.11726
0.0588521
1.14209
0.00984175
-1.41241
-0.0648105
-0.230827
-0.369345
0.266606
-0.599366
-0.109042
-0.00662561
0.839783
-0.13454
0.273458
-0.288393
0.0107899
2.01353
-0.0795824
-0.663667
0.108936
-0.89662
0.0532559
-0.0830147
-0.169096
0.175446
0.0500411
-0.844678
-0.0679373
-0.139795
0.763076
-0.144838
-0.0838156
0.441217
-0.222003
0.214373
-0.157302
-0.535749
-0.160549
0.194314
0.625598
-0.261998
0.257526
0.470596
0.204734
-0.238388
-0.163104
-0.126916
0.225798
0.407382
0.320262
0.367313
0.36712
-0.157066
0.665979
-0.130857
-0.975008
-0.110155
-0.0689938
0.965546
-0.0752257
1.8618
0.00799205
0.544849
-0.382686
0.150398
0.427577
-0.220626
-0.346565
-0.71363
0.123903
-0.634967
-0.44777
-0.289492
0.193964
0.0402731
0.790854
-0.123082
-0.0564325
0.147401
-0.360695
-0.374905
0.253548
0.311272
-0.0631386
-0.176725
0.0786444
-0.127677
-0.580115
-0.0743668
0.548037
-0.181661
0.259038
0.556557
0.00425463
0.0391234
-0.87585
0.0606548
-0.0638333
-0.954966
-0.0174463
-0.282201
-0.850738
0.0104713
0.582814
-0.0134412
-1.31137
-0.0794607
-0.447362
0.105661
-1.23157
0.062776
-0.711652
0.0443125
1.26524
0.0843237
0.767002
0.0491102
-0.179738
0.413861
0.00884453
2.04437
0.0616988
0.704039
0.0025193
1.80282
0.0711922
-2.01614
-0.0188016
-1.21835
0.158941
-0.542474
-0.081737
0.048139
0.79839
-0.0571542
-0.182773
0.499247
-0.0226653
-1.27902
-0.00433921
-1.29924
-0.0949504
-0.0902198
0.454754
0.0412627
0.513998
0.00624161
0.566008
-0.0206025
-0.0746158
0.122289
-0.651306
-0.0193647
0.0619309
-0.573274
0.102766
-0.253721
0.656449
-0.114967
0.333177
-0.223427
-0.279531
0.188178
-0.112132
1.21325
-0.0208254
-0.112986
-0.150953
1.38138
0.0163012
-0.0451289
0.180502
-0.458642
-0.203945
0.0611568
0.314191
0.323552
-0.201214
-0.0308965
-0.963604
0.0021606
-0.984917
-0.0326367
-0.088902
-0.358702
0.0972525
1.3612
0.067462
-2.20058
0.0506961
-0.730224
-0.142895
0.971676
0.0795349
0.555577
0.135016
0.953458
0.0391078
-0.232108
0.369528
0.492267
0.0953291
-1.16115
-0.0848791
0.379696
-0.525483
0.212981
0.573801
-0.115358
-0.0925622
0.374653
-0.19232
0.830251
0.0319923
-0.288957
-0.104757
0.440652
-0.0741824
-0.596527
-0.0184291
-0.115979
1.15042
0.0364899
-0.397387
0.388956
-0.0716604
0.265247
0.13493
-0.449912
-0.00779418
-0.994114
-0.0202071
-0.216258
0.901521
-0.0126164
0.964289
0.195472
0.21648
0.42183
0.39179
0.22425
0.265851
-0.00100449
-1.28785
0.000398606
-0.723944
0.000490972
0.249861
0.463695
-0.0758383
-0.376722
-0.0611639
0.245819
-0.613418
0.0110681
0.735461
0.119866
0.959245
0.0407546
-1.52874
-0.0103382
-2.14027
-0.0181208
-2.14515
-0.0478324
1.43873
0.126919
-0.433373
-0.0446975
0.305444
-0.0791936
0.327668
-0.271274
-0.0854763
-0.465129
0.261092
0.421073
0.339249
-0.41068
-0.0208076
-0.733686
0.0429652
0.552733
0.0677916
0.0986537
-0.0196532
-0.246027
0.102311
0.634852
-0.0257242
-1.1171
0.0232245
0.587581
0.119818
0.512264
-0.246206
0.405414
-0.0548325
-1.60188
0.00701347
0.15736
0.142043
-0.340118
0.110249
0.638372
-0.00190968
-0.718352
-0.00547841
0.098667
-1.05776
-0.00866783
0.208028
0.505923
0.157894
0.538539
0.176738
-0.730432
0.017809
1.21056
-0.0643589
0.396524
0.272865
-0.543822
0.0527332
-1.1308
0.00245075
-2.28955
-0.0201079
0.745176
0.0490028
0.691248
0.00495093
0.0922642
-1.62939
-0.00079421
-0.407485
0.445907
0.133342
-0.388617
-0.31836
0.34427
-0.209589
-0.117553
-0.839206
-0.104449
1.28996
-0.142407
-0.345825
-0.407167
-0.0670762
1.54104
0.0229236
-0.896753
0.157998
0.201606
0.0728398
0.406064
-0.0937745
0.181479
0.550909
-0.0294524
-0.418779
0.155112
0.195361
-0.592762
0.107173
-0.0119081
-1.15034
0.0496868
0.507744
0.335202
0.119765
-0.125003
-0.618333
0.14767
0.437907
0.0574021
-0.764299
0.124937
-0.828525
0.0641529
-0.203594
-0.116666
-0.224993
0.164926
-0.844672
0.108855
-0.541231
0.0525561
0.954811
0.0177615
0.322073
0.440761
-0.118857
-0.317736
-0.162599
-0.395273
-0.13402
1.02402
0.0955821
-0.872407
-0.0951352
0.450282
0.140236
-0.0121483
-0.0377606
-1.67747
0.132071
-1.12961
0.165902
0.79135
0.0859852
-0.820656
0.0831992
0.024202
0.117621
0.291043
-0.0851656
-1.09021
-0.00897863
0.508706
0.321691
0.478212
-0.274092
-0.473691
0.139962
0.150022
-0.355339
0.240881
-0.0279822
1.1719
0.0331022
-1.46279
0.0385688
0.468574
0.028069
0.0151826
0.285947
0.136473
-0.114509
-0.21783
0.364054
-0.0126124
0.0124705
-2.88597
-0.0328113
-0.0239688
-0.851635
0.0716346
-0.336582
-0.487481
-0.359119
0.44659
0.128535
-1.29481
0.00696001
-1.38537
0.02934
-1.40714
0.026887
0.390435
0.202199
0.290449
0.213253
0.456628
0.269524
-0.00481738
0.575745
0.321511
-0.172902
0.0703646
-0.0143953
-1.62872
-0.0478993
-0.496226
-0.0251598
0.847833
-0.14617
-0.0590785
0.236013
0.273601
-0.0579957
-0.345872
-0.0488683
2.13531
0.0392625
1.1571
-0.0400456
-0.557651
-0.118764
-0.77931
-0.141305
0.123222
-0.716679
0.082428
0.242582
0.515013
0.00406254
-0.349156
-0.0845686
-0.729873
0.0837955
0.113011
-0.018615
0.0836209
-0.891001
-0.0345499
0.560585
0.293689
-0.0825576
0.522659
0.0201802
-0.948826
-0.0764861
-0.390821
0.0952411
0.384578
-0.216478
0.338418
-0.13683
0.537118
0.230232
-0.240313
-0.549947
0.205176
0.262645
0.0277794
1.9524
0.0331251
0.134181
-0.00145764
1.64221
0.0294727
-0.428107
-0.21649
0.00564897
-0.475067
-0.387453
-0.129337
-1.71067
-0.0655223
-0.738795
0.0376965
0.327454
-0.286154
0.0672499
0.60443
-0.210801
-0.0955919
-0.351392
-0.0742801
-0.702232
0.047221
0.244002
-0.987066
0.00404685
1.93361
-0.102633
0.293773
-0.0280936
0.68881
-0.0233022
-0.406765
-0.257204
0.775953
0.0685726
-0.0490557
-0.518247
-0.111502
0.732764
-0.0934511
0.765789
0.264674
0.295147
-0.817162
0.0754467
-0.0584657
0.502303
-0.230348
-0.333348
0.372362
0.555311
0.0811478
0.473769
-0.044382
-1.2136
-0.024069
-1.48185
-0.0310813
1.17921
0.184539
0.278239
-0.186197
-0.779492
-0.116375
0.220845
0.823956
-0.0311084
-0.53137
0.0264674
0.679219
0.0792364
-0.634132
0.304565
0.193729
0.221236
-0.0958551
-1.83702
-0.0175291
1.76714
0.0730905
-0.94189
0.131742
1.36972
-0.00146299
1.07477
0.0687785
-0.538556
-0.241407
-0.334528
-0.0126129
-0.997217
-0.0743405
-0.931598
0.0676964
1.79475
-0.0758176
-0.205088
-0.408019
0.155726
0.719
-0.0554172
0.639906
0.190145
0.491714
-0.23817
-0.0140819
-1.84081
-0.0720724
-0.481827
-0.378091
-0.197723
0.425807
0.023255
-0.0968568
0.531179
-0.187755
-0.387115
0.120766
1.10583
0.0224081
-0.633292
0.00878172
0.267822
-0.115024
0.000512652
1.64268
-0.0288727
0.294943
0.399448
-0.110915
0.431711
-0.0269881
0.524873
0.000549679
0.488686
0.0703098
1.2538
-0.0161253
-0.789486
-0.0205888
0.229559
0.128874
-0.0164162
-1.18889
-0.0118266
1.12399
0.212011
-0.0830739
0.614738
-0.17319
0.0763577
-1.26994
0.116017
-0.199133
-0.635291
0.0141967
1.31086
-0.0170853
-0.402088
0.248165
-0.254262
-0.0841107
-0.257343
-0.33718
-0.0796624
-0.809264
-0.06641
1.09037
0.131836
0.0272184
0.917651
-0.051708
-0.465488
-0.0199587
1.67553
-0.0335566
1.35659
0.019594
1.48423
0.0035548
1.44165
-0.0189845
-0.503398
0.0935088
-0.17686
0.353615
-0.133997
0.416951
0.274057
0.118275
0.293285
-0.0227653
-0.635855
-0.0404369
-0.489808
0.170338
0.639563
-0.193554
0.590352
-0.0193484
1.09658
0.0822821
-0.601333
-0.103605
-1.2383
0.096597
0.407426
0.373319
-0.300541
-0.504127
-0.18419
-0.756415
0.169724
-0.46065
0.303182
0.307094
0.589693
0.262288
-0.357763
-0.744993
0.0480965
-2.33998
0.0154322
0.316488
0.0064573
1.05956
-0.0172311
-1.56445
0.0192407
0.151182
1.04762
0.0411026
-1.11665
0.20742
0.392471
-0.0910037
-1.19201
-0.0441175
2.51463
0.0428357
0.234308
0.630306
-0.229351
0.0639385
-1.06226
-0.0797469
0.145174
-0.164202
0.1712
-0.102632
-0.257493
0.303799
0.349823
-0.131132
-0.243972
0.32264
0.154879
-0.90473
-0.0256963
-0.593311
-0.199045
0.434378
0.239836
-0.0730869
0.393424
0.197619
-0.403052
0.1476
0.627825
0.154812
-0.301572
0.308614
0.111166
-1.18729
0.130041
0.126682
0.0892098
-0.269099
0.112199
-0.912854
0.0996175
0.385105
0.120283
-0.61623
-0.135655
-0.171313
0.709284
-0.0914192
-0.742448
-0.0190443
-1.63353
0.0594956
1.07373
0.201812
-0.303518
-0.175885
0.189897
-0.576514
0.00885484
1.07567
0.0148424
0.169948
0.399396
-0.11396
0.165063
0.157539
-0.127028
0.442314
-0.14421
-0.0367491
-0.199218
1.48046
0.0881588
-0.891902
0.0314128
0.116461
-1.11127
0.0569296
-0.947803
-0.0100161
0.946468
0.0432386
-1.67253
-0.00366403
1.73117
0.0543816
-1.4042
0.0578393
0.680013
0.207564
-0.235748
-0.0589923
-0.618519
-0.0309726
-0.115112
-0.444736
0.166024
-0.075816
1.63911
-0.0632911
0.757367
0.00144326
0.461931
-0.0689898
0.673023
0.201099
0.555622
0.260484
-0.394029
-0.324068
0.178673
0.398889
0.0690872
-0.0095068
0.15278
-0.209462
0.228051
-0.0581019
-2.02082
0.0205917
-1.68409
-0.0596499
0.0530183
0.536325
-0.142837
-0.207327
-0.537252
-0.0805071
-1.57648
-0.0722946
-1.25043
-0.0257281
-1.18756
0.0630476
0.233778
0.414858
-0.356768
-0.290536
0.0269743
1.68537
-0.0719728
-0.171873
-1.46339
0.023969
-0.990054
0.107808
0.364761
0.173149
0.961305
0.0897233
-0.0562448
-0.0726648
-0.733266
0.131146
0.588497
0.261022
-0.628615
-0.182242
-0.431237
-0.214256
0.00622152
-1.41624
-0.0213991
0.510516
0.0331709
0.438284
-0.37441
-0.188679
0.0136092
0.488338
-0.467942
-0.046541
-0.646594
0.108351
-0.535324
-0.119944
-0.224087
-0.644173
0.266181
0.141945
-0.380411
-0.176746
0.79958
-0.0504818
1.52042
0.0606352
-0.278209
-0.492451
-0.00424856
0.511105
-0.00897033
-0.147825
0.3814
0.152741
0.783109
0.162091
-0.200871
0.298852
-0.319453
-0.536559
0.116545
0.595372
-0.179006
0.153166
-0.0315122
-0.0808341
0.458758
0.162042
0.752989
-0.037149
1.57686
-0.0462587
0.278399
-0.162935
0.265979
0.669741
0.0334047
0.703919
0.0667456
1.60183
-0.0457791
-0.134544
-0.435448
0.0311761
1.07408
0.133543
-0.408809
0.0220739
-0.167768
0.184857
0.0100132
1.4554
-0.0205579
-0.291101
0.365322
0.124375
-0.137916
0.710962
-0.0719081
1.22428
-0.0922058
0.695048
0.0604893
-0.824214
-0.162791
0.808828
0.0729008
-0.106032
0.660529
0.186733
-0.292515
0.545068
-0.361292
-0.00918936
-0.738601
-0.166667
-0.612614
-0.0454855
0.595794
-0.0757408
-0.31663
0.0646966
0.685118
-0.0763552
1.72268
-0.0958368
-0.266778
0.329217
-0.293038
-0.103018
-0.247125
0.114425
-0.863611
-0.0760438
0.789349
-0.223879
0.0633163
0.443545
0.0636635
1.3419
-0.0481203
-0.636327
0.0666994
-0.866169
-0.114115
-0.690226
0.0680162
0.22398
-0.23551
0.187092
0.156221
0.161556
0.142133
0.466556
-0.111678
0.57279
0.174306
-0.682847
0.0256575
0.815178
0.161547
-1.51668
-0.0890653
-0.806546
-0.150253
0.330098
0.0265601
1.29051
-0.0701369
-0.635857
0.0858251
-0.1265
0.699094
0.133393
-0.468062
0.244438
0.0275252
-0.674032
0.098336
0.561018
-0.289556
-0.17757
-0.111273
0.943636
-0.300034
0.442408
0.195181
-0.294294
-0.249434
-0.199106
0.255118
0.462827
-0.063298
-0.489742
-0.398188
0.0914319
0.0568856
-0.986028
-0.138028
0.603419
-0.42423
-0.21504
-0.435789
-0.0462833
-0.3772
-0.0668485
0.644684
-0.072331
-1.14555
0.0209278
-0.144155
1.08296
-0.151059
-0.318423
0.0548441
-0.138664
-0.471055
-0.265176
0.0887741
0.706868
0.109854
-0.245002
-0.567479
-0.126547
0.359718
0.181057
-0.777591
0.012344
0.882347
0.0255695
0.149495
0.0410508
0.47023
0.0674583
-0.116474
-0.108705
-0.447734
-0.218502
0.0752585
-0.214947
-0.136127
-0.427213
-0.169405
-0.152005
-0.93805
-0.0311133
0.838982
0.12822
-0.609696
0.00668908
-1.14451
-0.0448054
1.58958
0.094345
0.0313699
1.38182
0.00439782
-0.559713
-0.0180532
0.223561
0.0660697
0.407246
0.0163661
0.0854026
-0.780292
-0.204155
-0.148671
1.53802
0.0630701
-1.62801
0.0621493
-1.15854
0.0767565
0.0789605
-0.354846
0.461246
0.198184
-0.0776141
-0.80613
-0.0547511
-1.50703
-0.105192
1.05581
0.115818
-0.247814
0.340697
0.320974
0.173464
-0.328146
0.0344407
-0.665698
-0.0686731
1.45172
-0.0278046
0.383368
-0.256181
-0.110132
-0.652639
-0.153209
0.426167
-0.0175829
0.691508
0.149813
-0.0617618
-0.117638
-0.83232
0.0405022
-0.474843
-0.124007
0.0900273
0.561252
-0.122458
-0.239714
-0.0131429
-1.81653
0.000567948
1.33357
-0.113553
-0.58707
-0.0797816
-1.19669
-0.010752
-1.70628
0.0567347
1.09857
0.0429698
-0.055824
-1.26247
-0.00909892
0.541929
0.157306
1.33498
-0.0225072
-0.0247638
1.47662
0.0179033
-0.980314
0.138239
-1.25168
-0.0481392
0.0168434
0.760602
0.134829
-0.658052
0.00854409
0.631022
0.0637772
1.77952
-0.148357
0.42628
0.00693297
-0.141383
-0.718423
-0.0094024
-0.71727
-0.0458204
-0.672291
0.123194
-0.646458
-0.347426
0.0981316
-0.106346
-0.0954146
-0.0872245
0.0439981
0.343984
-0.275977
-0.573162
-0.0736371
1.36214
-0.0025227
-0.821928
-0.14693
-0.0298688
-1.35916
0.121931
-0.453627
0.198647
0.507664
0.104322
0.618818
-0.129194
1.1221
0.0616907
0.528939
0.0786779
1.44692
-0.0431113
1.04766
-0.0242734
0.292933
0.198577
0.543431
-0.190883
0.455191
0.211007
-0.347299
0.676377
0.0182724
0.673054
0.204888
-0.165517
0.383664
-0.266298
-0.508708
-0.0946833
-0.0486844
0.184991
0.631294
-0.00933251
-0.0988032
0.404963
0.116665
-0.502373
-0.0536888
0.441304
0.274124
-0.363317
-0.117494
-0.495269
0.135385
0.24533
-0.358689
0.400839
-0.124053
-0.255449
0.631897
0.153831
-0.845739
0.0630901
1.73297
-0.180141
0.125306
0.753481
-0.288883
0.0627147
-0.629349
0.226506
-0.295149
0.210041
-0.213501
-0.460974
-0.155103
-0.0839027
1.88653
-0.0718164
-0.848998
0.10548
0.255262
-0.00507811
-0.0180046
0.958212
0.0967203
0.841495
-0.131779
0.30123
-0.0186303
-0.861535
-0.180531
-0.643622
-0.107682
0.735709
0.0201039
1.58168
0.0583633
0.851071
-0.0102383
-0.615799
0.098256
1.52152
0.0636228
1.78588
0.025844
0.470669
0.285506
0.396367
-0.197971
-0.952265
0.00769387
-0.16383
-0.255253
-0.280905
-0.33851
-0.443214
-0.134656
-1.02171
0.131824
0.493642
0.141159
0.0266059
0.827295
-0.131161
-0.239444
0.296666
-0.0102136
0.785311
-0.24484
-0.37613
-0.559095
0.11474
1.37918
-0.0376208
0.873143
0.0128756
0.0609968
0.048996
1.74516
-0.0630079
-0.442606
0.053791
-0.532699
0.074754
-0.461763
-0.0288666
0.471371
-0.0865922
-0.988733
0.0368243
0.699173
0.144082
-0.249751
-0.10373
0.0322912
-0.900982
0.220745
0.105739
0.099549
0.0099495
-1.27829
-0.0777348
0.697701
-0.192285
-0.614272
-0.198426
-0.267735
-0.0717366
1.38009
0.0332211
0.634707
0.153229
-0.646758
-0.137384
0.420449
-0.044788
0.986128
-0.0792547
0.177455
0.496533
0.0637715
0.127648
-0.598715
-0.105569
-0.539155
0.053146
0.232627
0.342238
0.168273
-0.044213
-0.487181
0.00164059
-1.34623
-0.0615668
-1.13507
0.00988133
-0.18416
-0.173602
-0.00253166
-0.165813
-0.640931
-0.0575805
0.271362
-0.12233
-0.120707
-0.206039
-0.037229
-0.869286
0.0852358
-0.0138684
0.0480232
1.05342
0.149384
0.850459
0.0644753
-0.712874
-0.0638587
0.983386
-0.0317697
-0.138568
-0.0959236
-0.150944
-0.0406957
0.719547
-0.12687
0.293306
-0.352431
-0.168681
0.530166
0.125239
0.0742953
-0.368151
-0.128424
1.13114
-0.0953937
0.175217
-0.673989
-0.0664121
-0.115236
0.944028
-0.0629314
-0.645928
-0.28175
0.360459
0.294103
0.162662
-0.624319
-0.239118
-0.265674
-0.0571215
-1.97815
-0.0924368
0.811001
-0.0138425
0.315918
-0.0916081
-0.0974245
1.3192
-0.0759058
0.113051
1.18871
-0.0867382
-0.23995
0.325262
-0.0803539
0.899577
-0.00948051
1.35411
0.0997815
0.60683
-0.0529038
-0.121762
-1.32574
-0.011074
-1.00674
-0.0956037
0.366011
0.289813
-0.274355
-0.494662
-0.152097
0.0135403
-0.0253267
-1.73304
-0.0562367
-0.109551
-0.196835
-0.132728
-0.265773
-0.186733
-0.271794
1.03077
-0.299168
-0.499577
-0.0588855
1.2108
0.0767529
-0.876583
0.0333175
-0.571213
0.0715415
-0.206992
-0.40892
-0.13344
-0.334445
-0.0154812
0.443718
0.0259667
2.0827
-0.00536556
0.231205
-0.321248
-0.0213173
1.9368
-0.0497433
0.457119
-0.078049
-1.39841
0.0413202
-0.00377619
0.312538
0.0405258
-0.774426
-0.253448
-0.262762
-0.109985
0.701396
-0.109815
0.576567
0.0532922
-1.81597
-0.0302875
-1.9389
0.00836856
0.825566
-0.00912266
-0.149646
-0.0788852
-0.309242
-0.438517
-0.179959
0.0407976
-0.594888
0.397794
-0.196044
0.011273
-1.11477
0.040736
1.13003
0.11245
0.567955
0.0544399
-0.726844
0.200984
0.0319953
-1.02533
0.0550483
0.366018
-0.19083
0.87343
-0.187805
-0.770904
0.0178372
0.895894
0.0279587
0.332272
0.0330538
-0.707916
0.114231
-1.38813
-0.0826562
0.239689
-0.24498
-0.295692
-0.432152
0.286184
0.576035
0.166427
-0.761732
-0.174544
1.01261
-0.114204
1.54553
0.131701
-0.315875
-0.0628449
1.11323
-0.0667826
-0.0812777
-0.0577383
0.203985
-0.395376
0.633763
0.14866
0.150942
-0.0480222
0.469114
0.242904
0.311152
0.194277
-0.191741
0.0450002
1.6659
0.0141749
0.259362
-0.459111
0.00373064
-1.41276
-0.0159405
-0.939801
0.160417
0.089043
0.750956
0.0188095
-1.61442
0.115683
-0.456272
-0.612769
-0.11585
1.12581
-0.0529198
-0.749535
0.100587
0.775076
-0.124362
0.535168
-0.0175029
0.124861
1.23361
0.0541933
1.49811
0.0384773
-0.214656
0.17029
-1.07337
0.0742268
-0.73232
-0.0156477
-1.16053
0.0511888
1.07257
-0.0195232
0.296304
-0.0916481
-0.168208
0.117987
-0.659306
-0.111678
1.07907
0.0223668
0.373502
-0.178734
0.331328
-0.116374
-0.237769
0.0526719
0.115862
-1.30417
0.0469361
-0.0193845
0.655913
-0.114333
0.0188466
-0.226882
0.494497
-0.0458388
0.713577
-0.195691
0.895054
0.138198
0.405877
-0.170665
0.195474
0.932059
0.101905
-0.634037
-0.191351
-0.400324
-0.232181
0.0128678
0.733005
-0.00937235
-0.242138
-0.152015
-0.914777
-0.0911262
0.867182
0.295621
-0.0656128
0.701393
-0.140344
-1.10879
-0.0958973
-0.258876
0.340098
0.163917
-0.835328
-0.197225
-0.0040332
-0.0235969
-0.518986
0.134942
0.0760997
1.30848
-0.033319
0.687576
-0.118067
-1.56521
-0.0213447
-1.34541
-0.0433258
0.894897
0.104084
-0.601002
0.057597
0.233087
0.66076
-0.176451
0.281322
-0.100581
-0.0587117
-0.503007
-0.0957476
0.150638
-1.87736
-0.0420606
-0.529206
0.157002
0.117641
-0.355319
0.093422
0.0690943
0.0334459
-0.420431
0.215471
-0.626727
0.0481073
-2.08128
0.000398384
-0.627526
-0.176657
0.419153
0.128962
-0.110489
-0.217375
-0.158654
0.279698
0.196207
-0.381765
0.199511
0.0871699
0.677075
-0.238712
-0.1646
-0.391735
-0.0981025
0.145807
0.00528006
-1.02308
0.145924
0.00430096
0.143375
-0.679284
-0.0547812
0.280371
0.189575
-0.890497
0.0478652
0.194751
-0.68477
0.246608
-0.513077
-0.251891
-0.535758
-0.0164789
0.157845
0.0498816
-0.343845
-0.166283
-1.13977
0.113096
0.184892
0.28373
0.501595
0.0661789
-1.08202
0.116356
0.984344
-0.0451218
-0.244743
-0.0154729
-0.399142
-0.104845
-0.0500475
-0.103802
-0.0810691
-0.334621
0.01594
0.357604
0.119856
-0.290679
0.181434
-0.345245
-0.0799673
-0.148756
0.513893
0.0922327
-0.591763
-0.218624
-0.0660072
0.106709
-0.0681062
0.856882
-0.116202
0.956049
0.0633098
0.379451
0.264996
-0.12088
0.28118
0.39116
-0.290576
-0.280256
0.211204
0.172526
0.666577
-0.200256
0.583226
0.0895534
0.424932
0.301993
0.0943762
0.898875
-0.258924
0.257667
0.267705
0.658928
-0.0344701
-0.55194
0.0937798
1.20368
0.0990271
0.367489
0.273354
0.635673
-0.117109
0.184264
0.0737167
1.39806
0.0929673
-0.630439
0.161322
-0.653221
-0.327736
-0.401074
0.0427509
-2.00807
0.00729901
1.38147
-0.0183217
-0.328353
-0.0865592
-0.822689
0.192914
-0.289443
0.14654
0.338449
0.207228
0.170789
-0.0164504
0.147774
-0.293802
-0.166643
-0.708337
0.0427193
-1.23339
-0.0757124
0.416149
0.27971
-0.0600843
0.065126
0.0760027
-0.559721
0.024742
0.566821
0.0831048
1.28318
-0.00688885
1.52805
-0.0105681
-0.490824
0.0505962
1.79491
-0.0264516
0.329176
0.486452
0.0168788
2.7148
-0.0298047
0.799494
-0.0225666
0.668707
0.0034885
1.05945
-0.0910591
1.39683
0.0303194
-1.47802
-0.109139
0.156998
-0.0755246
-0.68379
-0.117939
-0.858395
0.114583
0.436352
-0.0434013
-1.41484
0.0724013
-0.845777
0.221856
0.0486559
1.9345
0.0444422
0.447053
0.178988
0.156436
-1.23964
-0.0357744
-0.565993
-0.10435
-0.781004
-0.103522
-0.0225354
-1.63295
0.101706
0.265543
-0.20907
-0.081539
0.0547999
-0.317783
-0.160933
-0.520816
-0.103473
0.366734
0.0249458
0.197483
0.152261
-0.50617
-0.0385555
0.938175
0.0691992
-0.393276
0.205481
-0.399751
0.0392289
-0.887861
0.10941
-0.911589
-0.0148777
0.207348
-0.493675
-0.0193996
0.693548
-0.423537
-0.0116599
-0.488712
-0.110593
-0.456833
-0.185107
-0.197302
-0.241378
0.591368
0.123485
-0.903234
-0.123919
0.434987
-0.0596029
-1.3047
0.0773768
-1.09997
-0.0649277
-0.509428
-0.158951
-1.35062
-0.12132
-0.100855
-0.928292
-0.127204
-0.67375
-0.146107
0.73947
0.0865393
-0.787444
0.15302
-0.273496
-0.140321
0.0905916
-0.570331
-0.143568
-0.0982697
0.17616
-0.412827
-0.0287107
1.26526
0.140905
0.795612
-0.0675391
0.246748
0.435458
0.406173
-0.116215
0.069169
-0.539436
-0.145002
-0.00628953
2.2782
0.0421553
-0.120214
-2.00243
0.0412501
-0.667856
-0.149205
-1.14255
0.0382687
-0.287263
-0.13015
-0.0250012
-0.165145
-0.439235
0.12228
-0.119788
-0.808539
0.0137309
-0.368463
-0.0830318
-0.0608962
-0.881211
0.0383287
-0.31011
-0.211228
0.194366
-0.0273623
-0.16878
-0.262587
-0.101758
-1.08798
0.0637049
-0.161164
0.96987
0.00204674
0.679664
0.176497
0.174172
-0.382453
-0.133185
-0.349719
0.37423
0.593212
0.0639326
-0.631416
0.0914965
1.4487
0.0435295
-1.1342
0.0239446
1.10428
-0.173703
-0.394426
-0.143343
0.187005
0.557603
0.0449394
-0.0231
0.48353
0.288372
0.263028
-0.387961
0.401425
-0.489438
0.0413892
-1.30265
0.0265627
-1.33534
-0.0359126
0.875282
-0.0984883
1.06477
-0.125441
0.420848
-0.0318798
0.126899
-0.355923
0.0555488
1.29281
0.00807194
-0.55559
-0.0291171
0.466024
0.259033
0.476463
0.155117
0.88325
0.0669171
0.679028
-0.00394034
-0.641018
0.148623
-0.74685
0.0529098
0.334891
0.149549
-0.187141
-0.791394
-0.0686211
1.02751
-0.136859
0.334573
0.226829
0.398186
-0.135429
0.68269
0.21383
-0.0228832
-1.27414
-0.0240787
-0.127484
-0.0466571
-0.298437
0.155612
0.59832
-0.121752
-0.135475
0.26381
0.459868
-0.180838
0.271104
-0.114075
-0.0370873
0.209474
0.367139
0.367512
0.323121
-1.05352
-0.0144634
-0.141607
1.52594
-0.118297
0.0251106
-0.667457
0.0998244
-0.293711
0.214434
-0.377185
0.286412
0.182257
-0.0401345
0.463855
0.295899
-0.303358
-0.149609
-0.191919
-0.497815
0.0631626
-0.37074
0.308684
0.192952
-0.464686
-0.506993
0.131219
0.16416
0.114477
0.204306
-0.0388753
-0.536365
0.0862996
-0.126564
-1.14108
0.0159157
-1.59341
0.0141976
0.568542
-0.0258905
-0.230683
-0.206971
-0.446093
0.0189598
-0.707083
-0.10549
-0.290134
-0.228831
-0.3498
0.0251067
-2.10599
0.0681066
0.399889
-0.303028
-0.118756
-0.200885
0.678604
-0.157309
-0.467064
0.239685
-0.0886521
-0.0127988
-1.0752
0.00735361
1.25637
0.00355198
-0.342615
0.195926
1.04574
0.019947
-0.456787
0.0865732
-1.76853
-0.0394447
0.846792
0.120472
-0.0810232
0.907634
-0.0642141
-0.336593
-0.196398
0.335486
0.0679968
-0.517874
0.312349
0.930527
-0.11469
0.236018
-0.222683
-0.102281
-0.22502
-0.00133314
0.149478
-0.191813
0.326133
0.224034
0.0349476
-1.15691
0.104503
-0.704548
-0.100343
0.43462
0.0747864
-0.0579793
1.38155
0.0173943
-1.05693
-0.0487456
-0.326809
0.225239
0.719548
-0.100456
0.566842
0.163986
-0.15494
-0.62206
0.186091
0.228518
0.401569
0.363145
0.309168
0.246536
0.320136
-0.0490097
-1.03419
0.00086145
-0.0453759
-0.096812
0.816361
0.103797
-0.685804
-0.0670895
0.00070198
-2.39681
0.016332
-1.30529
-0.0638601
-1.74381
-0.102638
1.17967
0.0161135
-1.20699
-0.0170401
-2.36846
-0.0344031
0.443395
0.212469
-0.689605
0.105751
-1.30345
-0.0887274
0.36932
0.270127
0.376695
-0.0148651
-0.374996
0.308467
0.0222547
0.185398
-0.504495
0.423531
-0.31465
0.00724098
-0.797889
0.0810156
0.0237744
-0.124397
0.0751407
-0.0729129
-0.860716
-0.0666796
-0.225021
0.109661
0.356016
0.663311
-0.0558369
-0.377905
-0.574644
-0.146502
0.0188316
0.804344
0.089196
-0.226042
0.0234517
1.90541
0.0381309
0.371198
0.270668
-0.490118
-0.620507
-0.0681113
-1.45604
-0.165769
-0.971183
0.125782
0.308376
0.279097
-0.239437
0.445609
-0.269797
0.428742
0.31547
-0.113175
-0.0361602
0.897136
0.0322939
-0.328362
-0.415466
-0.352348
-0.380627
0.0176886
0.0374767
-1.02637
1.0508e-07
-1.1006
0.101358
-0.0107668
0.414629
-0.16211
-0.422207
0.436002
0.316738
0.158961
0.727751
-0.179316
0.797451
0.0202143
-0.231388
0.15669
0.565578
-0.0953056
-0.880638
-0.0525166
0.171992
-0.065208
-0.756191
0.0508432
0.323247
0.108406
0.334686
0.138594
1.19101
-0.0422758
-1.19669
-0.153604
-0.188741
-0.251383
0.0551694
0.199384
0.159113
0.181975
-0.375452
0.14269
0.406241
-0.176392
-0.177276
0.108824
0.249233
-0.177982
0.777071
0.0557097
0.0254137
-0.250221
-0.457588
0.0125691
1.10159
0.0930876
-1.00987
0.116799
-0.664746
-0.0343081
0.477825
0.00799366
0.07404
0.888926
-0.127017
-0.67126
0.0407136
-0.160101
1.02599
0.0185585
-0.650762
-0.0329658
-0.462829
0.345882
-0.316188
0.509675
-0.103623
0.552727
-0.00927726
-0.31039
-0.196991
0.67888
-0.0125594
0.969991
-0.0721422
-0.0823007
0.625349
-0.117728
0.0149365
-0.0670954
0.00736319
-0.585081
-0.0299953
0.983743
-0.160799
-0.428634
-0.431535
-0.29631
-0.799091
-0.259614
-0.407733
-0.0379218
1.36801
-0.0547618
0.285476
-0.27784
-0.381284
-0.0726923
0.281247
-0.602699
-0.161272
0.466295
0.0252151
0.706211
-0.163734
-0.930268
-0.0561965
0.0821781
0.314527
0.20124
-0.392055
0.0762954
1.06915
-0.0435238
0.102248
0.693299
0.0303838
-0.358905
-0.0465708
-0.76467
-0.0270614
-1.09117
-0.0776276
0.0199226
0.499551
0.164498
-0.196464
0.934812
-0.020645
0.491268
-0.154691
0.273008
-0.272846
0.282247
0.140413
-0.459798
-0.327976
-0.140384
1.14494
-0.0768146
-0.178572
-0.299902
-0.518254
-0.00628196
1.27141
0.0373916
0.830061
-0.155258
-0.968554
-0.0460699
-1.64136
-0.0163334
-0.756019
0.240493
-0.379303
0.00862636
-1.17597
-0.118242
-0.152308
-0.100678
-0.474821
0.0409288
-0.605273
-0.103245
-0.809036
0.276007
-0.325038
0.274934
-0.556602
0.210486
-0.00812957
-0.633154
-0.0609041
-0.43192
-0.0188862
0.0308697
-0.398446
-0.0309979
1.08202
0.113449
-0.680447
-0.136648
0.669904
0.0221411
-1.4329
0.0814186
-0.6031
0.324089
0.178124
-0.580061
-0.16844
0.25521
-0.285887
0.219818
0.234896
-0.036075
-0.253991
-0.483375
0.118804
1.01147
-0.203582
0.187636
0.0492584
-0.0507276
-1.76751
0.0537347
-0.564789
-0.0330539
-0.506004
0.0466999
-0.547077
0.44415
0.217112
0.557237
0.0185227
0.546727
-0.236677
0.0278417
-0.0471674
1.23819
0.05295
1.26958
0.100882
0.0473821
0.869457
0.0247111
-0.674353
-0.251091
0.174097
-0.606051
-0.113227
1.61637
0.103338
-0.472933
0.0950274
0.0534626
-1.38484
0.0186131
-0.997174
0.0560368
-0.394914
-0.175175
-0.22767
0.274627
0.294698
0.0417159
-0.00659393
-0.292163
-0.399725
-0.210515
0.643803
-0.109889
-0.0516225
-0.536595
-0.0678815
0.282357
-0.00945341
1.30666
0.072908
0.310422
0.214612
-0.000370959
-0.730863
0.132863
-0.20337
0.124299
0.448976
0.122841
0.926178
-0.103886
-0.0681362
0.0321759
-1.2648
0.00338266
-1.03673
0.0462454
0.464387
0.211769
0.418554
-0.0397303
-0.405322
0.217274
-0.151691
0.823055
0.0765828
-0.150801
-0.419388
0.0938853
0.151477
0.420241
-0.413786
0.350502
-0.175986
0.777676
-0.0390005
1.69438
0.0165522
-0.948106
-0.05709
0.95697
-0.0585028
-0.501532
-0.0213711
-0.505075
-0.374435
-0.254242
-0.517196
0.0235007
0.637833
-0.0108578
0.313555
-0.671704
-0.225846
0.853371
0.131264
0.508122
0.0856651
-1.48763
-0.0348508
0.336083
-0.0389649
0.772817
0.310418
0.252079
-0.476484
-0.173917
-0.873723
-0.152402
-0.19178
-0.187218
0.259916
0.131099
0.471339
0.256246
-0.483516
0.0152166
2.42117
-0.0119834
-0.227013
0.228476
-0.749921
-0.128827
0.350614
-0.202845
1.49911
-0.0204531
1.04375
-0.127991
-0.322775
0.304295
0.213768
-0.707107
-0.313876
0.279638
-0.350022
0.10217
-0.507782
-0.268466
-0.465844
0.240751
0.0976415
-0.188384
-0.763021
-0.126468
-0.0711357
-0.0568245
-0.718464
0.0664269
-0.262127
-0.516916
-0.373635
0.0714956
0.94327
0.105062
-0.259092
-0.193566
-1.00893
-0.0279354
-0.257354
0.436734
-0.270352
0.211827
-0.686657
0.163909
0.0297116
-0.234568
0.175563
0.207707
-0.0324789
-0.469396
0.4578
-0.106811
-1.439
-0.033584
0.604435
0.325511
0.0266037
-0.19629
-0.69526
-0.161699
-0.245999
-0.676166
-0.0708875
-0.747967
0.136369
-0.234585
-0.469451
-0.398653
0.0830453
-0.371653
0.132609
0.0772913
0.610241
-0.158209
0.766601
0.0316085
0.470408
-0.014293
-0.703563
0.0236211
-0.250691
-0.288258
0.0567421
-0.990605
-0.0120678
0.112091
-0.415385
-0.167754
-0.111062
0.142135
0.744406
0.0593872
0.0649561
-0.560832
0.0393977
0.225146
0.0987166
-0.694456
-0.0790317
0.927302
-0.0462498
-1.33406
-0.0369988
-1.08929
-0.0514109
0.531399
-0.175817
-0.51651
-0.0975657
-0.125787
-0.212892
-0.0465777
-0.313597
-0.330828
0.128039
-0.269387
0.0935206
1.1377
-0.0881707
-1.07684
-0.186081
0.430181
-0.117645
0.693477
0.0533834
0.178149
1.2421
0.098373
-0.835152
-0.123519
0.234025
-0.591989
-0.207495
0.604128
0.20189
0.0106894
-0.0629839
1.08835
-0.075932
-0.0387233
-0.978116
0.0780479
0.849817
-0.00158767
1.31526
0.00972416
-1.38389
0.074421
0.095577
0.814848
0.0570777
1.58088
0.0460192
0.0934618
0.386249
0.0968316
-0.550566
0.0345792
0.352938
0.321663
0.128378
0.687367
0.151006
-0.0976458
-0.379666
0.118306
0.264975
0.0244853
-0.317974
-0.261607
0.769304
-0.0820961
0.568805
-0.0864429
-0.0327664
1.79166
0.0156552
0.0687553
1.19656
0.141457
1.30397
-0.063666
0.352858
-0.140544
0.317714
-0.0749352
-0.770378
-0.084464
-0.218027
-0.208045
-0.824928
0.0209346
0.105323
0.768841
0.0315154
0.480561
0.0393307
0.480557
-0.100518
0.644194
-0.0645388
0.376034
-0.347404
0.463842
-0.220823
-0.0508322
-0.704273
-0.132379
-0.218064
-0.22156
-0.132543
-0.50874
0.0165948
-0.665146
0.0145515
-0.506552
-0.0172198
-0.139511
-0.289299
-0.209968
-0.161462
-1.08982
-0.124
-1.12192
-0.0743987
-0.0587893
-1.11975
-0.00105003
1.64532
-0.00955771
-0.0768872
-0.498312
-0.0544834
0.0504033
-0.649448
-0.154322
0.678067
-0.00291418
0.258987
-0.1414
-0.118918
-0.643313
0.044611
-0.00435535
-0.0804368
-0.0292331
0.338113
-0.425469
0.479439
0.184966
0.0187203
3.05152
0.00630231
0.901069
0.052476
1.25022
-0.030588
0.393224
0.0908109
-0.148362
-0.387104
0.202513
0.550839
0.063184
0.778152
-0.175429
-0.143738
-0.368814
0.254772
0.453165
0.489739
-0.616665
-0.0108711
0.0523318
-0.197146
-0.344828
-0.328503
0.317572
0.0922058
-1.79593
0.00529916
0.394444
0.10725
-0.162054
0.386997
-0.321423
-0.0551673
-0.510197
0.543252
0.346473
-0.39122
0.140857
0.232468
-0.0319947
-0.190679
-0.00180231
0.492658
-0.220789
-0.474322
-0.12639
0.0681277
-0.915082
-0.106777
0.885035
0.126262
-0.0145468
0.610668
0.0234752
-3.17256
-0.00162496
-0.700685
-0.0121954
0.942552
-0.0182938
1.17735
0.0906646
-0.0315468
1.39349
0.00963216
-1.40545
-0.0502289
1.5176
-0.0768023
0.553689
0.256001
0.169752
-0.100489
-0.34658
0.247452
0.312178
-0.229387
-0.668528
0.00443253
1.39383
-0.0831042
-0.470198
0.0260612
-1.19762
-0.0845185
0.316589
0.0431557
-0.47261
0.274918
0.285783
-0.0223918
-0.514492
-0.130468
0.737591
-0.294442
-0.364052
-0.028721
0.853604
-0.0718236
0.393205
-0.0779846
0.195604
0.0458267
-1.09377
0.0608562
0.346042
-0.345919
-0.358474
0.0752968
-0.873249
-0.0546313
-0.241958
-0.292683
0.410715
0.416714
0.370676
0.18512
0.0327052
1.32349
0.0645624
-0.326289
0.274369
-0.0278299
-1.47228
-0.00733167
-0.620205
-0.197988
-0.0589195
-0.931722
0.116483
-0.0211939
-2.2567
-0.0320592
0.526247
-0.228994
0.076356
0.751988
-0.0796695
-0.810408
0.139031
-0.502657
0.111991
-0.341418
0.144758
0.0965406
0.199829
0.0623183
-0.558464
-0.119058
0.478712
0.0906538
0.5152
-0.0342352
0.0192317
1.24118
-0.0136239
0.0351319
-1.45114
-0.0066751
-1.48865
-0.0744679
1.12613
0.0659819
-0.292448
0.161103
0.607321
0.000904311
-0.795154
0.178173
-0.479288
0.42198
-0.0377891
0.372744
-0.166606
-0.263122
-0.463865
-0.325013
0.126174
-0.515876
0.309596
-0.160905
0.302112
0.273459
-0.134074
-0.703191
0.00403388
-0.691854
-0.0330022
-2.31483
0.0447855
-1.34243
0.0926515
0.124189
0.500982
-0.169123
-0.301483
-0.0144873
0.112527
0.0628301
1.29828
0.0654488
-1.30202
0.0340053
0.46268
-0.091961
-1.02
0.0734096
-2.10158
-0.103354
-0.749245
0.0235626
-0.310554
0.289561
-0.346428
-0.42485
-0.368978
0.124527
0.375277
-0.0494965
-2.49674
-0.0188882
-0.636637
-0.0928386
-0.349275
0.377159
0.0651611
0.975585
-0.00480188
0.587849
-0.22312
0.174396
1.19711
0.0506606
-0.794005
-0.0602191
1.24351
-0.095343
-0.181649
0.607069
0.0599022
-0.606442
0.0536308
0.265536
-0.0788784
0.751358
0.170934
0.400611
-0.102209
0.237103
-0.184727
-0.793763
-0.0856794
-1.30911
0.0208086
-0.811337
-0.163513
-0.946272
-0.147753
-0.276248
-0.176603
0.198732
-0.0747159
1.29523
-0.0675756
-0.764981
0.150068
0.194081
-0.679226
0.200258
0.723243
-0.200225
0.453081
-0.177694
0.00720957
0.246646
-0.091081
-0.291943
0.441251
0.273483
0.427813
0.194089
0.802071
0.0232613
0.0864456
-0.505175
0.00557568
-0.660694
-0.0463432
0.0597654
1.08541
-0.224702
-0.289655
0.52685
0.0134136
-0.400739
0.0635037
1.33393
0.0649153
-0.551605
-0.246577
0.122125
-0.121831
-0.208202
-0.196162
-0.237761
-0.34358
-0.421606
-0.053758
0.754961
0.0294837
0.00405263
-0.276236
0.193546
0.10789
0.366224
0.126954
0.232849
-0.540748
0.323207
0.00104495
-0.8992
0.112648
0.25839
-0.727778
-0.218808
0.322821
-0.648097
-0.163439
0.0975936
0.33584
0.264442
0.771538
0.0827099
0.0230965
1.01162
0.0298929
-1.41552
-0.0459114
0.0416592
-0.760767
-0.242244
0.11363
1.04176
-0.193924
0.617585
-0.254091
0.105514
0.127339
0.452301
0.0356421
-0.913061
0.00477439
0.392569
0.388374
-0.530729
0.214216
-0.375947
0.273657
0.0771924
-1.12691
0.16264
-1.15936
0.110411
-0.940816
0.0314218
1.33511
0.109523
0.0967874
1.36763
0.00555574
0.301819
-0.224269
0.418044
-0.0447269
-0.347136
0.0507349
-2.10497
0.0733025
0.257571
-0.130229
-0.0833531
-0.0824489
-0.987371
0.00789536
0.27853
0.328919
-0.759606
-0.0622938
-0.687874
0.0634747
-0.0990405
1.25091
-0.00973047
0.0477303
-0.0936359
0.0367115
1.19498
0.0104323
0.786761
-0.0383674
-1.80208
-0.0171129
1.13243
0.00638062
2.15733
0.000710789
0.742922
-0.0114132
-2.11434
0.0886467
-0.258648
-0.0148525
-0.531074
0.198876
0.237249
1.12589
-0.12773
0.645621
-0.188523
0.520422
-0.079305
0.148642
0.256824
0.229338
0.542124
-0.0830575
-0.138082
0.476695
-0.52903
-0.134763
-0.439404
0.0045225
-0.718494
0.1335
0.973459
0.0189109
-0.113308
-0.147625
0.452248
0.164445
0.336326
-0.524912
0.357305
0.110769
-1.40746
0.0276135
-0.199089
-0.697377
0.0396207
0.548891
-0.0921427
0.439831
-5.22813e-05
-0.0454067
0.350227
0.113878
-0.559258
-0.242585
-0.346849
-0.182765
-0.331704
0.0890605
-0.298738
-0.158093
-0.168789
0.753739
-0.133651
0.16264
1.63535
-0.0523745
-0.201876
-0.767062
-0.169714
-0.339692
0.390663
0.274973
-0.529299
-0.148183
-0.481916
0.258396
0.541565
-0.0258934
0.81595
-0.0664265
0.237608
0.876793
-0.0689634
-0.482264
0.044365
-1.047
0.00301381
-1.23357
-0.10307
0.7205
-0.067793
-1.08212
-0.184388
-0.616425
-0.012233
-0.00836491
0.76778
0.000610925
0.49051
0.245464
0.423747
0.492904
-0.268495
-0.0631788
0.923157
0.163759
0.265275
-0.163638
-0.459895
0.0738956
0.686494
-0.127729
-1.09741
-0.0790939
-0.334507
0.206941
-0.21027
-0.174567
-0.106398
0.536274
-0.0113627
-1.27572
-0.0023249
-0.831305
-0.220241
-0.171798
-0.0202458
0.0776409
-0.117163
0.0804403
0.851567
-0.0442331
0.822445
0.107026
0.727752
0.114291
-0.631519
0.0840474
-0.354182
0.170228
0.0225986
0.417399
0.159715
-0.325718
0.3919
-0.100895
0.694568
-0.179053
-0.0649292
-0.296219
-0.469012
0.162786
-0.144836
0.470816
0.0266058
-1.77414
0.0245774
-1.82627
-0.0320805
0.555043
-0.0495769
-0.97681
0.0105039
-0.986118
0.00759964
0.463663
-0.194806
-0.861951
0.214602
0.0549888
-0.507808
-0.192827
0.42681
0.135754
-0.678895
0.0639157
1.53223
-0.123746
-0.383326
-0.00530843
-0.109117
0.473721
0.00948663
0.259028
0.682277
0.06119
0.366109
-0.581769
0.11753
-0.694096
0.0649712
-0.480472
-0.220331
0.178186
-0.269208
-0.325911
-0.241166
-0.0186374
0.467993
0.183185
-0.393613
0.133184
0.230371
0.426622
0.0894124
0.823302
-0.16607
0.786214
-0.0267329
0.316544
-0.224504
-0.168302
0.52442
0.0218088
0.333847
0.0320079
-1.02211
0.0202988
1.72466
0.0583509
1.23349
-0.0295635
0.712372
0.113077
-0.0888863
0.185865
0.0745294
-1.21014
-0.159477
-0.106406
-0.465587
-0.191301
0.73191
0.174555
-0.250149
0.387418
-0.0679863
-1.37523
0.141584
-0.416705
-0.343313
0.200709
0.321691
0.338868
0.0304024
-1.36693
-0.117756
-0.977079
0.0311054
0.352331
-0.375223
-0.114586
-0.930625
0.137818
0.12418
0.34344
-0.304097
-0.195835
-0.562433
-0.135644
0.202113
0.149103
-0.0183384
-1.69437
0.0419173
1.52891
0.0695723
-0.733421
-0.193694
-0.317636
0.430271
0.403324
-0.0532781
-0.286863
-0.145236
0.114834
-0.210501
0.0390388
-0.806702
0.158238
1.07474
0.0579547
-0.66656
-0.266077
0.0154702
-0.464581
-0.113371
0.825909
-0.0580866
0.402827
-0.0345078
-0.815817
-0.172547
-0.0856448
0.216493
-0.141012
-0.261447
-0.387762
-0.280012
-0.0319654
0.0906614
0.122061
0.0983968
1.36887
-0.115023
0.813315
-0.027307
-1.91641
0.000486601
-1.9209
-0.099301
0.216354
0.512226
-0.164015
0.432397
0.0120105
0.57646
-0.088808
0.941396
-0.120749
-0.138682
-0.527171
0.165358
-0.363502
-0.0629164
-0.577471
0.126307
-0.68276
0.0835898
0.772854
0.134481
0.428773
-0.0597037
-0.553428
-0.32774
0.0939464
-0.06655
0.147715
-0.170962
0.430189
0.249154
-0.238951
-0.244696
-0.0355875
-0.462792
0.0134904
1.82346
-0.0185218
-1.5661
-0.0308597
-0.373281
-0.0798236
-0.143521
0.0532719
-0.0482696
0.882794
-0.124104
0.326409
0.0880802
-1.26108
-0.112368
0.785539
-0.00767269
1.19404
-0.00636489
-1.87243
0.0377482
-0.54015
-0.0887339
0.557548
-0.0368213
-1.89319
0.0698046
-0.475593
-0.516442
-0.184005
0.467956
-0.0268536
-1.27836
0.104605
-0.463634
0.159232
-0.33669
0.118487
0.783879
-0.0437836
-0.875767
0.035481
-0.0106713
-1.33886
0.0654101
-0.596715
-0.206707
0.0716366
-0.0494305
0.932856
0.175944
-0.0182474
2.39636
-0.0589073
0.236581
0.0772154
-0.175547
0.348376
0.388509
-0.0405747
-0.225217
0.13524
-0.174164
-0.337766
-0.0939447
0.101921
0.227703
0.0630204
0.838133
0.130185
-0.957686
0.164538
-0.218478
0.163143
0.535128
0.120609
1.0601
-0.230937
-0.0216295
-1.22503
-0.047783
-1.16704
0.0285266
-0.344352
-0.412782
-0.628215
-0.236799
0.165132
1.23446
-0.00547873
0.467286
0.195516
0.313095
-0.22097
-0.0614202
-0.0424334
0.836573
-0.227699
-0.197492
0.32104
0.0312241
-0.195473
0.0447477
-0.578267
0.314858
0.38223
0.0762708
-1.1155
0.141203
-0.651833
0.199279
-0.335273
-0.434491
-0.240065
0.331024
0.379069
-0.343477
-0.0449176
0.67477
-0.00212281
-0.501497
-0.259106
0.41729
0.055297
0.127201
0.136689
0.645539
0.190702
-0.680305
0.0520444
-1.8761
0.063978
-0.43394
0.0539934
0.222972
-0.282742
-0.132032
-0.226805
-0.247354
0.275706
-0.400209
-0.19634
0.648151
-0.0189764
0.774163
0.0688405
0.207961
-0.126589
-0.550719
-0.189488
-0.194447
0.895778
-0.0187294
0.394106
-0.0574129
-1.48199
-0.00169405
1.80687
-0.000628323
1.51247
0.0558199
0.286602
0.119514
0.0755371
0.586127
-0.156072
-0.13877
0.609576
0.38677
-0.00742504
-0.0505119
-0.277476
-0.0132086
0.697716
0.238193
-0.0925146
0.246758
0.0237342
-0.634132
-0.38411
-0.518358
-0.0585976
0.0901695
-0.167844
0.385398
-0.173217
0.340564
0.194266
-1.17735
-0.107924
0.0263641
-0.0323168
0.195986
-0.452536
0.199555
-0.360098
0.227553
0.387594
0.0569372
1.0894
-0.138924
0.27634
-0.598126
0.072968
-1.7056
-0.00218413
2.56394
0.0378714
0.273734
-0.460147
-0.0830004
-0.3344
0.00276439
1.34411
0.091738
-0.3483
0.0545062
0.297007
0.489962
-0.608776
0.0825151
-1.28355
-0.0539727
-0.805227
-0.0647005
0.752985
0.0523748
0.957649
0.0821913
0.984607
-0.025874
-0.16488
-0.389487
-0.127324
-0.444288
0.519931
0.484784
0.212114
-0.55658
0.116912
-0.90392
-0.186604
0.208285
-0.233939
-0.228802
-0.780405
0.0974159
-0.124009
-0.450096
-0.154568
-0.610229
0.101205
0.18214
-0.386216
0.0677757
0.399196
0.232997
0.201694
-0.141417
-0.53274
0.0027529
2.50855
0.049492
-1.33801
0.0305446
-0.114264
-0.728607
-0.140611
0.536237
0.000207164
0.152274
0.738234
-0.0955946
0.469852
-0.200351
0.373742
0.131591
0.393331
0.179467
0.53372
-0.000393158
0.459916
-0.082405
-1.57373
-0.0454479
0.0755091
-0.0624184
0.00970916
-1.05409
-0.0187862
-1.82525
0.0693744
0.627153
-0.170643
-0.157097
-0.969582
-0.073162
0.649618
-0.0764297
0.577356
-0.280932
0.750839
-0.182564
-0.322509
0.00155801
-0.42845
-0.048755
2.19741
0.0651359
-1.21551
-0.0625163
-0.986112
0.122865
0.467651
-0.165565
0.235862
-0.31227
0.155087
0.0834913
0.568682
-0.0186456
0.0168646
0.336028
-0.368438
0.0103664
0.893391
-0.0357955
-1.40739
0.0216232
0.549402
-0.45847
-0.0704427
-0.715462
-0.0876308
-0.303354
-0.512476
-0.113738
0.495942
-0.348246
-0.481445
0.45817
-0.109709
-0.108168
-0.703272
0.205354
-0.231568
-0.300547
0.121108
0.501724
-0.289899
-0.143661
-0.312836
0.442018
-0.336362
-0.212528
-0.638348
-0.165275
0.95118
0.111599
-0.487544
0.488729
0.219931
-0.242461
-0.37043
0.250735
0.176119
-0.509952
-0.154742
0.165791
-0.909588
0.115076
0.376064
-0.102829
0.457416
0.151764
0.418382
0.0719926
1.74074
0.0514
-0.549172
0.510125
-0.0887722
0.906744
-0.125127
0.666487
-0.127157
-0.198511
-0.530406
-0.144095
1.10369
-0.0535959
-0.932585
-0.0438058
1.3527
0.0362374
0.743944
0.0904292
0.156958
0.641373
-0.0926152
0.475371
-0.164655
-0.327277
0.302966
0.468944
-0.122154
0.546563
-0.0971194
-0.69172
0.0985124
-0.402412
0.412705
0.457189
0.0368757
0.183053
0.0876602
-1.48381
-0.0150252
0.885157
0.151968
-0.386087
0.0640229
0.956503
-0.122321
-0.0185245
2.11111
-0.0939833
0.525194
-0.374454
-0.107076
0.746812
0.023989
-0.256084
-0.596594
0.0617681
-1.00368
-0.024845
0.761473
-0.01133
-1.53947
0.0480519
-0.53135
-0.00841481
-0.938734
0.0255614
0.926828
-0.093805
-0.135511
-0.0556536
-1.11694
-0.104375
0.0689291
0.865525
-0.00949485
0.713807
-0.0935463
-0.184574
-0.157743
0.303405
0.245295
0.0545733
0.957982
0.203577
0.949152
0.00678121
0.859952
-0.0851784
0.227646
-0.339473
0.217438
0.157723
0.605748
0.050573
0.306935
0.123773
0.112522
-1.13065
0.0718083
-0.206175
0.0465775
-0.723021
-0.0283715
0.017804
0.709851
0.131698
0.7987
-0.04141
-1.44816
-0.0176212
1.50949
-0.0267344
1.01398
-0.0892171
0.672176
0.0677344
0.852141
0.0730509
0.314187
0.382234
-0.296148
-0.279507
-0.896724
-0.0504965
0.539814
-0.171737
-0.190914
0.325596
0.0400343
-0.00235632
-0.0284965
-0.765748
-0.187659
0.642509
0.390865
-0.440871
-0.203623
0.692365
-0.0403533
0.844266
-0.0244747
0.240186
0.27165
-0.0222191
-0.433163
0.123224
0.413134
-0.513521
-0.194654
0.311131
0.239843
-0.0186534
0.448626
0.117404
1.21268
-0.00581419
0.375306
-0.1263
-0.00728312
-1.59301
0.0783972
-0.0565845
0.250092
-0.544975
0.377871
0.021032
0.329376
-0.231688
-0.0257766
0.338335
0.424212
-0.583255
0.068786
0.879666
0.213788
0.0407632
-0.12491
-0.398782
-0.151069
0.0775108
-1.3256
0.0279324
0.181018
-0.01049
-0.852083
-0.023172
-1.07404
0.0556998
0.96245
-0.0733369
0.794498
-0.114082
0.0861454
-0.456184
0.0114331
1.34703
0.0460434
-0.673782
0.0550314
-0.507737
0.206886
0.147055
-0.287347
-0.00840436
-0.0751337
-0.156923
-0.232648
0.693144
-0.23219
0.0647393
-0.0198878
0.615573
0.0364042
0.245675
0.368232
0.038444
0.509528
0.201911
-0.000801378
-0.837626
-0.0179645
1.80107
0.0695961
-0.932869
0.00753086
1.35107
0.142279
0.454482
0.130791
-0.267232
-0.276409
-0.147115
-1.50119
0.150826
0.0723776
0.231585
0.0115521
-0.0935805
0.0716098
-0.442529
0.100524
0.10527
-0.302991
-0.176311
-0.772222
0.0152268
-1.27015
-0.0471584
0.253784
0.00890269
0.898142
0.00751207
0.0020696
2.20872
-0.0162133
0.824571
0.138444
-0.0716252
-0.0168864
0.793403
-0.140641
-0.0504804
-1.09967
0.0259787
-0.628181
0.064692
-1.23434
-0.0922676
0.408038
-0.0266339
1.42482
-0.0523238
0.348888
-0.120641
-0.206003
-0.618477
0.0280102
0.503721
-0.014644
-0.303216
-0.145295
-0.930412
0.126775
-0.575483
-0.00243519
0.333235
0.0773196
-0.153901
-0.361794
0.47472
0.128603
-0.477386
-0.0645365
3.01691
-0.0161719
-0.817838
0.0662527
0.523847
-0.250042
0.000731111
0.941798
-0.315027
-0.0575205
0.200853
-0.446349
0.190306
-1.11373
0.00413775
-0.0979495
0.706685
-0.194043
-0.265638
-0.184573
-0.273264
0.587557
0.204002
0.406046
-0.0928344
0.630005
-0.0914433
0.630072
-0.197799
0.935325
-0.0136528
0.396817
-0.0643699
0.585136
-0.0124763
0.384308
-0.144154
0.0985452
0.664995
0.11239
-0.0917334
0.709727
0.0722232
1.10933
-0.296625
0.357836
-0.17096
-0.655254
0.356097
-0.032526
-0.0920903
0.294798
0.164331
-0.378352
-0.457346
0.0106926
-0.558478
0.334026
0.0625178
1.16529
0.0989293
0.0140551
-2.08921
0.0557413
-0.30059
-0.143251
0.208944
0.579649
0.238981
0.165748
1.15816
-0.00461772
0.861312
-0.00805907
0.406975
0.445416
0.340331
-0.252249
-0.489617
-0.246589
0.740842
0.233264
0.0720165
-0.797177
0.0637285
-1.58105
0.0290068
0.819444
-0.178838
-0.421774
-0.0704007
0.156413
0.501487
-0.213078
-0.104343
-0.60342
0.102407
0.695704
0.00517468
0.189433
-0.0353003
-0.937891
-0.0104833
-0.164617
-0.587374
0.107005
-0.555509
-0.00990866
-1.04727
0.231897
0.50916
-0.322902
-0.134925
0.148579
0.650302
-0.292653
0.0133542
1.37443
0.0166403
-0.779857
-0.0210187
-0.0953002
-0.0424446
0.422119
0.0855337
-0.501854
-0.0659263
0.869174
-0.00306953
0.808087
0.0412511
-1.78883
-0.0742884
0.0227009
-0.314302
0.0791039
-0.418245
-0.129533
1.8032
0.0431039
0.0710374
-0.982261
0.139695
-0.774603
0.01242
-0.0408967
-0.105913
0.461653
0.166016
-0.317224
0.00977103
-0.298202
-0.0503012
-0.31869
-0.217429
0.457979
-0.29234
-0.0063873
0.319032
0.214676
-0.0897793
-0.462143
-0.00755667
0.430634
-0.268584
-0.114714
0.340756
0.0532408
-1.20165
-0.0468439
-1.31413
-0.0206434
1.07839
0.093286
0.320674
-0.495017
-0.147994
-0.432251
-0.131721
-0.143663
-0.276572
-0.389108
0.324375
-0.467652
0.168783
-0.612148
-0.0533758
1.11374
0.0825049
-0.208392
-0.338682
0.680555
-0.0247189
0.807091
0.00944553
1.47568
0.0334254
1.87657
-0.0253096
-1.19456
-0.105687
-0.422478
-0.37066
-0.12798
0.0865178
0.203977
0.0387603
0.177892
-0.0405061
-0.597332
0.276881
-0.362957
0.205189
-0.218785
-0.584044
0.151115
-0.506023
0.183601
0.0311998
1.0467
0.016989
0.555268
0.106303
0.313463
0.0308507
1.08347
0.0237192
0.106576
-0.460174
-0.213565
0.627992
0.154659
0.890862
-0.0679435
0.423863
-0.18208
-0.236575
0.123996
0.183528
0.00450789
-1.0945
0.042532
-0.0303787
-0.290498
-0.166432
-0.856367
0.133273
-0.225703
-0.407304
0.175512
0.602399
0.0704554
1.36657
-0.0870843
0.558593
-0.0778622
-0.849134
-0.210024
-0.516735
-0.202298
-0.35401
-0.471265
0.39783
-0.239255
-0.390739
0.0878629
0.460342
0.399259
-0.0182788
-1.31938
0.028271
1.35654
0.0367652
-0.300498
-0.178134
0.369187
0.195943
0.15188
-0.505332
-0.0515684
0.0915384
-0.896834
-0.0200454
2.29746
0.0164016
0.229663
0.250231
0.323674
0.246932
0.616182
-0.0435048
0.929171
0.0242749
0.311448
-0.0853212
0.827229
-0.0376869
0.168135
0.279142
0.383148
-0.305912
0.0463649
0.164838
-0.605829
0.0308902
-0.768713
0.0127656
-0.163684
-0.312958
-0.113108
0.0237095
1.01152
0.0171143
-0.186423
-0.105817
-0.713781
0.143885
0.962677
0.0343502
1.02948
0.0659915
0.31225
-0.0826071
-0.362626
0.0110138
-1.22948
-0.0336435
0.70484
-0.0615778
-0.706023
0.0657002
0.546375
-0.0130515
-0.262081
-0.398653
0.0233096
-2.32812
0.0316049
0.143708
-1.20367
-0.0721359
1.13692
0.120602
-0.48413
-0.119312
0.871958
-0.157167
-0.316859
0.050436
0.895499
0.0387871
-0.611362
-0.0177786
1.10064
-0.0217044
-0.0438006
1.40399
-0.00605838
-0.769374
-0.0810659
-0.525461
0.0369881
1.94093
-0.055001
-1.49461
0.0507337
0.792752
0.0504881
-0.785431
-0.148777
0.139661
0.737735
-0.077807
-0.629993
0.207397
0.325521
-0.0632154
0.785479
-0.132161
-0.642599
0.12655
-0.0309633
-0.361645
-0.0294446
1.99262
0.0271274
-1.06143
0.125156
0.0906088
-0.0749915
0.759504
0.184307
-0.16511
-0.634475
-0.0558271
-0.113932
0.310997
0.367796
-0.0571705
-0.470212
-0.197886
-0.356107
-0.0521556
-0.0100798
-0.348359
0.287599
0.133811
-0.2237
0.320033
0.155596
0.0760368
-0.565696
0.0358334
0.587789
0.128329
0.0540276
-0.677989
-0.0174206
-0.00452981
0.532561
-0.117468
-0.034224
0.208529
-0.229384
0.450006
0.0445271
-0.433111
0.476065
-0.0055575
-1.12771
-0.0708028
-0.358456
-0.113314
-1.03984
-0.00323033
-0.479391
0.534846
0.0803787
-0.33493
-0.00406553
0.108554
-1.25113
-0.068835
1.31437
0.0506635
-1.62293
0.0173487
-0.266278
-0.502833
-0.0629901
-1.04066
0.0378575
-0.909808
0.0410195
-0.131495
-0.0589778
-1.55732
0.0215399
-0.211985
0.678425
0.178398
0.111176
-1.42657
0.133225
-0.141428
0.0397829
-1.0605
0.0203335
0.231332
0.534047
0.139208
0.118574
0.556662
-0.234813
0.463145
-0.186574
-0.371342
0.602988
-0.019395
-0.347661
0.136972
-0.337016
-0.0457161
-0.696908
0.073535
-1.06022
0.0738363
-1.25858
-0.0107734
-0.676499
0.293981
0.450911
-0.276391
0.219726
-0.159653
-0.901591
-0.0919761
-0.707858
0.165603
-0.286359
-0.698907
-0.0209275
0.469702
-0.0992597
0.0635877
0.133232
-0.349981
-0.0601783
0.725483
-0.0634192
-1.09034
0.0204853
0.668347
0.0183701
0.339704
0.00310833
-1.44997
0.0988457
0.931678
0.0975223
0.724852
-0.00188065
1.20959
-0.0391295
0.0355203
1.18748
0.0134658
-1.17184
-0.0268551
-0.0220632
0.751138
-0.0472975
-1.38747
0.183558
0.219929
-0.741238
0.218537
0.102858
0.13306
0.234823
0.196083
0.56905
0.0110857
-0.465055
-0.100977
0.440759
0.217121
0.329164
-0.0433723
1.14516
0.0784572
0.460875
-0.122945
-1.48047
-0.0259148
0.183941
-0.390828
-0.044249
-0.514469
0.0457584
0.191808
-0.189374
-0.0724303
1.6604
-0.072912
0.137146
-0.720943
-0.230457
0.239404
0.3346
-0.0918919
0.718217
0.0254184
-0.629934
0.238005
0.321912
-0.460945
-0.0564665
-0.627571
-0.00590265
-1.69521
-0.0251783
-1.64585
0.125816
0.957182
-0.191425
-0.320827
0.274503
0.115056
-0.604955
0.105143
-0.815023
0.184577
-0.0867162
-0.740032
-0.0524931
-0.114897
0.19132
-0.227862
-0.845883
0.176866
0.389789
0.2116
-0.125648
0.489406
0.282315
0.142525
0.0245883
0.383466
0.0482664
0.650493
-0.0109197
0.688485
0.0835251
1.30747
-0.0209246
-0.565089
0.152719
0.518653
-0.0288883
-1.38821
0.0592644
0.323655
0.389284
-0.0164078
0.678134
0.111676
-0.8296
-0.0124423
0.389013
0.218254
-0.437662
0.280065
-0.0476348
0.642217
0.248779
0.59069
-0.108089
0.420709
-0.0569998
0.837115
-0.151588
-0.874466
0.044271
-1.40492
-0.0279269
0.466983
0.194779
-0.25875
0.675592
-0.00370451
-0.866536
0.0810694
0.0275547
-1.40706
0.0136209
-0.65591
-0.163781
0.0653549
0.78194
0.0391142
1.00655
0.0127758
1.2598
-0.0835278
0.734461
0.141981
-0.00320388
0.430514
-0.364274
0.217872
0.32079
-0.160927
0.986314
0.0157864
0.478661
0.0313275
-1.51183
0.0485968
-1.41541
-0.0916688
1.11961
-0.0127717
-1.54891
0.104114
-0.34268
-0.217268
-0.444446
0.202468
0.0473874
0.479207
-0.317128
-0.134133
-0.314937
0.22657
-0.0908758
-0.718386
-0.0342817
0.68778
0.194055
0.459542
0.177429
0.488679
-0.466583
0.0875371
-0.518834
0.254143
-0.638091
-0.336622
-0.0270785
0.911738
0.0328186
-0.955206
0.14888
0.00480188
-1.51181
-0.14155
0.505266
0.187072
-0.351354
0.123282
0.0933277
0.0055658
-0.209503
0.0868501
0.119655
0.145883
0.184907
0.393753
0.0638838
-1.08391
-0.0884906
0.486714
-0.154244
-0.630953
0.129984
-0.250917
-0.428176
0.293387
-0.448686
-0.321019
-0.0918971
-0.700504
-0.17325
-0.010284
0.295458
-0.0969973
-0.788485
-0.0729888
-0.931794
0.211019
0.276336
-0.0445335
-1.34297
0.0311694
-0.365364
0.279686
-0.0898201
-1.01283
-0.0252484
0.492355
0.059379
-0.196121
-0.695262
-0.0807367
0.170522
0.0411182
1.0875
-0.0806429
-0.775377
0.0621985
0.133013
-0.265419
-0.246213
0.0915526
0.39897
0.168418
-1.14523
0.0543669
-0.390144
0.0989961
-0.296454
0.286377
0.24717
0.332408
-0.20109
-0.215192
-0.63111
0.269019
-0.365699
-0.0850821
0.0355344
-1.86681
0.0297827
0.274563
-0.238843
0.120443
1.20392
0.0793798
-0.277058
-0.543203
-0.24455
0.373957
0.35692
-0.179137
-0.460444
0.215793
0.205319
0.34401
0.211958
-0.129822
-0.465513
0.136554
0.356191
-0.0665555
0.0423201
0.298806
-0.563946
0.116271
0.189711
-0.27125
-0.251993
0.398957
-0.617873
-0.13287
-1.42631
0.107683
-0.335563
0.185606
-0.685501
0.16494
0.514968
-0.160674
-0.0786204
-1.2894
-0.00095689
-0.589954
-0.0186776
0.550363
-0.0112181
0.873596
0.0812415
-0.19035
0.145367
1.17193
-0.078896
-0.0364153
-0.441136
0.0318639
-0.750894
0.023096
0.886067
-0.0971087
-0.303054
0.133012
0.794616
0.050892
-0.0511793
-1.58796
-0.0558704
0.429849
-0.147699
-0.584062
0.0485807
-0.757581
0.0951741
-1.09901
0.119402
-0.159
0.954653
0.0412254
0.148931
0.945341
-0.107288
0.639677
-0.0681325
-1.15993
0.0542868
-1.36776
-0.0279668
-0.871309
-0.0888075
-0.28849
0.464321
0.128913
0.509409
-0.301079
0.282981
0.0274158
0.847553
-0.0592554
-0.22456
-0.616
-0.0895174
-0.051713
0.111684
-1.30588
0.0293357
1.37182
0.0250594
-0.517764
0.123643
-0.446596
-0.201789
0.104187
-0.614601
0.17403
-0.00145198
-1.26869
0.0693229
0.214286
-0.599118
0.0288058
0.223429
0.585522
0.0725241
0.943094
-0.00512634
1.38078
0.00796848
1.02022
0.102478
0.0353504
0.237784
0.525455
0.0762458
0.559939
0.118039
-1.61516
0.0227521
1.32141
0.0390502
-1.47429
-0.0441137
-0.514176
0.106302
-0.166086
-0.468964
0.458367
-0.448686
-0.387622
0.0573217
0.200643
0.644143
0.160974
0.127443
0.58234
-0.290012
0.216952
-0.376938
-0.196839
0.0241628
-0.208952
-0.326579
-0.231984
0.0696037
-0.427006
-0.33165
-0.0888225
-1.41877
0.0193632
-0.586493
0.0166786
-0.0917389
-0.153914
-1.08893
0.122036
1.15469
0.138482
-1.14791
-0.0271571
1.11862
-0.114997
-0.634313
0.437994
0.122229
0.492031
0.0111443
-0.919729
-0.0426762
-0.676602
0.128691
-0.731746
-0.176852
-0.440922
-0.141879
0.57578
0.224137
0.201831
-0.0293045
-1.33074
0.0340717
-0.105348
-1.2209
0.0180851
-0.138246
0.927986
0.000726623
0.0537347
1.06604
-0.187303
0.270195
-0.0539953
1.11668
0.141221
-0.724352
0.0255381
0.365503
-0.168636
0.0656343
0.581675
0.181066
0.0518328
-0.0184974
-1.7088
0.0887134
-0.599862
0.0598119
0.540898
-0.285941
-0.219421
-0.0210205
0.649177
0.0304872
0.890265
-0.190604
-0.19682
0.467464
-0.232411
0.278178
0.347907
-0.0962421
0.127788
-0.271914
0.0750941
0.22597
-0.217973
-0.438316
-0.0782457
-0.462864
-0.370229
0.253915
-0.394547
0.396358
-0.429646
-0.150441
-0.577695
0.176217
-0.106757
0.785794
-0.120561
-1.05906
-0.171707
0.0801883
0.0824532
-0.892269
0.0158685
0.252939
0.493095
-0.335829
-0.509624
0.0299849
0.593528
-0.0714449
0.154032
-0.239116
0.130277
0.0618944
2.27577
0.0187284
-0.486104
-0.0421465
-0.22156
-0.542829
0.221841
0.0118995
0.622999
0.0346613
-0.336649
0.181185
0.265815
-0.650783
-0.018195
0.0255673
-1.46482
-0.00702351
3.4504
0.00153852
-0.995165
-0.067208
0.55479
-0.497544
-0.133748
-0.498934
0.0530526
0.41561
-0.0760996
-0.0605538
-0.400018
0.47196
0.00701602
-0.518612
0.166706
0.70774
0.107349
0.942427
-0.121806
0.394491
0.029783
1.03817
-0.0861976
0.331743
0.164604
-0.0562165
1.21997
0.101279
-0.499352
-0.195887
-0.146634
-0.488461
-0.0493635
0.217445
-0.06575
-0.522755
0.326006
-0.226216
-0.102659
-0.355448
-0.104231
-0.638157
0.06698
-0.878124
-0.194408
0.0382124
-0.239896
0.118855
0.0287087
-0.891084
-0.00792515
-1.33335
-0.0702321
-0.259232
0.0628531
1.48735
0.0540894
-0.323356
0.853671
0.0674673
0.0951326
-1.08706
0.0304608
0.967791
0.14916
-0.572107
0.230901
0.242032
-0.500979
0.444689
-0.0705931
-0.177236
0.356697
-0.0444629
2.13909
0.0186759
-0.187888
0.805044
0.00448953
-0.475846
-0.0348253
-0.172159
0.508248
-0.515205
-0.0666963
-0.452694
0.217091
0.227842
0.419149
-0.0743609
1.28564
0.134903
-0.316533
0.153051
-0.28304
-0.0678975
-0.367644
-0.49843
0.362589
0.23943
0.179738
-0.707089
0.0966079
-0.985878
0.167061
-1.03176
-0.0323399
-1.48545
-0.0485128
-0.567482
0.115587
0.562936
0.36093
0.0642116
-0.659983
0.117312
0.895537
-0.217272
-0.307817
-0.0696914
-0.40517
-0.175166
-0.32506
0.202704
0.00376873
-0.324822
0.179613
0.000111183
0.0499768
-0.144755
-0.653993
0.0854918
-0.154748
0.551654
0.105241
-0.097091
0.195467
-0.188208
0.274797
-0.208194
-0.225955
0.954345
0.0951149
-0.366139
-0.0505156
0.560671
0.043867
1.02051
0.136052
0.0979387
-0.572099
0.151505
-0.777636
-0.332149
0.263489
-0.0234358
-0.946167
-0.144587
-0.239715
0.411167
-0.206439
0.281301
-0.0483052
0.153288
-0.472458
0.272825
-0.241163
-0.81767
0.0213648
-1.00189
0.0434266
0.262916
-0.120989
0.535975
-0.0792294
-0.363086
0.379853
0.065509
0.0550332
0.713718
-0.130917
-1.06552
-0.0421957
-0.813691
-0.0209018
-0.333521
-0.0984526
-0.569497
0.136368
1.59276
-0.078253
0.401488
0.476724
0.0698475
-0.817348
0.0514316
-0.188299
-0.248933
0.277566
0.440861
-0.194644
-0.767022
-0.145338
0.759711
-0.0686761
0.303028
-0.0380337
0.7958
-0.0680369
0.0172138
-0.741522
0.215368
-0.040991
-0.772324
-0.113296
0.361934
-0.104179
1.59364
0.0197605
0.431822
0.027264
0.109939
-0.740075
0.0256969
0.147636
0.145441
-0.306534
-0.133216
0.335635
0.192176
-0.434642
0.205068
0.085084
-1.82134
-0.0047109
-0.754509
0.136571
-0.287172
-0.420489
0.154103
0.941324
0.0668014
0.212027
0.103851
-0.60497
-0.0414668
1.67482
-0.0648349
-0.307863
0.104841
-1.02887
0.17559
-0.00651553
-0.399998
0.11477
-1.13703
0.129771
0.00628811
0.503544
0.199558
-0.196385
-0.408886
-0.312876
-0.268748
0.345793
0.466473
0.157847
0.221378
0.229951
-0.234215
0.23307
0.136043
-1.14332
0.0253067
-1.18789
-0.096606
0.13502
0.277092
0.14268
-0.945679
0.0660534
0.0985971
0.768587
-0.167755
-0.175946
-0.478009
-0.199763
-0.173244
-0.00258872
-0.38253
0.590174
0.256405
-0.0537593
-0.645471
0.0320328
-1.19393
-0.124033
0.362996
-0.324801
0.527406
-0.0294102
1.85502
-0.0232145
0.409553
0.285247
0.302306
0.606816
0.0127321
-0.456562
0.114544
0.210299
0.501064
0.352174
-0.321927
-0.137965
0.52635
0.00577845
0.485607
-0.127374
0.346214
-0.131595
-1.47276
0.0249507
-0.341233
-0.215031
-0.312655
-0.0693062
0.0954538
0.350095
0.10659
-0.0497065
-0.0910409
0.156812
-0.928686
0.0729936
0.82023
0.0987984
-1.00754
-0.0355583
1.40022
-0.0662233
0.682592
-0.305455
-0.454808
0.0455333
-0.205879
0.457212
-0.254457
0.0481888
0.300354
-0.23314
0.165826
-0.277543
-0.41382
-0.200048
0.510613
-0.00718424
0.660927
-0.12759
0.213836
-0.751646
0.0517168
0.541547
-0.0340548
2.09257
0.0564429
0.943759
-0.00872407
0.374967
0.52351
-0.000647678
-0.37169
-0.0548424
0.96387
0.0689498
-0.359979
0.0242667
-1.14579
0.111986
0.124745
0.661844
0.274362
0.289113
0.14708
-0.338747
-0.109826
-0.67501
-0.00569175
-0.280679
-0.393072
-0.00539822
0.163044
0.531244
0.286926
-0.440056
0.346565
0.41415
-0.183317
0.480537
0.145184
-0.779065
0.0318218
0.851111
0.039098
-0.71077
-0.0202229
0.199111
0.361398
-0.313251
0.40986
0.0975127
-0.878768
-0.0577216
0.727861
0.0962437
0.0730048
0.531659
0.0801826
1.57502
0.0554322
-1.20602
-0.0555233
1.90181
0.0292669
-1.21536
-0.19165
-0.0187556
-0.873393
0.0155093
-0.47288
-0.172919
-0.181911
-0.254722
0.31473
0.152038
0.0651373
-1.13608
-0.142332
0.600445
-0.0377087
-1.26578
0.0217034
-0.290436
0.263264
0.27696
0.308364
0.373285
0.0542432
0.50367
0.0793948
-0.804584
-0.132038
-0.518223
0.288939
-0.434116
-0.00687354
0.682349
-0.0256351
-1.59836
-0.00172739
-0.632594
0.236946
0.27273
-0.323771
0.222511
-0.797513
0.184529
-0.227849
0.358435
0.230418
-0.255649
0.40448
-0.246299
0.308223
-0.393997
-0.0860646
-0.356375
-0.0426191
-1.2694
-0.0697064
1.63711
-0.0144052
-0.674288
0.121025
-0.0730892
1.62784
-0.0229051
-0.867859
-0.0367052
-0.528577
-0.32401
-0.0912514
-0.76264
-0.0643951
-0.143309
-0.892684
-0.0114158
1.71535
0.00515713
1.14853
0.0130304
0.57287
0.245003
0.472713
-0.134779
0.00622476
0.467406
-0.054536
-0.420824
0.407177
0.369015
0.0570174
1.41071
0.134015
0.438875
0.0517868
-1.11426
0.0532566
0.566159
-0.280313
0.469987
-0.0808319
0.160363
-0.564266
0.235716
-0.149432
-0.373154
-0.278735
0.328011
-0.0712453
0.305838
-0.477076
0.237334
-0.240082
0.569197
0.113431
-0.404551
-0.570264
0.147814
0.5599
-0.0386962
0.289332
0.00739864
0.0783083
0.0331018
-0.350165
-0.219966
-0.675438
0.143371
-0.360685
0.49654
0.131592
-0.148547
-0.29422
-0.051248
0.825066
0.0139637
-0.720416
-0.287434
-0.31988
0.367218
0.0976651
0.147868
-0.14928
-0.229797
-0.154184
-0.675057
-0.0328525
0.0806046
-0.450672
0.28607
-0.272628
-0.706909
-0.236755
-0.120162
0.0840948
0.0354444
1.24793
-0.130632
-0.923974
0.043129
-0.573869
0.105336
-1.085
0.0786045
0.543694
0.0822669
0.327453
0.565065
0.219078
0.260773
0.0567688
-2.39919
-0.0319304
0.155536
-0.867798
0.152187
0.364198
0.201483
-0.180701
-0.965312
-0.21813
0.189155
-0.39359
-0.122658
0.0834528
-1.85721
0.0430496
-0.714323
-0.105579
-1.821
-0.0183338
1.59267
0.0238085
-0.106541
-0.818874
0.111145
0.633699
0.394902
-0.148955
-0.213217
0.168827
0.0291513
0.793823
0.170518
-0.58307
-0.0781599
-0.151143
0.271082
-0.296999
0.213289
-0.239963
-0.350545
-0.059404
0.446355
0.0165556
0.836704
0.0356559
1.03323
-0.00490701
0.869856
0.261233
-0.0627736
1.50219
0.0811566
0.431936
0.0029065
-0.350431
0.352672
-0.121044
0.332474
-0.426944
-0.0201247
-1.89586
0.0114138
0.886136
-0.0422018
0.00841097
-0.950629
-0.179355
0.195624
0.166772
-0.453902
-0.268786
0.353582
0.0940878
-0.92172
0.160973
-0.104509
0.544021
0.18355
0.488208
-0.0243013
-0.0799913
0.899343
-0.100641
-0.228238
-0.787398
0.177605
-0.351042
0.319553
0.297328
-0.242516
-1.15088
-0.0498409
0.484137
0.159806
0.632968
-0.0249548
-0.14613
0.221874
-0.397836
-0.123288
-0.33129
-0.553908
0.24847
0.884454
0.124361
-0.776702
-0.0470426
0.578848
0.0134135
0.179532
0.635987
0.24942
0.0389729
0.235392
0.550707
0.0165143
0.034136
0.687955
-0.20756
0.367471
-0.118643
-0.0939218
0.761066
-0.0298116
-0.69235
-0.00518552
-0.713774
-0.0099438
-2.07224
-0.118485
-0.309925
0.419645
-0.292044
0.355567
0.0889113
0.114096
0.380345
-0.0527346
-0.382956
-0.158308
0.308146
0.0138941
-0.0385078
-0.177401
0.156538
0.0016562
-0.135874
-0.572572
-0.0781195
0.709506
-0.195609
-0.0820553
0.34091
0.335944
0.0980631
-0.307642
0.137804
1.05693
0.0549656
-0.115072
0.0644732
-0.354684
-0.145782
0.0903094
0.232569
0.086317
-0.770483
-0.167002
-0.671856
0.123575
-0.322019
0.366556
0.248425
-0.154899
-0.266207
-0.414086
-0.221227
0.207433
-0.736408
-0.094523
-0.166142
-0.405213
-0.473425
0.0507235
0.0668312
0.446438
-0.216582
0.235276
-0.249144
0.451201
-0.402024
0.071526
1.56313
-0.0371152
-0.784296
-0.0243189
0.922449
-0.180621
0.37765
0.038549
0.830073
0.0311949
0.34441
-0.0157369
0.196295
0.191668
0.335794
-0.0236576
-0.234467
-0.186964
-0.0569751
0.886578
0.0883221
0.203182
0.185586
-0.0227025
0.266578
1.18816
0.0393996
0.164281
-0.362574
-0.0487945
1.66068
0.0349422
1.53044
0.0702513
0.601418
0.0265195
0.243888
-0.569633
0.0672507
1.7895
-0.0153274
-0.0528844
1.36161
-0.13469
0.781946
-0.00470878
1.12984
0.0434322
-0.344392
0.503479
0.04343
0.0180416
0.00438437
1.12778
-0.119716
-0.0277559
0.293145
-0.366608
-0.298657
-0.320124
-0.207254
0.698088
-0.0384229
1.04216
0.0892687
0.263484
0.269546
0.757407
0.0179853
2.53134
0.0430342
0.889093
0.0166577
0.27777
-0.287632
0.0694258
0.750869
0.0939038
-0.14153
0.253137
-0.794398
0.107835
-0.299325
0.00995449
-0.0941376
-0.243022
0.526067
0.173383
0.929506
-0.0944049
-0.742791
0.00169364
0.359044
-0.325457
-0.151704
-0.0636079
0.689536
-0.173972
-0.182311
0.242048
0.130863
-0.241354
0.377969
0.0378171
0.0693036
0.330139
0.0876323
0.855945
-0.136476
0.971018
0.0127697
-1.88472
0.0295419
1.14845
0.0459158
-1.29314
-0.158806
0.79417
-0.260091
-0.322215
0.0722888
0.954959
-0.0998125
0.314519
0.293001
-0.0431313
0.737098
-0.00701371
0.596083
0.0765426
-0.441363
0.136169
0.0428531
1.65133
-0.0520899
-1.35692
0.0765829
0.318876
0.285795
0.111815
-0.605235
0.0950678
-0.777334
0.0192434
1.72821
-0.0066371
-0.871758
-0.044075
