0.11138
-0.672309
0.11138
-0.672309
0.11138
-0.859581
0.11138
-0.859581
-0.122339
-0.344418
-0.122339
-0.189615
0.143108
-0.189615
-0.106454
-0.189615
-0.106454
-0.189615
-0.106454
-0.189615
-0.118198
0.439077
-0.118198
-0.229786
0.288516
0.3253
0.500404
0.3253
0.407263
0.3253
0.407263
-0.264688
0.407263
-0.264688
0.407263
0.286101
0.407263
-0.00968568
-0.170928
-0.52229
0.100596
-0.708117
-0.126383
0.0216947
0.254868
0.147322
0.254868
0.147322
-0.0309905
0.65059
-0.0309905
0.65059
-0.216006
0.163314
0.303683
0.163314
-0.539066
0.163314
0.195318
0.0315469
-0.565886
0.0315469
-1.42699
0.0315469
-1.12206
0.0315469
-0.483727
0.0315469
-1.30738
0.0315469
-0.422075
0.0406936
-1.27925
0.0406936
-1.27925
0.0406936
-1.27925
0.0406936
-0.747976
0.0406936
0.0174145
0.907394
0.0174145
0.0836197
0.300148
0.0836197
0.300148
0.463897
0.300148
0.463897
0.12534
0.644219
0.12534
0.00153818
0.12534
0.308947
-0.170149
0.308947
0.3228
0.308947
0.3228
0.308947
0.3228
-0.350852
0.3228
0.506122
-0.320154
0.571996
0.0699841
0.795037
0.0699841
0.188453
-0.411879
0.0272265
-0.951619
0.0272265
-0.236652
-0.0119452
0.60719
0.019581
0.60719
0.019581
1.48775
0.019581
1.48775
0.019581
1.37205
0.019581
1.13349
0.019581
1.13349
0.019581
1.36711
-0.0133461
1.36711
-0.0133461
0.822245
-0.0133461
0.868905
-0.0133461
0.812457
0.144214
0.325869
0.144214
0.325869
0.144214
0.325869
0.144214
-0.0471114
0.989103
-0.0471114
0.2186
-0.0471114
0.750161
-0.196527
-0.0644797
0.00860675
-0.735794
-0.209758
-0.735794
-0.209758
-0.932999
-0.209758
-0.219879
-0.1793
-1.03916
-0.1793
-1.03916
-0.1793
-1.03916
-0.1793
-0.182119
-0.1793
0.118828
-0.1793
0.261622
-0.1793
0.261622
-0.14582
0.261622
0.11007
0.188891
0.11007
-0.474679
0.224295
-0.474679
-0.190566
-0.517232
-0.190566
-0.0163707
-0.385636
-0.0163707
-0.0981546
-0.0849644
0.264293
-0.0849644
-0.730977
-0.0849644
-0.840988
-0.0849644
-1.42458
-0.0849644
-1.50091
-0.0849644
-1.50091
-0.0849644
-1.50091
-0.0849644
-0.986064
-0.0849644
-0.986064
-0.0849644
-0.718702
-0.0849644
-0.716443
0.0167043
-0.677027
0.0167043
0.313546
-0.121274
0.625233
-0.121274
-0.363624
-0.121274
-0.914298
-0.121274
-0.914298
-0.121274
0.000520178
0.406084
0.25593
0.406084
0.253584
0.406084
-0.299499
0.31478
-0.299499
0.31478
0.0615717
-0.413911
0.0615717
0.211206
0.0615717
0.293485
0.0615717
0.478733
0.0615717
0.743363
0.0615717
0.265459
0.0615717
-0.0293075
-0.483762
-0.0955534
0.340879
0.411396
0.0132377
0.404328
0.0297251
1.13609
0.0297251
1.13609
0.0297251
2.04756
0.0297251
1.6059
0.0297251
1.35668
0.0297251
1.06197
0.0297251
0.227659
0.0297251
0.541718
0.0297251
0.225646
0.0297251
-0.599507
0.0297251
-0.978107
0.0297251
-0.978107
0.0297251
-0.212676
0.0572143
-1.20894
0.0572143
-0.423421
0.0572143
-0.327043
0.0772536
-0.327043
0.0408917
0.0570243
-0.106478
0.152794
0.441542
0.32642
0.441542
0.32642
0.41162
0.32642
0.41162
0.32642
-0.0232368
0.0553816
0.318453
0.0553816
-0.0576351
0.668548
-0.0576351
0.668548
-0.0576351
-0.0409804
0.00212315
-0.530506
0.00212315
-0.527568
0.00212315
-0.266733
0.189286
0.679352
-0.106748
0.721095
-0.106748
0.751297
-0.106748
0.618932
-0.106748
0.309928
-0.106748
0.309928
0.183646
0.309928
0.185289
-0.42451
0.185289
-0.42451
0.185289
-0.42451
-0.551075
-0.42451
0.240657
0.500074
0.240657
0.500074
0.0913955
0.800215
0.0283662
0.800215
0.0283662
0.186404
-0.32849
0.224402
-0.252353
-0.103278
-0.454934
-0.103278
-0.44647
-0.103278
0.127132
0.439396
0.127132
0.248263
0.449729
0.248263
0.420289
0.248263
-0.244408
0.248263
0.322756
0.248263
0.322756
0.129481
0.322756
0.360895
0.322756
0.360895
0.322756
0.304835
0.166158
0.685498
0.166158
-0.159041
0.311436
0.328932
0.311436
0.328932
0.311436
-0.232128
-0.238069
-0.297273
-0.238069
0.526867
-0.238069
-0.102045
-0.818259
-0.102045
-0.818259
-0.102045
-0.818259
-0.102045
-0.593363
-0.243135
-0.560002
-0.0528441
-0.581505
-0.0528441
-0.581505
-0.0528441
-0.303225
-0.113834
0.211727
-0.203241
0.211727
-0.203241
-0.59748
-0.203241
-0.696467
-0.203241
-0.833936
-0.0962663
-1.01447
0.0406292
-1.07894
0.0406292
-1.52428
0.0406292
-1.45709
0.0406292
-1.32531
0.0406292
-1.32531
0.0406292
-1.32531
0.0406292
-1.5748
0.0406292
-1.5748
-0.0748764
-1.27516
-0.0748764
-0.482309
-0.19266
-0.387436
-0.19266
-0.387436
-0.207
0.417664
-0.207
0.309918
-0.207
0.430102
0.457244
-0.319092
0.551394
-0.319092
-0.253289
-0.46559
-0.253289
0.0846512
-0.253289
0.0846512
0.501338
0.0846512
0.258943
0.0846512
0.754173
0.0846512
0.974754
0.0846512
0.0999773
0.325004
0.0999773
-0.104783
0.850336
-0.104783
0.850336
-0.104783
-0.0232745
-0.603206
-0.0393835
-0.483117
-0.172363
-0.483117
0.204256
-0.483117
0.00405074
-1.21396
0.00405074
-0.620576
0.00405074
-0.321023
0.319142
-0.321023
0.475451
-0.321023
0.475451
-0.321023
0.328846
-0.321023
0.429562
-0.321023
0.553946
-0.321023
0.155495
0.112766
-0.149667
0.112766
0.818653
0.112766
0.498644
0.112766
0.498644
0.112766
-0.0366011
0.112766
0.408958
0.112766
-0.319669
-0.111339
-0.236727
0.37611
-0.236727
-0.28803
-0.236727
0.0103034
0.0205346
0.352532
0.0403991
0.032661
1.03995
0.032661
1.03995
0.032661
0.304808
0.032661
0.304808
0.032661
0.684738
0.032661
1.03686
0.032661
0.973077
0.032661
0.973077
-0.0459467
1.11418
0.0180819
1.11418
0.0180819
0.249016
0.0180819
0.249016
0.0180819
0.799695
0.0180819
0.379029
0.0180819
-0.55205
0.0180819
0.435572
0.0180819
-0.310641
-0.178218
0.5913
-0.178218
-0.26871
-0.637547
-0.26871
-0.834544
-0.26871
-0.834544
0.180059
-0.734693
0.180059
0.189985
0.678974
0.189985
0.678974
0.189985
0.678974
0.189985
0.515338
0.189985
0.515338
0.189985
0.515338
-0.191195
0.395239
-0.191195
0.640675
-0.191195
0.274777
0.507906
-0.129146
-0.347553
0.111202
-0.347553
0.111202
-0.347553
0.111202
-0.077733
-0.805576
-0.077733
-0.805576
-0.22522
-0.805576
-0.22522
-1.11583
-0.292698
-1.01202
-0.292698
-1.01202
-0.292698
-1.01202
-0.292698
-1.01202
-0.292698
-1.01202
-0.292698
-1.01202
-0.292698
-0.0235961
-0.0896859
-0.820742
-0.0896859
-0.0188137
-1.02009
-0.0188137
-1.96519
-0.0188137
-1.39684
-0.0188137
-1.39684
-0.0188137
-0.631723
-0.0188137
-0.810117
-0.0188137
-0.131805
-0.969033
-0.131805
-0.933581
-0.131805
-1.01944
-0.131805
-1.01944
-0.131805
-1.01944
0.0540801
-0.804674
0.0540801
-1.12876
0.0540801
-0.276911
0.0613269
0.419731
0.0613269
0.253914
-0.10454
0.929297
-0.10454
0.929297
-0.10454
0.77353
-0.0569413
0.643681
-0.0569413
0.770009
-0.0569413
0.341611
-0.107796
-0.34064
-0.0242996
-0.196424
-0.0242996
-0.720773
-0.0242996
-1.59985
-0.0242996
-0.902981
0.115419
-0.345628
0.091055
0.275058
0.091055
0.275058
0.531054
0.275058
0.531054
0.275058
0.531054
0.28008
-0.22614
0.142896
-0.476184
0.142896
-0.476184
0.142896
0.468086
-0.213766
0.506879
-0.213766
0.569858
-0.213766
0.546715
0.164586
0.565985
0.164586
0.300861
0.164586
-0.00791713
-0.40586
-0.346142
-0.283683
-0.22787
0.601295
-0.22787
0.601295
-0.22787
0.601295
-0.22787
0.705766
-0.22787
0.453159
-0.134922
0.372305
0.233415
0.372305
0.233415
-0.133082
0.233415
0.176066
0.233415
0.176066
0.233415
0.225332
0.0440026
-0.057269
0.674127
-0.057269
0.674127
-0.057269
0.674127
-0.057269
1.23736
-0.057269
0.798993
-0.057269
1.69367
0.0539116
1.69367
0.0539116
1.46608
0.0539116
1.78448
0.0539116
1.78448
0.0539116
1.36047
0.0539116
1.36047
0.0539116
1.36047
0.0539116
1.54506
0.0539116
1.54506
0.0539116
0.75265
0.0539116
-0.109611
0.0980218
0.287496
0.0980218
0.287496
-0.0889786
-0.0154821
-0.0889786
-0.00482496
0.617023
-0.00482496
1.39216
-0.00482496
0.551815
0.134025
0.551815
0.134025
-0.0975819
-0.10206
-0.30638
-0.0768803
-0.672159
-0.0768803
-0.672159
0.357704
-0.0943337
0.9557
-0.0943337
0.9557
-0.0943337
0.73792
-0.0943337
0.73792
-0.0943337
0.182198
-0.00412648
-0.58269
-0.00412648
-0.983409
-0.00412648
-0.521655
-0.00412648
-0.521655
-0.00412648
-0.353993
-0.00412648
0.100222
-0.00412648
0.0640295
-0.371957
0.0640295
-0.371957
0.0640295
-0.371957
0.0640295
-0.371957
0.0640295
-0.509375
0.105953
-0.509375
0.105953
-0.509375
-0.410033
-0.509375
-0.162797
0.00367289
0.37935
0.00367289
0.0394638
0.162565
0.327916
0.162565
0.327916
0.162565
0.327916
0.254306
-0.305704
0.426171
-0.305704
-0.0910121
-0.305704
-0.0910121
-0.666618
-0.0910121
0.0224658
-0.654999
0.0224658
-1.10893
0.0224658
-0.115028
0.882897
-0.242807
0.256435
-0.242807
-0.397009
0.153106
-0.42435
0.153106
-0.00521961
1.06608
-0.00521961
0.545369
-0.00521961
0.545369
-0.00521961
0.720121
-0.00521961
0.116084
-0.72558
0.116084
-0.72558
0.116084
-1.10577
0.116084
-0.798796
0.116084
0.0488751
-0.0679499
-0.92061
-0.0679499
-1.07455
-0.0679499
-0.666551
-0.0679499
-0.666551
-0.0679499
-0.643227
-0.0679499
-0.288185
-0.0679499
-0.491539
0.201598
0.0147163
0.219419
-0.364805
0.219419
0.0739127
0.219419
0.0739127
0.333826
0.0739127
0.21614
0.0739127
-0.531148
0.0739127
0.0639196
0.633018
0.0639196
0.633018
0.127894
0.496541
0.127894
0.866233
0.127894
0.0538782
0.076642
-0.495345
0.076642
-0.472738
0.233367
-0.403533
0.233367
-0.455684
0.233367
-0.157943
0.283703
-0.157943
0.283703
-0.157943
0.283703
-0.0255695
0.173043
0.3575
0.173043
0.3575
0.173043
0.69008
0.173043
0.377003
0.173043
-0.422305
0.173043
-0.0723262
-0.553766
-0.0723262
-0.553766
-0.0723262
-0.43944
-0.536789
-0.43944
-0.482242
-0.43944
-0.482242
-0.43944
0.465294
-0.43944
0.465294
-0.43944
0.465294
-0.00755397
0.548884
-0.00755397
0.548884
-0.00755397
0.468404
-0.00755397
0.246802
-0.118641
0.0873198
0.0475199
0.0873198
0.969083
0.0873198
0.969083
0.0873198
0.646324
0.0873198
-0.159426
0.189145
-0.159426
-0.054441
0.69517
-0.054441
0.69517
-0.054441
0.109543
-0.054441
0.0117394
0.0258073
0.149122
-0.106211
0.293389
-0.134658
-0.101306
0.00342441
-0.200038
-0.256277
-0.146565
-0.256277
0.1331
0.183856
-0.0679908
0.338373
-0.0679908
0.652088
0.190084
0.697149
-0.043252
0.634724
-0.109599
0.634724
-0.109599
-0.090092
0.275652
-0.090092
-0.280232
-0.090092
-1.00337
-0.090092
-1.59027
-0.090092
-1.59027
-0.090092
-1.59027
-0.090092
-2.47095
-0.090092
-2.47095
-0.090092
-1.86361
-0.090092
-1.86361
-0.090092
-1.22864
-0.090092
-0.90668
0.119651
-0.90668
0.292015
-0.90668
0.292015
-0.90668
0.292015
-0.202139
0.26882
-0.386362
0.26882
0.23568
0.26882
-0.516636
0.26882
-0.50372
0.26882
-0.50372
-0.1408
-0.50372
-0.1408
-0.50372
-0.1408
-0.321681
-0.1408
0.194765
0.339865
0.194765
0.145809
0.194765
0.145809
0.422742
0.145809
-0.479985
0.145809
-0.479985
-0.130219
-0.479985
-0.130219
-1.01181
0.029332
-1.01181
0.029332
-1.01181
0.029332
-0.929085
0.029332
-0.929085
0.029332
-1.19401
0.029332
-0.985313
0.029332
-1.53037
0.029332
-0.654552
0.029332
-0.926102
0.029332
-0.926102
0.029332
-1.01386
0.029332
-0.643548
0.029332
-0.44614
0.195412
-0.257488
0.195412
-0.257488
0.195412
-0.502652
0.195412
-0.502652
0.195412
-0.277028
0.195412
-0.277028
0.559896
0.321484
0.559896
1.94426e-05
0.403503
1.94426e-05
0.478491
1.94426e-05
-0.505305
1.94426e-05
-0.505305
1.94426e-05
-0.466496
-0.546565
-0.466496
-0.315922
-0.466496
0.234726
-0.466496
0.234726
-0.466496
0.234726
-0.466496
0.238225
-0.26226
0.238225
-0.26226
0.238225
0.515619
0.238225
0.515619
0.238225
-0.112652
-0.176815
0.313737
-0.176815
0.313737
-0.176815
0.313737
-0.176815
0.313737
0.248062
0.313737
0.248062
0.273813
0.224659
0.172993
-0.37858
0.172993
-0.37858
0.172993
-0.37858
0.172993
-0.0235829
0.882539
-0.0235829
0.871685
-0.0235829
0.131072
0.632789
0.131072
0.165352
-0.314384
-0.237287
-0.314384
-0.237287
0.426652
-0.237287
-0.523892
-0.237635
-0.81386
-0.125063
-0.81386
-0.125063
-0.856059
-0.125063
-0.0937907
0.825685
0.0220133
-0.0895071
0.169514
0.396088
0.169514
0.396088
0.169514
0.396088
-0.00635731
0.283125
-0.109622
-0.313491
0.0105143
-0.631442
-0.0253026
-0.176527
0.304736
-0.176527
0.50483
-0.321595
0.452684
-0.102819
0.18918
0.0750123
0.67323
0.0750123
-0.118311
0.0750123
-0.225802
0.0750123
-0.565324
0.0750123
-0.565324
0.0750123
-0.5713
0.0750123
-1.18766
0.0750123
-0.689058
0.0750123
-1.23607
0.00960255
-0.674899
-0.0945551
-0.674899
-0.0945551
-0.38371
-0.0945551
-0.216192
-0.0945551
-0.277581
0.0675876
-0.277581
0.0675876
-0.352237
0.0675876
-0.352237
-0.397168
0.33936
-0.397168
0.33936
-0.23308
0.33936
-0.424572
0.33936
0.0184244
-0.337463
0.240942
0.368781
0.240942
0.121597
0.282835
0.121597
0.282835
0.121597
0.909458
0.121597
0.669079
0.121597
0.669079
0.121597
0.669079
0.150421
1.11439
0.150421
1.11439
-0.0623976
0.750287
-0.047662
1.27212
-0.047662
1.27212
-0.047662
1.27212
-0.047662
0.461632
-0.047662
-0.0965094
-0.411155
0.15391
-0.573858
0.15391
-0.208219
0.15391
-0.208219
-0.131071
-0.0885274
0.839938
0.287229
0.839938
0.287229
0.428717
0.287229
0.0791071
0.589587
0.0791071
0.777388
0.103319
0.777388
0.103319
0.777388
0.103319
0.591346
0.103319
0.591346
0.103319
0.126739
0.387043
0.126739
0.465896
0.126739
0.465896
0.126739
-0.00678277
0.904187
-0.00678277
0.00899033
0.45477
0.00899033
0.140619
-0.80543
0.140619
-0.80543
0.140619
-0.80543
0.140619
-0.80543
0.140619
-0.80543
-0.0607367
-0.80543
0.168949
-0.80543
0.168949
0.00243168
-0.0803616
-0.298859
-0.0803616
0.408132
0.366561
0.16958
0.366561
0.16958
0.612222
-0.255328
0.612222
0.271601
0.612222
0.263719
0.329104
-0.365585
0.329104
-0.655567
-0.220829
-0.168138
-0.220829
-0.653538
-0.220829
-0.0651251
0.375123
-0.0651251
0.544347
-0.0651251
0.222663
-0.0651251
-0.561613
-0.0651251
-0.507096
-0.0651251
0.0472585
-0.0651251
-0.599058
0.269983
-0.599058
-0.0827476
-0.219037
0.350227
-0.219037
0.350227
-0.219037
0.350227
-0.219037
0.286033
-0.219037
0.453055
-0.219037
0.0894486
0.501608
0.0894486
-0.301956
0.0894486
-0.932917
0.0894486
-1.26058
0.0894486
-0.402462
0.0289339
-0.122765
0.545866
-0.122765
0.545866
-0.122765
0.545866
-0.00869977
-0.452726
-0.00869977
-0.137699
-0.703058
-0.137699
-0.660261
-0.00940852
-0.825994
-0.00940852
-0.184766
-0.00940852
-0.54679
-0.00940852
-0.808499
-0.00940852
-0.0300105
0.649403
-0.0811766
1.18244
-0.0811766
0.511029
-0.0811766
0.559282
-0.0811766
0.559282
-0.0811766
0.774805
-0.0811766
0.224467
0.21605
0.224467
0.21605
0.224467
0.21605
0.364125
0.21605
-0.593565
0.21605
-0.593565
0.21605
-0.593565
0.21605
-0.593565
0.21455
0.280453
0.732415
0.280453
0.190116
0.518911
0.190116
0.649652
-0.333529
0.649652
-0.333529
0.649652
-0.335497
0.649652
0.244832
0.649652
0.244832
0.463827
0.377426
0.463827
0.377426
-0.20499
-0.149828
-0.20499
-0.149828
0.211293
-0.149828
-0.39017
-0.149828
-0.169427
-0.149828
0.0691064
0.524931
0.0691064
0.524931
0.0691064
0.721322
0.0691064
0.467332
-0.16028
0.467332
-0.16028
0.426673
0.0152494
0.325749
-0.675107
0.0129139
-0.19988
-0.432731
-0.203562
-0.432731
0.344203
0.0424726
-0.199543
0.542941
-0.230825
0.542941
-0.230825
0.542941
-0.230825
-0.31237
-0.230825
-0.613613
-0.173627
-0.913863
-0.173627
-0.64321
-0.0670741
-0.64321
-0.0670741
-0.171598
-0.0670741
-0.171598
0.476205
-0.171598
0.414161
-0.171598
0.0820661
-0.171598
0.0820661
0.247212
-0.0347627
-0.687829
-0.0347627
-1.64781
-0.0347627
-0.746737
-0.0347627
-0.00635472
-0.787626
-0.00635472
0.198832
-0.00635472
0.41741
-0.00635472
-0.385437
-0.00635472
-0.225082
-0.143578
0.0726202
-0.143578
0.0726202
0.431231
0.319806
0.431231
0.319806
-0.357328
0.319806
0.302167
0.319806
-0.121993
0.0149247
-0.686244
0.0149247
-0.0746036
0.4831
-0.0746036
-0.277591
0.406401
-0.300152
0.406401
-0.300152
-0.345781
0.171709
-0.345781
-0.10398
0.294494
-0.10398
0.294494
-0.10398
0.294494
-0.146757
0.294494
-0.146757
1.03131
-0.146757
0.475998
-0.146757
0.298851
-0.146757
0.298851
-0.146757
0.0438197
-0.762215
0.0438197
-0.762215
0.0438197
-0.400756
-0.137797
-0.400756
-0.277224
0.170378
-0.520614
-0.165776
-0.520614
-0.122105
-0.287433
-0.122105
-1.20585
-0.122105
-1.20585
-0.122105
-1.23844
-0.122105
-1.23844
-0.122105
-1.23844
-0.122105
-1.23844
-0.122105
-0.484285
-0.122105
-0.700227
-0.122105
-0.268213
-0.390881
-0.268213
0.524259
-0.268213
0.524259
-0.268213
0.165891
-0.89723
0.0285454
-0.925555
0.0285454
-1.01823
0.0285454
-0.455859
0.0285454
-0.865403
0.0285454
-0.0606681
0.0285454
-0.320751
0.0285454
0.138888
0.056473
0.138888
-0.380928
0.138888
-0.380928
0.138888
-0.695439
0.138888
0.143572
-0.133509
0.980125
-0.133509
1.2078
-0.133509
1.16313
-0.133509
1.16313
-0.133509
1.10137
-0.133509
1.10137
-0.133509
1.10137
-0.020543
0.572506
-0.020543
-0.244543
0.203765
0.440307
0.203765
0.831522
0.203765
0.609073
0.203765
0.333023
-0.0259421
0.494163
-0.0259421
0.229139
-0.19088
0.720885
-0.19088
0.398547
-0.19088
-0.423817
-0.19088
-0.423817
-0.19088
0.472497
-0.241942
0.140279
0.313957
0.140279
0.313957
0.557097
0.313957
0.0855735
1.30617
0.0855735
1.30617
0.0855735
0.715214
0.0855735
0.715214
0.0855735
0.715214
0.0855735
0.133141
0.0855735
0.133141
-0.510178
0.133141
-0.510178
0.133141
-0.510178
0.133141
-0.585252
0.133141
0.104577
-0.16226
-0.0942403
-1.07886
-0.0942403
-1.00731
-0.0942403
-0.635305
-0.0942403
-1.61498
-0.0942403
-1.91481
-0.0942403
-1.99668
-0.0942403
-1.74226
-0.0942403
-1.74226
-0.0942403
-1.51553
-0.0942403
-1.39361
-0.0942403
-1.39361
-0.0942403
-1.39361
-0.0942403
-0.805307
-0.0942403
-0.805307
-0.106797
-0.0907317
-0.106797
-0.0907317
-0.486232
-0.0907317
-0.912566
-0.0907317
-0.0610212
-0.730404
-0.0610212
-0.356153
-0.0610212
-0.134741
-0.0610212
-0.134741
-0.0610212
-0.118067
-0.0610212
-0.850581
-0.0610212
-0.850581
-0.0610212
-0.850581
-0.0610212
-0.850581
-0.0610212
-0.218459
0.283692
0.2759
0.283692
-0.215225
0.283692
-0.0765679
0.629413
-0.0765679
0.629413
-0.0765679
0.598998
-0.0765679
-0.141997
0.379169
-0.141997
0.379169
-0.141997
0.379169
-0.141997
0.379169
-0.00429688
-0.00180551
0.110775
-0.00180551
-0.0904807
-0.00180551
0.135556
0.297659
0.062408
1.19451
0.062408
1.16097
0.062408
1.16097
0.062408
1.93597
0.062408
1.42072
0.062408
1.39195
0.0968636
0.784807
0.0968636
-0.131386
0.0968636
-0.131386
0.0968636
-0.131386
0.0968636
-0.131386
0.972775
-0.131386
0.972775
-0.131386
0.972775
-0.131386
0.297456
-0.131386
-0.303193
-0.131386
0.182259
-0.131386
0.229872
-0.230616
0.719029
-0.230616
-0.2401
-0.230616
-0.2401
-0.156676
-0.489503
0.286269
-0.489503
0.286269
-0.332237
0.254763
-0.310471
0.254763
-0.172179
0.254763
0.238429
0.254763
0.238429
-0.341934
0.0153316
-0.0192327
0.0153316
0.0970918
-0.684657
0.0970918
0.28227
0.0436333
0.672359
0.0436333
-0.0588813
0.595
-0.0862578
-0.261418
0.113791
-0.261418
0.113791
-0.0492193
0.657158
-0.0492193
0.657158
-0.0492193
-0.208496
-0.261172
-0.120397
-0.234712
-0.200829
-0.232571
0.586463
-0.0315626
0.874664
-0.0315626
0.254939
-0.402981
0.254939
-0.833974
-0.261984
-0.212874
-0.261984
-0.359291
-0.261984
0.388389
-0.261984
0.388389
-0.0123287
-0.468391
-0.0123287
-1.1724
-0.0123287
-1.60456
-0.0123287
-1.56486
-0.0123287
-2.23999
-0.0123287
-2.23999
-0.0123287
-1.56777
0.0395528
-1.56777
0.0395528
-1.56777
0.0395528
-1.59989
0.0395528
-1.72642
0.0395528
-1.4572
0.0395528
-0.94664
0.0395528
-1.06469
-0.209921
-1.49657
-0.209921
-1.49657
-0.209921
-1.49657
0.185868
-1.26636
0.185868
-1.13671
0.185868
-0.484083
0.185868
0.0744755
0.37379
0.20595
0.37379
0.20595
0.37379
0.20595
-0.545159
-0.15681
-0.545159
-0.15681
0.370297
-0.15681
0.66072
-0.15681
0.710392
-0.160363
0.691427
-0.165934
0.691427
-0.165934
0.691427
-0.165934
0.317806
-0.165934
-0.444725
-0.165934
-0.232171
-0.407452
0.218826
0.0204497
0.261625
0.0204497
-0.628508
0.0204497
-1.35565
0.0204497
-0.54112
0.0713438
-0.54112
-0.097163
-0.54112
-0.097163
-0.256845
0.0439217
-0.256845
-0.125787
-0.230179
0.652126
-0.230179
0.652126
-0.230179
0.652126
-0.0674696
0.171564
-0.0674696
1.11533
-0.0674696
1.11533
-0.0674696
1.11533
-0.0674696
1.11533
-0.0674696
0.902233
-0.0674696
0.902233
-0.0674696
0.902233
-0.0674696
0.208072
-0.0674696
0.176969
0.277764
0.176969
0.277764
-0.00806203
-0.0451198
-0.00806203
0.58232
-0.0644391
0.58232
0.258364
-0.271511
0.258364
-0.271511
0.258364
0.312908
-0.505561
-0.0752529
-1.33095
-0.0752529
-1.15917
-0.0752529
-0.167215
0.629393
-0.34053
0.629393
0.188328
0.0617216
-0.784258
0.0617216
-0.300009
-0.217163
-0.300009
-0.217163
-0.300009
-0.13846
-0.300009
-0.072718
-0.00308537
-0.0834495
-0.327932
-0.458603
-0.327932
-0.458603
-0.327932
-0.458603
-0.327932
-0.458603
0.355205
-0.458603
0.355205
0.151314
0.355205
-0.478676
0.355205
-0.478676
0.355205
0.413569
0.355205
0.413569
-0.383308
0.469987
0.157787
-0.325327
0.300173
-0.347537
0.300173
0.139708
-0.538717
0.139708
-0.0259052
1.11916
-0.0259052
0.19956
0.266312
0.19956
-0.432561
0.342835
0.271117
0.218881
0.271117
-0.0811582
-0.0231245
-0.238743
-0.0231245
-0.860679
-0.0231245
-1.23916
-0.0231245
-1.19782
-0.0231245
-1.37287
-0.0231245
-2.27492
-0.0231245
-2.25934
-0.0231245
-2.19806
-0.0231245
-2.44755
-0.0231245
-2.79399
-0.0231245
-2.70797
-0.0231245
-2.70797
-0.0231245
-2.40315
-0.0231245
-1.69574
-0.0776045
-1.69574
-0.0776045
-1.01993
-0.0776045
-0.870109
-0.0776045
-0.881407
-0.0776045
-1.06173
-0.109715
-0.767635
-0.109715
-0.767635
-0.109715
-0.767635
-0.109715
-0.767635
-0.109715
-0.767635
-0.109715
-0.475242
-0.109715
0.000908397
-0.648038
0.000908397
-0.620018
0.000908397
-0.620018
0.000908397
-0.186857
-0.373719
-0.186857
-0.373719
-0.326192
-0.373719
-0.326192
-0.373719
0.375213
0.0433798
0.375213
-0.299518
-0.54343
-0.299518
-0.54343
-0.299518
-0.54343
-0.267222
0.0325209
-0.267222
-0.590043
-0.267222
-0.396255
-0.267222
-0.396255
-0.267222
-0.152794
0.136069
-0.152794
0.391733
0.0385861
1.22869
0.0385861
1.32325
0.0385861
1.32325
0.0385861
0.562938
0.0385861
0.32636
0.0385861
0.577315
0.0385861
1.4947
0.0385861
0.733403
0.175326
1.22217
0.175326
1.22217
0.175326
1.22217
0.0049243
1.22137
0.0049243
0.834166
0.0049243
1.49861
0.0049243
1.68963
0.0049243
1.68879
0.0049243
1.68879
0.0049243
1.94515
0.0049243
1.49438
0.0049243
1.83887
0.0049243
1.86939
0.0049243
1.03592
0.0049243
0.22356
0.45336
0.22356
0.128144
-0.688719
0.128144
-0.569967
-0.0423262
-1.18207
-0.0423262
-1.86289
-0.0423262
-1.26052
-0.0423262
-1.26052
-0.0423262
-0.342458
-0.0166724
-0.1913
-0.680643
-0.1913
-0.680643
-0.1913
-0.504083
-0.1913
-0.504083
-0.1913
-0.504083
-0.1913
0.488526
-0.1913
0.577699
-0.1913
0.132762
-0.28418
0.132762
-1.0599
0.132762
-1.0599
0.132762
-1.0599
0.132762
-1.0599
0.132762
-1.46765
0.132762
-1.46765
0.0409288
-0.520248
0.0409288
-0.097423
0.0409288
-0.0422198
0.987667
-0.0422198
0.987667
-0.0422198
0.445693
-0.0422198
0.691244
-0.0422198
-0.0152055
-0.162099
-0.0152055
-0.718433
-0.0152055
-1.175
-0.0152055
-1.175
-0.0152055
-0.493976
-0.0152055
-0.785731
-0.208591
-0.787489
0.0821949
0.179697
0.0821949
0.329351
0.0821949
0.329351
0.0821949
0.393497
-0.602233
0.393497
-0.602233
-0.0910583
-0.602233
-0.0910583
0.379163
-0.0910583
0.124338
0.459871
0.124338
-0.396621
0.124338
-0.396621
0.124338
0.000975799
0.534889
0.000975799
0.927359
0.182099
0.319671
-0.179466
0.00815503
-0.179466
0.00815503
-0.621335
-0.019234
-0.621335
0.132284
-0.621335
0.132284
-0.764743
-0.119905
-0.764743
-0.119905
-0.225987
-0.119905
-0.731265
-0.119905
0.028315
-0.502594
0.028315
-0.502594
0.028315
0.364828
-0.114136
0.364828
-0.114136
-0.499781
-0.114136
-0.499781
-0.114136
-0.499781
-0.114136
-0.563238
-0.114136
-0.970471
-0.114136
-0.105358
-0.114136
-0.105358
-0.114136
0.180584
-0.365338
-0.257331
-0.365338
-0.343694
-0.365338
-0.343694
0.245568
-0.343694
0.245568
-0.0704345
0.78304
-0.0621259
0.591646
-0.0621259
-0.0317463
-0.309743
-0.0317463
0.501617
-0.0317463
1.33932
-0.0317463
0.752985
-0.0317463
-0.151377
-0.269175
0.0615763
0.511224
0.0615763
0.31591
-0.480163
0.31591
-0.480163
0.31591
-0.480163
0.31591
-0.480163
-0.326586
-0.0374869
-0.274721
0.333454
-0.274721
0.333454
0.519971
0.333454
0.210157
0.592687
0.210157
0.736012
0.210157
0.736012
0.210157
0.736012
0.210157
0.826063
0.210157
0.490722
0.210157
0.490722
0.210157
0.490722
0.0485118
0.443762
0.0485118
-0.10744
0.0485118
-0.762688
0.0485118
-0.885267
0.0485118
-0.388708
0.0485118
-0.388708
0.0485118
-0.519354
0.0485118
0.0227546
0.368906
0.0227546
0.560794
-0.147792
-0.311448
0.395088
-0.311448
0.395088
-0.311448
-0.132398
0.656292
0.158616
0.486449
0.158616
0.486449
0.158616
-0.300669
0.663832
-0.300669
-0.0108282
-0.374779
-0.0108282
-0.801365
-0.0108282
-0.385506
-0.115791
-0.929138
-0.115791
-0.929138
-0.115791
-0.929138
-0.0368445
-0.318155
-0.0368445
-0.318155
-0.0368445
0.67186
-0.0368445
0.67186
-0.0368445
-0.211905
0.457938
-0.211905
0.0380355
-0.376158
0.0992615
-0.376158
0.0992615
0.285419
0.236507
0.285419
0.0978055
0.791273
0.0978055
0.0201125
-0.486029
0.0201125
-0.690008
0.0201125
0.299754
0.0201125
-0.205039
0.650951
-0.205039
0.293013
-0.152368
0.496842
-0.152368
-0.00667319
0.274747
-0.00667319
0.461906
-0.00667319
1.42291
-0.00667319
1.42291
-0.00667319
0.921195
-0.00667319
1.52604
0.0295811
1.13081
0.0295811
1.49783
0.0295811
0.969346
0.0295811
0.266361
0.0295811
-0.205718
0.0295811
0.00491696
-0.958074
0.00491696
-1.0369
0.00491696
-1.84247
0.00491696
-1.84247
0.00491696
-1.0996
0.00491696
-1.0996
0.00491696
-0.657586
0.00491696
0.109461
-0.155208
-0.582256
-0.204075
-0.753081
-0.204075
-0.753081
-0.204075
-0.696233
-0.204075
-0.696233
-0.204075
0.0255243
-1.0417
0.0255243
-0.192848
-0.321699
-0.192848
-0.321699
-0.192848
-0.717023
0.203482
-0.326041
-0.174375
-0.617892
-0.174375
-0.617892
-0.174375
0.130224
-0.2127
0.130224
0.430444
0.130224
0.283839
-0.0804678
-0.396612
-0.0804678
0.367478
-0.0804678
0.00801192
-0.0804678
-0.467706
0.143278
-0.339107
0.143278
-0.0657299
0.981396
-0.0657299
0.760545
-0.0657299
0.760545
-0.0657299
0.644572
-0.0657299
0.198019
-0.0455566
-0.238266
0.348656
-0.238266
0.348656
-0.238266
0.348656
-0.238266
0.348656
-0.238266
0.348656
-0.385036
0.348656
0.102067
0.348656
0.102067
0.348656
0.0878758
0.00252106
0.44617
-0.127293
0.526446
-0.127293
0.038515
-0.622034
0.038515
-0.622034
0.038515
-0.684979
0.038515
-0.394766
-0.267432
-0.141271
-0.853059
-0.141271
-0.395726
-0.141271
-0.395726
-0.238975
-0.395726
-0.238975
-0.117039
-0.497539
0.295274
-0.34713
-0.332064
-0.34713
-0.332064
-0.34713
-0.332064
-0.34713
-0.332064
0.398918
-0.332064
-0.528957
-0.332064
-0.401574
-0.332064
-0.125558
-0.772916
-0.125558
-0.480243
-0.416056
-0.480243
-0.416056
-0.486948
-0.394001
-0.486948
-0.394001
-0.577599
-0.394001
-0.577599
0.452891
-0.577599
0.452891
-0.577599
0.452891
-0.577599
0.452891
0.108781
0.146612
-0.139749
0.835836
-0.139749
0.515317
-0.139749
0.13615
0.726267
0.13615
0.462183
-0.0480232
-0.210742
-0.0480232
-0.668301
-0.0480232
-0.835213
-0.0480232
-0.835213
-0.0480232
0.144278
0.467712
0.144278
0.25692
0.0980445
-0.0916472
-0.871111
-0.0916472
-0.504805
-0.0916472
-0.504805
-0.0916472
-0.0813026
0.344096
-0.0813026
0.0140821
0.376318
0.0140821
-0.245508
0.238194
-0.245508
0.43984
0.507534
0.43984
0.046466
0.43984
0.046466
0.689372
0.046466
1.35671
0.046466
0.905577
0.046466
0.82687
0.046466
0.82687
0.046466
0.82687
0.0137373
0.510795
0.0137373
1.35159
0.0137373
2.02352
0.0137373
2.02618
0.0137373
2.58138
0.0137373
2.58138
0.0137373
2.25249
0.0137373
1.93974
0.0137373
1.79359
0.0137373
1.79359
0.0137373
1.32636
0.0137373
1.32636
0.0137373
0.423557
0.0137373
1.31147
0.0137373
0.758429
0.0137373
0.444353
0.199141
0.444353
-0.170663
-0.183233
-0.440982
-0.183233
-0.440982
-0.183233
-0.326859
-0.183233
0.518223
-0.228707
0.518223
-0.228707
0.518223
-0.228707
0.518223
-0.228707
0.611179
-0.228707
0.223266
-0.228707
-0.317209
-0.228707
-0.0994257
0.076849
-0.0994257
0.284172
-0.0994257
0.284172
-0.0994257
0.766904
-0.0994257
0.0110052
0.564155
0.0110052
1.17425
0.0463532
1.38292
0.0463532
1.38292
0.0463532
0.708158
0.0463532
-0.205933
-0.0709847
-0.205933
-0.0709847
-0.801957
-0.0709847
-0.801957
-0.0709847
-0.801957
-0.0709847
-1.36059
-0.0709847
-1.71912
-0.0709847
-0.742595
-0.0709847
-0.545484
-0.0709847
-0.545484
-0.239023
-0.853364
-0.239023
-0.791416
0.278438
0.0155418
0.14263
-0.361389
0.14263
-0.152131
0.419147
-0.152131
0.341993
-0.152131
-0.656609
-0.152131
-0.656609
0.415205
-0.603387
-0.247318
-0.603387
-0.247318
-0.300416
-0.247318
-0.300416
-0.247318
-0.464465
-0.247318
-0.464465
-0.247318
0.462506
-0.247318
-0.0596361
-0.247318
-0.359588
-0.247318
-0.359588
0.139329
-0.293061
-0.515883
-0.35352
0.321621
-0.35352
0.321621
0.417738
-0.198006
0.417738
-0.198006
-0.289363
-0.198006
0.127175
-0.30964
0.127175
0.472148
0.127175
0.472148
0.000422692
-0.467702
0.000422692
0.282927
-0.318146
0.282927
0.130868
-0.461739
0.130868
-0.461739
0.130868
-1.28627
-0.0958648
-0.351315
0.333054
-0.351315
0.333054
0.219286
-0.035164
-0.325253
-0.530828
-0.325253
-0.413851
-0.325253
0.104849
-0.325253
0.104849
-0.170206
-0.569608
-0.170206
-0.569608
-0.170206
-0.294686
0.297872
-0.294686
0.297872
0.348787
0.297872
0.0125118
-0.250068
0.0125118
0.0216353
-0.206187
0.341511
-0.25536
-0.262119
-0.646135
0.296053
-0.355677
0.296053
-0.355677
0.268176
0.270849
0.111034
-0.0284793
-0.111655
-0.0284793
-0.148486
0.260307
-0.148486
0.260307
-0.968792
-0.149292
-0.292214
0.345079
-0.292214
0.350091
-0.292214
0.350091
-0.280049
0.350091
-0.0381212
0.688759
-0.0381212
0.627496
-0.0381212
0.461183
0.12675
1.22648
-0.177909
1.22648
-0.055772
1.22648
-0.055772
1.28997
-0.055772
1.31499
-0.055772
1.31499
-0.055772
1.31499
-0.055772
0.891492
-0.055772
-0.0811594
-0.3286
-0.416893
-0.000625158
-1.16591
-0.000625158
-1.16591
-0.000625158
-1.30754
-0.000625158
-1.30754
-0.000625158
-0.790917
0.0255082
-0.929922
0.0255082
-0.929922
0.0255082
-0.506855
0.0255082
-1.47537
0.0255082
-1.42553
0.0255082
-1.59375
0.0255082
-1.59375
0.0255082
-0.636043
0.0255082
-0.0468773
0.475385
-0.0468773
0.764345
-0.0468773
-0.130236
0.00319314
-0.256963
0.00319314
-1.13788
0.00319314
-1.46845
0.00319314
-1.27915
0.00319314
-1.09761
0.00319314
-0.805752
0.00319314
0.128907
0.28934
0.128907
0.369562
-0.672543
0.369562
-0.672543
0.202907
-0.165555
0.202907
0.242477
-0.213488
-0.0699447
-0.114969
-0.0785399
0.30098
-0.0785399
1.16847
-0.0785399
1.31239
-0.0785399
0.936219
-0.0785399
0.98631
-0.0785399
0.692423
-0.0785399
1.0827
-0.0785399
1.0827
-0.0785399
0.464964
0.107878
0.609671
0.107878
0.898733
0.107878
0.0883024
0.107878
-0.23931
0.107878
-0.23931
0.107878
-0.300714
-0.475789
-0.300714
-0.0311722
0.254917
-0.0311722
0.395349
0.149384
0.395349
0.149384
0.0636012
-0.327741
-0.266895
0.103317
-0.518251
0.103317
0.342515
0.103317
-0.277115
0.103317
0.565892
0.0538889
0.565892
0.0538889
-0.0236612
0.4317
0.212459
0.596336
0.0542974
0.644928
0.0542974
-0.0581987
-0.684942
-0.0581987
-0.0520728
-0.527718
-0.0520728
-0.527718
-0.0547172
-1.18315
-0.0547172
-1.18315
-0.0547172
-1.18315
-0.0547172
-1.41438
-0.0547172
-1.41438
-0.0547172
-1.47746
-0.0547172
-1.47746
-0.0547172
-2.0135
-0.0547172
-2.0135
-0.0547172
-2.0135
-0.0547172
-1.22679
-0.0547172
-0.804762
-0.0547172
-0.804762
-0.0547172
-0.864048
-0.0547172
-0.92413
-0.0547172
-0.731937
-0.0547172
-0.371069
-0.0547172
-0.371069
0.174132
-0.371069
0.174132
0.187103
-0.190001
-0.0268269
-0.548177
-0.0268269
0.382855
-0.0268269
0.725347
-0.0268269
0.60019
-0.0268269
1.58193
-0.0268269
1.5009
-0.0268269
1.22163
-0.0268269
1.22163
-0.0268269
1.12612
-0.0268269
1.52629
-0.0268269
1.52629
-0.0268269
1.07074
-0.0268269
0.638305
-0.0268269
0.863466
-0.0268269
0.259418
-0.720859
-0.0526764
-0.749156
-0.0526764
-0.749156
-0.121343
-0.749156
-0.121343
-0.849828
-0.121343
0.131121
-0.698528
0.131121
-0.41793
0.328569
-0.41793
0.328569
-0.41793
0.414844
-0.41793
0.414844
0.0833716
0.543487
0.0833716
0.637929
0.0833716
1.10743
0.0833716
0.95089
0.0833716
0.67422
0.0833716
0.911728
-0.0425778
1.16824
-0.0425778
1.9651
-0.0425778
1.8999
-0.0425778
1.67642
-0.0425778
0.819142
-0.0425778
1.80159
-0.0425778
2.30495
-0.0425778
2.30495
-0.0425778
2.30495
-0.0420545
1.73291
-0.0420545
1.73291
-0.0420545
1.73291
-0.0420545
1.72658
-0.0420545
0.994168
-0.0420545
0.466384
-0.0420545
0.427827
-0.0420545
0.427827
-0.0420545
-0.124983
0.205341
-0.352195
0.205341
-0.352195
0.205341
-0.352195
0.205341
-0.352393
0.205341
0.324636
0.135529
0.324636
0.135529
0.324636
0.135529
0.324636
0.135529
-0.475261
0.079829
-0.113065
0.608361
-0.113065
0.608361
-0.113065
0.524134
-0.113065
0.524134
-0.113065
0.524134
-0.0331818
0.427505
-0.0331818
0.427505
-0.0331818
0.489189
-0.286573
0.489189
0.175633
0.71197
0.175633
0.523959
-0.267205
0.523959
-0.263007
-0.191459
0.667627
0.161663
0.667627
-0.142106
0.667627
-0.142106
0.934569
-0.142106
0.527532
-0.142106
0.205691
-0.142106
0.205691
-0.296155
0.313202
0.155685
0.313202
0.155685
0.313202
0.155685
0.216468
0.238224
-0.115525
-0.755303
-0.115525
-0.755303
-0.115525
-0.755303
-0.115525
-0.731287
0.0698979
-0.313786
-0.138703
-0.565584
-0.138703
-0.0855521
-0.124494
-0.0855521
-0.394103
-0.0855521
-0.257412
-0.0855521
0.541456
-0.0855521
0.541456
-0.0855521
0.541456
-0.0855521
0.183374
-0.0855521
0.102636
0.424802
0.102636
0.627363
0.102636
1.47917
0.102636
1.47917
0.102636
0.731129
0.102636
0.731129
0.102636
0.731129
0.102636
-0.00964021
0.453586
-0.00964021
0.453586
-0.00964021
0.453586
-0.147376
-0.407
-0.147376
-0.407
-0.147376
0.164784
-0.147376
0.415781
0.160828
0.539175
0.160828
1.22973
0.0181813
1.5623
0.0531594
0.786375
0.0531594
0.117264
0.542935
0.117264
0.0411909
0.602652
0.0411909
0.602652
0.0411909
1.38615
0.0411909
0.430001
0.0411909
1.00636
-0.0215723
0.997727
-0.0215723
0.139906
-0.425647
0.139906
-0.467072
-0.143921
-0.467072
-0.143921
-0.467072
-0.143921
-0.43536
-0.366983
-0.43536
-0.366983
-0.260139
-0.366983
-0.260139
-0.14361
-0.260139
0.447104
-0.260139
0.447104
-0.260139
0.447104
-0.263803
-0.417233
0.478916
0.516873
0.478916
0.428791
0.478916
0.428791
0.58843
-0.0894079
0.534863
-0.0894079
0.468725
-0.0894079
0.573024
-0.0634125
0.573024
-0.0634125
-0.166365
-0.0634125
0.507336
-0.0634125
0.507336
-0.00548907
0.507336
-0.00548907
1.02609
-0.00548907
0.394861
-0.00548907
-0.52205
-0.00548907
0.264041
-0.00548907
-0.412801
-0.412774
-0.364476
-0.412774
-0.395308
-0.412774
0.224326
0.183691
0.224326
0.183691
-0.429354
0.145978
-0.17633
0.422064
0.00597676
0.5667
-0.402297
0.498603
-0.162634
0.373304
-0.162634
0.03798
-0.195624
0.03798
-0.471714
0.03798
-0.953943
0.03798
-0.869404
0.03798
-0.852368
0.03798
-0.464407
0.03798
-0.259345
0.03798
-0.0380614
-0.895702
0.0114178
-0.895702
0.0114178
-0.363853
0.0114178
-0.104245
0.0114178
-0.104245
0.73261
-0.104245
0.4532
-0.104245
-0.353957
-0.104245
0.352787
-0.104245
-0.443052
-0.0290878
-0.286545
-0.0290878
-0.418727
0.211137
0.137243
0.211137
0.137243
0.622564
0.137243
0.830437
-0.164761
0.991982
-0.164761
1.07198
-0.164761
0.285104
-0.164761
-0.0743341
-0.661081
-0.0743341
-0.24831
-0.16003
-0.530418
0.185616
0.0275923
0.110599
-0.205923
0.110599
-0.393632
0.110599
-0.588314
0.110599
-0.0863945
-0.452604
-0.0863945
-0.338972
0.012672
-0.338972
0.012672
-0.338972
0.012672
-0.338972
0.012672
0.0397405
-0.105807
0.349993
-0.105807
0.116312
0.812958
0.13333
0.0378095
0.377703
0.0378095
0.377703
0.0378095
0.567329
-0.365058
0.567329
-0.365058
0.081189
-0.22545
0.081189
-0.22545
0.081189
-0.846727
0.081189
-0.0846293
0.0800808
0.35761
0.0800808
-0.431209
0.0800808
0.0508848
0.773195
0.0508848
0.773195
0.0508848
0.773195
0.0508848
0.836315
-0.0680876
1.52313
-0.0680876
1.03777
-0.00582211
0.41074
0.303407
0.41074
0.303407
0.41074
-0.0757544
1.23867
-0.0757544
0.992817
-0.0757544
0.615567
0.109479
0.75872
0.109479
0.75872
0.109479
0.333074
0.109479
-0.213892
-0.0874995
-0.0766311
0.445085
-0.00618689
-0.444142
-0.105209
0.0306173
-0.333159
0.0306173
-0.480242
0.0306173
-0.825794
-0.0328725
-0.314485
-0.0328725
-0.37873
0.790849
-0.37873
-0.0875394
-0.37873
-0.0875394
-0.37873
-0.0875394
0.110431
-0.0875394
0.110431
0.455299
0.110431
0.701712
0.10931
0.739829
-0.316564
0.739829
-0.316564
0.739829
0.153145
0.450811
0.153145
0.718849
0.153145
0.718849
0.153145
-0.0310147
0.168796
-0.305007
0.599948
0.209965
0.599948
0.209965
0.599948
-0.0899543
0.599948
-0.0899543
0.665615
-0.0899543
0.665615
-0.0899543
0.00195009
0.13737
-0.292238
0.13737
-0.292238
0.00622858
-0.337303
0.00622858
0.447479
0.00622858
1.44205
0.00622858
1.27668
0.00622858
2.02109
0.00622858
1.39483
0.00622858
1.39483
0.00622858
0.52958
0.00622858
0.731317
0.00622858
1.17927
0.194506
0.528007
0.194506
0.248954
-0.0927313
0.931621
-0.0927313
0.132388
0.532918
0.132388
-0.393788
0.179815
-0.393788
0.179815
-0.282477
-0.5939
-0.416718
-0.5939
-0.416718
-0.5939
-0.254332
-0.407477
-0.254332
0.124878
-0.142493
0.124878
-0.142493
0.151068
-0.142493
0.0456015
-1.11179
0.0688061
-0.949191
0.0688061
-0.105983
0.0688061
-0.894873
0.0688061
-0.456857
0.0688061
-0.57833
0.0688061
-0.914738
0.0688061
-0.0611778
0.0688061
0.139027
-0.729413
0.139027
-0.729413
0.139027
0.131301
0.139027
-0.193092
0.279775
-0.193092
0.279775
0.661821
0.279775
0.661821
-0.321955
0.661821
0.029035
1.51227
0.029035
1.17466
0.029035
1.22274
0.029035
1.22274
0.0410463
0.41714
0.21314
0.41714
0.21314
-0.207571
0.155828
0.636761
0.155828
0.0796574
0.365318
0.00299582
0.573972
0.00299582
0.462929
0.00299582
-0.471527
0.00299582
-1.3166
0.00299582
-0.776269
0.229328
-0.872676
0.229328
-0.638216
0.258876
-0.638216
0.281878
-0.638216
0.281878
-0.638216
0.281878
-0.638216
0.281878
-0.638216
0.281878
-0.44457
0.281878
-0.44457
0.0922053
0.512386
0.0922053
-0.428614
0.0922053
-0.6044
0.0922053
-0.0129925
-0.290908
-0.0129925
0.385571
-0.172195
0.446279
-0.172195
0.446279
-0.172195
0.446279
-0.172195
0.446279
-0.258226
0.446279
0.0551157
-0.543843
0.191181
0.0461344
-0.358243
0.116705
0.320192
0.489396
0.320192
0.451427
0.143188
0.399671
-0.0405049
0.803527
-0.15816
0.415805
-0.15816
0.415805
-0.15816
-0.501689
-0.15816
-0.381491
0.0959108
-0.103498
-0.0301167
-0.103498
-0.0469316
0.169937
-0.0553596
0.169937
-0.262616
0.00875053
-0.824596
0.00875053
-0.649777
0.00875053
-0.649777
0.00875053
-0.354078
-0.256868
0.108747
-0.256868
-0.0146872
0.00269897
-0.504609
0.00269897
-0.504609
-0.110811
-0.64212
-0.110811
-0.221335
-0.144906
0.0502615
-0.144906
-0.333022
-0.144906
-0.611655
-0.144906
-0.125243
0.0930175
0.719721
0.0930175
1.3012
0.0930175
2.05287
0.0930175
1.84669
0.0930175
1.25491
0.0930175
0.849404
0.0930175
1.03586
0.0930175
0.233418
0.0930175
0.9392
0.0930175
1.15331
0.083939
1.15331
0.083939
1.81981
0.083939
1.81981
0.083939
1.81981
0.083939
1.87083
0.083939
1.87083
0.07166
1.87083
0.07166
1.87083
0.07166
1.87083
0.07166
0.977087
0.07166
0.977087
0.0685569
1.04117
0.0685569
0.933194
0.0685569
0.424712
0.0685569
0.40879
0.0685569
0.066626
0.496094
-0.0785176
0.496094
-0.0785176
-0.304384
-0.0785176
0.320136
-0.0785176
-0.085713
-0.0785176
-0.0578643
-0.0785176
-0.103203
0.187734
-0.103203
1.03567
-0.103203
1.03567
0.0363192
0.800765
0.0363192
0.800765
0.0363192
0.411607
0.0363192
-0.240275
0.0363192
0.424136
0.211489
0.424136
0.211489
0.428382
0.211489
0.989018
0.211489
0.854691
0.211489
0.854691
0.211489
0.578847
-0.085977
-0.226058
0.606069
-0.226058
0.28251
-0.226058
0.0412796
0.170968
-0.0283952
0.170968
-0.610089
0.170968
-0.0722466
-0.306479
-0.0722466
-0.24702
-0.340812
0.18129
-0.623917
0.18129
-0.623917
0.18129
-0.13883
0.18129
-0.13883
0.94991
0.00711723
0.640508
-0.0397602
0.72884
0.145749
0.457919
0.145749
0.311253
0.145749
1.06498
0.145749
0.646439
0.145749
0.646439
-0.16585
0.869145
-0.16585
0.869145
-0.16585
0.869145
-0.0830427
0.869145
0.033082
0.869145
0.0730881
0.729726
0.0730881
0.765299
0.0730881
0.684851
0.0730881
0.257824
0.0730881
-0.149549
0.0730881
0.274501
0.0730881
0.871868
0.0730881
0.711296
0.0730881
0.336737
0.0730881
-0.0633952
-0.71685
-0.0633952
-0.71685
-0.0633952
-0.71685
-0.0633952
-1.03705
-0.0633952
-1.60382
-0.0633952
-1.7195
-0.0633952
-1.00072
-0.0633952
-0.321809
-0.0633952
0.461524
-0.0633952
-0.289158
-0.186945
0.336904
-0.186945
-0.335234
-0.186945
0.107902
0.124431
-0.0937747
0.124431
-0.307999
0.124431
-0.517021
0.124431
0.420206
0.124431
0.420206
-0.0182059
0.420206
0.350299
0.370793
0.350299
0.370793
0.350299
0.216555
0.963631
0.216555
0.963631
-0.0315003
0.963631
-0.0315003
-0.0200424
-0.368932
-0.0200424
-0.0385439
0.784999
-0.0385439
0.784999
-0.0385439
0.784999
-0.0385439
0.122494
-0.110958
0.45052
-0.110958
0.0176105
-0.893667
0.0176105
-1.78409
0.0176105
-1.65616
0.0176105
-1.4621
0.0176105
-1.70881
0.0176105
-1.66569
0.0176105
-0.902932
0.0980804
-0.63
0.0980804
-0.704275
0.0320424
-0.171768
-0.508799
-0.171768
-0.508799
-0.171768
-0.930252
-0.171768
-0.413048
0.328752
-0.413048
-0.282743
-0.413048
-0.282743
-0.0460034
0.611765
-0.0460034
0.131155
-0.0460034
0.172771
-0.0460034
0.172771
-0.0460034
-0.803216
-0.0460034
0.00546673
-0.758794
0.00546673
-0.477817
0.00546673
-0.693771
0.00546673
-0.0481007
-0.446534
-0.0481007
-1.27304
-0.0481007
-1.36414
-0.0481007
-1.36414
-0.0481007
-1.5798
-0.0481007
-1.19924
-0.0481007
-1.19924
-0.0481007
-1.29294
-0.0481007
-0.940118
0.189555
-0.325623
0.189555
-0.14568
0.496506
-0.14568
0.021587
-0.534074
0.021587
-1.02977
0.021587
-1.93961
0.021587
-1.79657
0.021587
-1.61382
0.021587
-1.61382
0.021587
-1.09729
0.0863449
-1.01552
0.0863449
-1.71735
0.0863449
-1.04941
0.0863449
-1.0276
0.0863449
-1.0276
0.0863449
-1.48839
0.0863449
-1.48839
-0.04906
-1.76607
-0.04906
-1.76607
-0.04906
-2.11632
-0.04906
-2.11632
-0.04906
-2.11632
-0.04906
-2.63868
-0.04906
-2.5296
-0.04906
-2.78566
-0.04906
-2.78566
-0.04906
-2.07842
0.00937939
-1.62289
0.00937939
-1.62289
0.00937939
-1.62289
0.00937939
-0.930451
0.00937939
-0.749411
0.00937939
-0.39303
0.00937939
0.213821
-0.17365
0.162056
0.73517
0.162056
0.846261
0.162056
1.13559
0.162056
0.170858
-0.0769685
0.157647
-0.584521
0.157647
-0.234433
0.157647
-0.234433
0.157647
-0.546393
0.157647
-0.344652
0.157647
-0.344652
0.316756
-0.344652
0.316756
-0.344652
-0.166542
-0.095591
0.158897
-0.54717
-0.138201
-0.775926
-0.138201
-0.180815
-0.138201
-0.294031
-0.138201
-0.427976
-0.138201
0.482103
0.325495
0.274088
0.410032
0.274088
-0.523876
-0.0178563
0.255717
-0.0178563
0.255717
-0.14976
-0.484094
-0.14976
-0.484094
-0.14976
-0.516821
0.136521
-0.454203
-0.0176226
-0.169257
-0.522898
-0.169257
0.44503
-0.169257
-0.293256
-0.169257
-0.293256
-0.169257
-0.293256
-0.169257
-0.627487
0.0867912
-0.627487
0.0867912
-0.985485
0.0813356
-0.0202881
-0.552031
-0.0202881
-0.345472
-0.0202881
-0.462165
-0.0202881
-0.00980056
-0.151859
-0.242542
0.0793146
-0.620031
0.0793146
-0.620031
0.0793146
-1.57127
0.0793146
-0.608883
0.0793146
-0.768143
0.0793146
-0.706148
0.0793146
-0.160855
0.12326
-0.160855
0.12326
-0.992227
0.12326
-0.809838
0.12326
-0.218134
-0.394697
-0.218134
-0.394697
-0.218134
0.0174734
-0.218134
0.141554
-0.0809238
-0.49792
-0.277288
-0.49792
-0.277288
-0.49792
-0.277288
0.141077
-0.626234
0.141077
-0.626234
0.122264
-0.626234
0.122264
-0.626234
0.22635
0.187471
0.305488
0.0998428
1.25936
0.0998428
1.10421
0.0998428
1.94398
0.0998428
0.963332
0.0998428
0.963332
0.0998428
0.226663
0.0353989
0.133266
0.0353989
0.133266
-0.459328
0.133266
-1.391
-0.130342
-1.391
-0.130342
-1.13338
-0.130342
-1.13338
-0.100873
-0.836151
-0.100873
-0.248986
-0.100873
0.30083
-0.100873
-0.208675
-0.100873
-0.208675
-0.100873
0.550166
-0.100873
0.0705188
0.308651
-0.1898
-0.093033
-0.1898
-0.093033
-0.432426
0.0173727
-0.432426
0.0173727
0.434177
0.0173727
-0.302859
0.0173727
-0.302859
0.0173727
-0.0380186
0.0173727
0.0128509
-0.0345378
0.679278
-0.0345378
1.52518
-0.0345378
1.07092
-0.0345378
1.07092
-0.0345378
1.23341
-0.0345378
0.761014
-0.0345378
0.335304
0.0588536
0.403598
0.0588536
0.395436
-0.387308
-0.175171
0.566588
2.4915e-05
0.566588
2.4915e-05
0.566588
0.0227867
0.566588
0.0227867
0.0114978
-0.168016
0.0490068
-0.168016
-0.524175
-0.168016
0.0837355
-0.0234931
-0.201599
0.257525
-0.201599
0.0513295
-0.289404
0.0513295
-0.869492
0.0513295
-1.46317
0.0513295
-1.10452
0.0513295
-1.77059
0.0513295
-1.4602
0.0513295
-0.468972
0.0513295
-0.468972
0.0513295
0.358532
0.0513295
-0.215111
0.0513295
-0.728737
0.055849
-0.0351147
0.0162867
-0.481075
0.348709
0.411242
0.348709
-0.0245891
0.945998
0.144512
0.61714
0.144512
0.331171
0.144512
0.758347
0.144512
0.875187
0.144512
0.407758
0.144512
0.407758
0.144512
0.407758
0.144512
0.407758
0.144512
0.347225
0.144512
0.0488105
-0.0548458
0.218529
-0.0548458
-0.115549
-0.914414
-0.115549
-0.914414
-0.197285
-0.914414
0.157884
-0.121399
-0.21664
-0.121399
0.64909
0.197436
0.64909
0.197436
0.64909
0.197436
0.743258
0.197436
0.743258
0.197436
0.743258
0.197436
-0.0810357
1.11373
0.181988
0.400671
-0.0116928
0.400671
-0.0116928
-0.357376
-0.263413
-0.616094
-0.263413
-0.616094
-0.263413
-0.616094
-0.359912
-0.52214
-0.359912
-0.52214
0.208291
-0.52214
0.208291
-0.52214
0.168137
0.0235689
-0.132216
-0.344783
-0.143682
-0.0881298
0.188106
0.133947
0.197664
-0.157084
0.202914
-0.157084
0.349442
-0.157084
-0.0052225
0.824048
-0.0052225
0.458902
-0.0052225
0.458902
-0.0052225
-0.400392
-0.0052225
-0.213646
-0.0311451
-0.213646
-0.0311451
-1.03889
-0.0311451
-1.25885
0.0883514
-1.1283
0.156747
-1.1283
0.156747
-0.51433
0.156747
-0.51433
-0.0831752
-0.18946
0.457087
-0.18946
-0.212442
-0.18946
0.351213
0.126355
0.351213
0.126355
0.351213
0.126355
-0.0546073
0.549653
-0.0546073
0.720874
-0.0546073
0.941828
-0.0546073
1.8598
-0.0546073
1.22776
-0.0557189
1.14794
-0.0557189
1.14794
-0.0557189
0.77522
0.0902397
0.77522
0.0902397
1.0396
-0.131766
0.37519
-0.131766
0.37519
-0.131766
0.244928
-0.657355
0.244928
-0.657355
0.244928
0.158054
0.244928
0.158054
-0.192672
0.158054
0.226114
0.158054
-0.15728
-0.374329
-0.108842
-0.467897
-0.108842
0.333088
-0.108842
-0.47608
-0.399928
-0.3876
-0.399928
-0.221004
-0.399928
-0.221004
0.202968
0.0445002
1.02139
0.0445002
1.02139
0.0445002
1.02139
0.0445002
1.06929
0.0445002
0.346957
0.349815
-0.1835
-0.115949
-0.8174
-0.115949
-0.281256
0.40526
-0.281256
-0.0025984
0.0635814
0.40822
0.0635814
0.632399
0.0635814
1.08238
0.0635814
1.08238
0.0635814
0.833946
0.0635814
0.833946
0.0635814
1.5984
0.0635814
1.3398
0.0635814
0.914771
0.0635814
0.564771
0.0635814
-0.296815
0.0635814
-0.296815
0.617781
0.339388
0.617781
0.339388
0.617781
-0.243121
0.617781
-0.243121
0.0245644
0.410956
0.0245644
-0.264407
-0.474079
-0.264407
-0.0836088
-1.00546
-0.0836088
-0.0271672
-0.690215
-0.0271672
-0.0651705
0.958215
-0.0651705
0.958215
-0.0651705
0.805231
-0.0651705
-0.16616
0.350459
-0.16616
-0.347675
-0.168319
-0.47888
0.0573613
0.0184299
0.0573613
-0.535756
0.0573613
-0.535756
0.0573613
-0.241193
0.0900475
0.616316
0.0900475
0.616316
0.0900475
0.616316
0.0900475
0.0607297
-0.668773
0.0607297
-0.739342
-0.0756578
-0.401062
-0.0756578
0.481976
-0.0756578
-0.11917
-0.954646
-0.11917
-0.954646
-0.11917
-0.636912
-0.128314
-0.636912
-0.128314
-0.26477
-0.128314
-0.497639
-0.128314
-0.497639
-0.128314
-0.497639
-0.128314
-0.497639
-0.128314
0.164288
-0.0997819
0.102966
0.63463
0.102966
1.33516
0.102966
0.953867
-0.059238
0.172014
-0.059238
0.115045
-0.977749
0.115045
-0.297008
0.115045
0.247021
0.115045
-0.20635
-0.0472496
-0.20635
-0.0472496
0.71753
0.244768
-0.20597
0.244768
-0.04902
-0.647743
-0.04902
-1.0535
-0.04902
-1.0535
-0.04902
-0.579486
0.245752
0.0424303
0.245752
0.0424303
-0.166535
-0.434424
-0.148818
-0.434424
-0.148818
-0.461443
-0.148818
-0.461443
-0.148818
-0.461443
-0.148818
-0.196092
-0.521613
-0.196092
-0.249601
-0.196092
-0.513981
-0.196092
-1.27223
-0.196092
-0.738434
-0.196092
-0.738434
-0.196092
-0.738434
-0.261311
0.0188335
0.0705952
0.0188335
0.667017
0.0188335
0.735558
0.0188335
0.19961
-0.553862
0.19961
0.329448
0.19961
0.329448
-0.0895768
-0.221609
-0.550344
-0.212087
-0.579663
-0.158762
-0.579663
-0.158762
0.0230906
0.706914
0.0674231
0.706914
0.0674231
0.706914
0.0674231
1.20047
0.0674231
1.20047
-0.127674
1.20047
-0.127674
1.20047
-0.127674
0.417906
-0.193498
0.120379
-0.193498
-0.430843
-0.184457
-0.0475615
0.67625
-0.0786531
0.487396
-0.0786531
-0.219524
0.471229
-0.219524
0.688206
-0.219524
0.135005
-0.778454
0.135005
-0.778454
0.135005
-0.66174
0.135005
-0.66174
0.135005
-0.0141612
0.135005
-0.259748
0.135005
-0.711783
0.135005
0.0599225
0.162881
0.0599225
-0.458483
0.0599225
-0.458483
0.0599225
-1.3176
0.0599225
-1.3176
0.0599225
-0.54587
0.0599225
-0.805996
0.0599225
-1.46109
0.0599225
-0.983534
0.0556786
-0.193745
0.0556786
-0.466745
0.0556786
-0.565311
0.0556786
0.058748
0.44648
0.058748
0.44648
0.058748
0.44648
0.058748
-0.540276
0.058748
-0.499784
0.058748
-0.234048
0.058748
0.387424
0.058748
0.653092
0.058748
0.684496
0.058748
0.684496
0.058748
0.208177
0.058748
-0.0585102
-0.397739
-0.0585102
-0.635278
-0.0585102
-0.149725
-0.0585102
-0.680949
-0.0989352
-0.680949
-0.0989352
-0.4778
-0.0989352
0.207689
-0.276192
0.207689
-0.276192
-0.602845
-0.276192
0.0487147
-0.455957
0.0487147
-0.147386
0.692861
-0.147386
0.595613
-0.147386
-0.321327
0.520065
0.0453539
-0.0826509
0.0453539
-0.0826509
-0.590119
-0.0826509
-0.590119
-0.0826509
-0.590119
-0.0498008
-0.615773
-0.0498008
-0.261645
0.0339348
0.618426
0.0339348
0.296405
0.0339348
-0.512883
0.0339348
-0.61596
0.0339348
-0.380677
0.0339348
-1.15508
0.0339348
-1.15508
0.0339348
-1.93523
0.0339348
-1.20733
0.0339348
-1.58162
0.0339348
-1.48766
0.0339348
-1.48766
0.0339348
-1.48766
0.0339348
-0.574129
0.268724
0.239072
-0.0171971
0.389921
-0.0171971
0.962103
-0.0171971
1.67689
-0.0171971
2.50924
-0.0171971
2.72434
-0.0171971
2.81182
-0.0171971
2.81182
-0.0171971
2.45091
-0.0171971
1.5405
0.0314569
1.20973
0.0314569
1.20973
0.0314569
1.1718
0.0314569
0.395245
0.0314569
0.330896
-0.31583
0.330896
-0.31583
0.399624
-0.19824
1.10113
-0.19824
0.595716
0.198068
0.0672854
-0.594647
0.0672854
-0.338302
0.0672854
-0.985342
0.0672854
-1.2789
0.0672854
-0.384587
0.0672854
-0.587599
-0.000651928
0.304559
-0.000651928
-0.225411
0.158712
-0.825261
0.158712
-0.825261
0.158712
-0.549204
0.158712
-0.549204
0.131502
-0.571959
0.131502
-0.0633953
-0.593249
-0.0633953
-0.939821
-0.0633953
-1.28002
-0.0633953
-1.28002
-0.0633953
-1.28002
-0.0610773
-0.47894
-0.0610773
-0.998414
-0.101568
-1.45439
-0.101568
-1.84504
-0.101568
-1.70778
-0.101568
-1.20567
0.107389
-0.236321
0.107389
-0.236321
-0.337792
-0.236321
0.317665
0.264219
0.061913
0.737011
0.061913
0.130841
0.4822
0.0674392
1.15776
0.0674392
1.18319
0.0674392
1.18319
0.0448003
1.18319
-0.0738609
0.760191
-0.0738609
0.652859
-0.0738609
0.235086
-0.0738609
0.251582
-0.0738609
-0.415067
-0.17452
-0.379255
0.733527
-0.379255
0.597651
-0.379255
0.638176
0.326705
0.638176
0.326705
0.638176
-0.197442
-0.195133
0.00155775
-0.18576
0.160125
-0.18576
0.478823
-0.18576
0.640943
-0.18576
0.0354217
-0.730948
0.0354217
-0.263751
-0.491256
-0.263751
-0.491256
-0.263751
0.260655
-0.0911903
-0.624839
-0.0911903
-0.210603
-0.0911903
-0.464265
-0.0911903
-0.464265
-0.0911903
-0.464265
0.151754
-0.464265
0.151754
0.407799
0.151754
0.407799
0.151754
0.407799
0.151754
0.696867
0.151754
0.57202
0.151754
0.387554
-0.194976
0.387554
0.118976
0.579148
0.198875
0.159397
0.198875
0.393419
0.348449
0.393419
0.348449
0.393419
0.348449
-0.382578
0.228747
-0.382578
-0.335335
-0.382578
-0.335335
-0.382578
-0.272693
-0.382578
-0.272693
-0.789083
-0.268527
0.0798675
-0.285775
0.0798675
-0.285775
0.0798675
-0.223457
-0.106686
-0.172644
-0.921444
-0.172644
-0.921444
-0.172644
-0.921444
-0.172644
-0.921444
-0.172644
0.0613702
-0.933178
0.0753918
-0.850031
0.0753918
-0.850031
0.0753918
-0.0934277
0.0753918
-0.0423076
-0.671872
-0.0423076
-0.825518
-0.0423076
-0.301201
0.170526
-0.301201
-0.11278
-0.301201
-0.391324
-0.301201
0.348537
0.365084
-0.306646
0.13505
0.113853
0.967882
0.113853
0.609125
0.113853
0.102231
0.549546
0.102231
0.549546
0.386223
0.419584
-0.385226
-0.425663
-0.233804
-0.0144679
-0.177858
-0.0144679
-0.177254
-0.0144679
-0.0527919
0.0599953
-0.0527919
-0.327096
-0.0527919
-0.279324
-0.0527919
0.27785
-0.0222556
0.965217
-0.0222556
1.36512
-0.0222556
0.633859
-0.0222556
0.633859
-0.0222556
0.982536
0.0212462
0.199292
0.0959975
-0.478381
0.0959975
0.25565
0.0959975
0.153696
0.371522
0.153696
-0.160253
0.107484
-0.160253
0.612791
-0.160253
-0.133476
0.382369
-0.133476
0.382369
-0.186997
0.382369
-0.186997
-0.218839
0.278319
0.203469
0.527029
0.228125
0.527029
0.228125
-0.057813
0.58064
-0.057813
0.703701
-0.057813
0.703701
-0.057813
0.847153
-0.057813
0.847153
-0.057813
0.754687
-0.057813
0.551831
-0.057813
0.872742
-0.057813
0.665912
-0.057813
1.42287
-0.057813
0.745983
-0.057813
0.0224707
0.644056
0.0224707
0.799925
0.0224707
0.215296
0.0224707
0.102835
0.492112
0.102835
0.492112
0.102835
-0.0312398
0.186044
-0.0312398
0.186044
-0.0312398
0.0459916
0.938706
0.0459916
0.292008
0.0459916
0.818238
0.0459916
-0.0308106
0.0459916
0.0926658
0.324342
0.0926658
-0.240146
-0.491937
-0.171295
-0.372637
-0.330647
0.060391
0.323233
-0.113521
0.238326
0.461638
0.238326
-0.11618
0.381465
-0.11618
0.032094
0.467652
0.032094
0.467652
0.032094
-0.50954
0.032094
-1.12343
0.032094
-0.480818
0.032094
-1.166
0.032094
-1.166
0.032094
-0.790528
0.032094
-1.03755
0.032094
-0.283233
-0.280213
-0.283233
-0.280213
-0.356299
-0.280213
-0.356299
-0.150189
-0.356299
-0.150189
-0.738898
-0.150189
-0.738898
-0.150189
-0.713326
-0.150189
-0.713326
-0.150189
-0.713326
-0.152064
-0.713326
-0.152064
-0.118757
0.632888
-0.118757
0.934791
-0.118757
1.06342
-0.118757
0.117095
-0.0611412
0.659414
0.0729574
0.919348
0.0729574
0.919348
0.0729574
0.949956
0.0729574
0.949956
0.0729574
0.949956
0.0729574
0.335881
0.0729574
0.53801
0.0729574
0.491718
0.0729574
-0.431554
0.0729574
-0.453995
-0.0657117
-1.04253
-0.0657117
-0.837664
-0.0657117
-0.166291
-0.320971
-0.166291
0.22459
-0.0874211
0.0993816
-0.846795
0.0797678
-0.567188
0.0797678
-0.898828
0.0797678
-0.916027
0.0797678
0.0111966
-0.25294
0.0111966
-0.795047
0.0111966
-0.795047
0.0111966
-0.0391437
0.438911
0.0479883
0.99907
0.0479883
0.0272616
0.0479883
0.0272616
0.286597
0.184959
0.382018
0.184959
-0.115609
0.551887
-0.115609
0.551887
-0.115609
0.551887
-0.115609
0.268097
-0.115609
0.276041
-0.115609
0.789929
-0.115609
0.0361193
0.566528
0.111584
0.085558
0.111584
-0.809538
0.111584
-0.524377
0.111584
-0.524377
0.111584
-0.524377
0.234805
-0.524377
-0.0389594
-0.0276629
-0.962404
-0.0276629
-0.68664
-0.0276629
-0.68664
-0.120821
-0.68664
-0.120821
0.104963
0.307301
0.104963
0.307301
0.104963
-0.371028
0.104963
-0.371028
0.104963
-0.920373
-0.13778
-0.920373
-0.13778
-0.472237
-0.13778
0.461075
-0.13778
0.461075
-0.13778
0.461075
-0.13778
0.49923
-0.13778
0.113219
0.5161
0.113219
1.09373
0.113219
1.09373
0.113219
1.37433
0.113219
0.959683
0.113219
0.540331
0.113219
0.697065
0.113219
-0.25837
0.113219
-0.086899
-0.508857
-0.086899
-0.508857
-0.086899
-1.10281
0.135626
-1.16217
0.135626
-1.16217
0.135626
-1.26054
0.135626
-1.26054
0.135626
-1.26054
0.135626
-0.35436
0.135626
0.232117
0.135626
0.232117
0.135626
-0.120571
0.135626
0.465357
0.0927051
0.00171295
0.303926
0.00171295
-0.689549
0.00171295
-0.692867
0.00171295
-0.692867
0.00171295
-1.26832
0.00171295
-0.606785
0.00171295
-0.606785
0.00171295
0.270516
0.00171295
0.371462
0.00171295
-0.470544
0.00171295
-0.866129
0.00171295
-0.866129
0.00171295
-0.866129
0.00171295
0.0196401
-0.780446
-0.0487833
-0.427409
-0.0487833
0.231986
-0.0487833
0.24104
-0.0487833
0.24104
0.132171
-0.645205
0.132171
-0.645205
-0.148848
-0.267383
-0.148848
-0.144938
-0.148848
-0.144938
-0.0848455
0.148973
-0.0399522
0.282171
-0.0399522
-0.22525
0.283382
-0.344091
0.283382
-0.261423
0.381978
-0.261423
0.641476
-0.261423
0.641476
-0.261423
0.641476
-0.261423
0.641476
-0.261423
-0.10236
0.489545
-0.10236
0.784023
-0.10236
0.877366
-0.10236
0.877366
-0.10236
0.66831
-0.10236
-0.263761
-0.068381
0.67866
-0.068381
0.67866
-0.185222
0.182819
0.27788
0.182819
0.000309944
0.182819
0.0989479
0.182819
0.0989479
-0.266651
0.0989479
0.575755
0.0989479
0.575755
0.0989479
0.575755
0.0989479
-0.240581
-0.16406
-0.240581
-0.16406
-0.689108
-0.16406
-1.02109
-0.16406
-1.44304
-0.16406
-1.44304
-0.16406
-1.05828
0.00704582
-0.683339
0.00704582
0.127955
-0.637793
0.127955
-0.637793
0.127955
-0.637793
0.127955
-0.169849
0.127955
-0.602625
0.127955
-0.478005
0.127955
-0.478005
-0.0506557
-0.478005
-0.0506557
-1.15454
-0.0506557
-1.16305
-0.0506557
-0.277234
-0.0506557
-0.277234
0.683102
-0.277234
0.683102
-0.277234
-0.0475167
-0.277234
-0.0475167
-0.802068
-0.0475167
-0.802068
-0.0475167
-0.533005
-0.0230253
-0.533005
-0.0230253
-0.00876013
-0.418333
-0.0211406
-0.319851
-0.0211406
0.220357
-0.0211406
0.840302
-0.0211406
0.840302
-0.0211406
1.30977
-0.0211406
1.26883
-0.0211406
1.26883
-0.0211406
1.58121
-0.0211406
1.25301
-0.0211406
1.25301
-0.0211406
0.26596
-0.0211406
0.26596
-0.202009
0.0162084
0.322617
-0.0231974
0.644142
-0.0231974
1.48466
-0.0231974
1.78868
-0.0231974
0.916419
-0.0231974
0.986955
-0.0231974
0.986955
-0.0231974
0.978308
-0.156729
0.233696
-0.156729
0.233696
0.617989
0.233696
-0.234225
0.233696
-0.234225
0.233696
-0.234225
-0.0876758
-0.272488
-0.240099
-0.730057
-0.240099
0.262302
0.0621272
0.262302
0.0132081
-0.131897
0.0132081
-0.411566
0.0132081
0.434148
0.0132081
0.434148
0.088597
1.09859
0.088597
0.128528
0.595752
0.128528
0.595752
0.206335
0.771295
0.206335
0.771295
0.206335
0.817181
0.206335
0.817181
0.206335
0.817181
-0.208365
0.817181
-0.208365
0.817181
-0.208365
0.502954
-0.208365
0.502954
-0.17285
0.784123
-0.17285
0.57553
-0.17285
0.499381
0.00110977
0.158191
0.273482
-0.483556
0.273482
0.458119
0.526192
0.458119
0.64267
0.458119
0.0386932
0.034177
0.375665
0.034177
0.66161
0.034177
0.66161
-0.185584
0.66161
-0.185584
0.66161
-0.185584
0.0726445
0.799468
0.0726445
0.799468
0.0726445
-0.112794
0.497703
-0.112794
1.13584
0.159918
0.138456
0.601459
-0.172918
0.601459
-0.172918
0.383227
-0.172918
0.383227
-0.172918
-0.607132
-0.000773661
0.134586
-0.000773661
-0.447187
-0.000773661
-0.740977
-0.000773661
-0.947588
-0.000773661
-0.639905
-0.141108
-1.25689
-0.141108
-0.864057
-0.141108
-1.09478
-0.141108
-0.590168
-0.141108
0.0345438
0.496244
0.0345438
0.496244
0.0345438
0.0835254
-0.60068
0.0835254
-0.845432
0.0835254
-0.845432
0.0835254
-0.896508
0.0835254
-0.996312
0.000911155
-0.332678
0.000911155
0.246934
0.326073
-0.439363
0.0591591
-0.439363
-0.0508903
-0.450095
0.0465036
-0.209279
0.0465036
-0.209279
-0.0904068
-0.209279
-0.0904068
-0.209279
-0.176104
0.550952
-0.176104
0.550952
-0.176104
0.78406
-0.176104
0.752036
-0.176104
0.0775929
0.164526
0.791993
0.164526
0.853276
0.131248
-0.00531065
0.131248
-0.17112
0.131248
-0.17112
-0.458456
-0.17112
-0.194428
-0.168388
0.351985
0.128437
0.351985
0.128437
0.338423
0.11675
0.338423
0.141371
-0.0546739
-0.561077
-0.0546739
-0.561077
-0.135759
-1.37592
-0.135759
-0.909332
-0.135759
-0.909332
-0.135759
-0.909332
-0.135759
-0.909332
-0.135759
-0.909332
-0.135759
-0.909332
-0.135759
-0.909332
-0.135759
-1.3721
-0.0955852
-1.3721
-0.0955852
-0.665253
-0.0955852
-0.665253
-0.0955852
-0.0720922
0.63857
-0.0720922
0.364856
0.0995883
0.0925581
0.798605
0.0925581
1.145
-0.0552276
1.0307
-0.0552276
0.701969
-0.0552276
0.701969
-0.0552276
1.23842
-0.0552276
1.23842
-0.0552276
1.23842
-0.0552276
0.986548
-0.0552276
1.16043
-0.0552276
0.200416
-0.0552276
-0.673067
-0.0552276
-0.673067
-0.0552276
0.201554
-0.0552276
0.201554
-0.0552276
0.4503
0.182603
0.453219
0.182603
0.38667
0.15916
0.38667
-0.223366
0.190449
-0.223366
0.190449
-0.223366
0.190449
-0.223366
0.146611
-0.216004
0.146611
-0.368212
0.146611
-0.0792372
0.514665
-0.0792372
0.338691
-0.0792372
-0.0644144
0.445998
-0.0644144
0.445998
-0.0644144
0.799333
-0.0644144
1.52369
-0.0644144
1.6068
-0.0644144
1.6068
-0.0644144
1.37025
-0.0644144
1.43769
-0.0644144
1.43769
-0.0644144
0.959277
-0.0644144
0.802818
-0.0644144
0.439746
-0.0644144
0.634244
-0.0644144
0.400651
-0.0644144
0.400651
-0.0644144
0.400651
-0.0644144
0.400651
-0.0644144
0.400651
0.0181692
-0.520761
0.101205
-0.113441
0.0194898
-0.0910573
-0.38938
-0.0910573
-0.38938
-0.0910573
-0.38938
-0.0910573
-0.48148
-0.0922736
-0.48148
-0.0922736
-0.48148
-0.0922736
-0.884824
-0.0922736
-0.828631
-0.0922736
-0.828631
-0.0922736
-1.76736
-0.0922736
-1.76736
-0.0922736
-1.76736
-0.0922736
-1.68207
-0.0922736
-1.68207
0.10545
-0.906062
0.10545
-0.458138
0.10545
0.252034
-0.0261126
0.357032
-0.0261126
-0.0773249
-0.0261126
-0.560816
-0.0261126
0.173142
-0.0261126
0.173142
-0.420636
0.173142
0.106755
0.591301
-0.27421
-0.112632
-0.27421
-0.112632
-0.392965
-0.112632
-0.0665606
0.0825037
0.808681
0.0825037
1.37662
0.0825037
1.37662
0.0825037
0.761324
-0.00204475
-0.206531
0.245268
-0.206531
0.245268
-0.206531
0.245268
-0.206531
0.245268
-0.0589824
0.46755
-0.0589824
0.913216
-0.0589824
0.32005
0.209149
0.32005
0.209149
0.619477
0.209149
0.673673
0.209149
0.449935
-0.151971
-0.414093
-0.151971
0.0588304
-0.830674
0.0588304
-0.181642
0.0588304
-0.454502
0.00129162
-1.42727
0.00129162
-2.2424
0.00129162
-2.6036
0.0334875
-2.20539
0.0334875
-2.23779
0.0334875
-2.14448
0.0334875
-2.48853
0.0334875
-1.95464
0.0334875
-1.86347
0.0334875
-1.75022
0.0334875
-1.26369
0.0334875
-1.52336
0.105611
-1.0243
0.105611
-1.0243
0.105611
-1.33062
0.105611
-1.23775
0.105611
-1.23775
0.105611
-0.650306
0.105611
0.0523796
0.310686
0.0523796
-0.0510314
0.79371
-0.0510314
1.35043
-0.0510314
0.729141
-0.0510314
0.189509
-0.0510314
0.731627
0.143833
0.731627
0.143833
0.731627
0.143833
0.195038
-0.506776
0.195038
-0.224793
0.195038
-0.65489
0.078261
-0.532121
0.078261
0.111018
-0.110318
0.0678788
0.827659
0.0678788
0.827659
0.0678788
0.410014
0.0678788
-0.586651
0.0678788
-0.895949
0.0711008
-0.120689
0.0711008
0.2848
0.0711008
-0.168028
0.0711008
-0.42043
0.101091
0.505814
0.101091
-0.210088
-0.0932659
-0.210088
0.0270605
0.00525266
0.919381
0.00525266
1.88202
0.00525266
2.45585
0.00525266
2.45585
0.00525266
1.83481
0.00525266
1.93735
0.00525266
1.93735
0.00525266
1.74942
0.00525266
1.74942
0.00525266
1.74942
0.00525266
2.17424
0.00525266
2.28128
0.00525266
2.33168
0.00525266
2.33168
0.00525266
2.46484
0.00525266
1.76863
0.00525266
1.64635
0.00525266
1.03412
0.00525266
0.635354
-0.544007
-0.107359
-0.811114
-0.107359
-0.811114
-0.107359
-0.811114
0.187582
-0.811114
-0.21688
0.17715
0.504953
0.17715
0.206692
0.17715
-0.222607
-0.0525015
-0.654209
0.270178
-0.214432
0.270178
-0.214432
0.121768
0.523208
0.224928
-0.143256
0.337008
-0.143256
-0.328481
-0.143256
0.377306
-0.143256
-0.602317
-0.173148
-0.602317
-0.173148
-1.01688
-0.173148
-0.705118
-0.153336
-0.705118
-0.153336
0.249221
-0.153336
0.735961
-0.153336
0.0316856
0.75922
0.0316856
0.75922
0.0316856
0.141114
0.0316856
0.141114
-0.225667
-0.365535
-0.33381
-0.365535
-0.33381
-0.365535
-0.33381
-0.1796
0.0989557
-0.1796
-0.0743449
-0.733672
-0.0743449
0.102217
-0.0854689
0.102217
-0.0854689
0.17457
-0.0854689
1.15159
-0.0854689
1.15159
-0.0854689
1.15159
-0.0854689
0.385306
-0.0854689
0.645086
-0.0854689
0.483089
-0.0854689
0.483089
-0.37335
-0.496933
-0.37335
-0.496933
-0.129922
0.357967
-0.337449
0.357967
-0.337449
0.357967
-0.337449
-0.452412
-0.0172955
-0.452412
-0.0172955
-0.00791089
-0.268089
0.0295223
-0.268089
0.0295223
-0.386156
0.0295223
-0.386156
0.0295223
-0.483814
0.129914
-0.705477
0.129914
-0.705477
0.129914
-0.520552
0.129914
-0.430252
0.129914
-0.640803
0.0963315
-0.640803
0.0963315
0.348833
0.0963315
0.0451775
0.753087
0.0451775
0.952269
-0.0754921
0.962946
-0.0754921
-0.0333641
-0.80024
0.0487039
-0.0737171
0.686198
0.0390147
0.678171
0.0390147
0.329477
0.0390147
-0.329584
0.208817
-0.329584
0.208817
0.184698
-0.0524006
0.122744
-0.604132
0.122744
-0.0815296
0.493547
-0.0815296
0.52305
-0.0815296
-0.183784
-0.0815296
-0.777291
-0.0815296
-0.777291
0.32298
-0.024416
0.376913
-0.024416
0.235474
-0.024416
-0.246459
0.654321
-0.246459
0.645859
-0.185761
0.662116
0.0491408
1.42534
-0.0842749
1.44237
-0.0842749
1.44237
-0.0842749
1.1822
-0.0842749
1.1822
-0.0842749
1.02505
-0.0842749
1.02505
-0.0842749
0.380274
-0.0842749
-0.220302
-0.824709
-0.219324
-0.418843
-0.0672553
0.347757
-0.0895069
-0.519174
-0.0895069
-0.189978
-0.0895069
-0.189978
-0.744153
-0.189978
-0.744153
-0.189978
-0.744153
-0.189978
0.0784846
-0.323593
-0.261081
0.365491
-0.254705
0.0653554
0.276948
0.523775
0.293143
0.523775
0.293143
-0.471081
0.15515
-0.862891
0.15515
0.135603
-0.211293
0.135603
0.159872
0.135603
-0.110591
0.613076
-0.110591
0.0152164
0.428024
0.250895
0.428024
0.250895
-0.208606
-0.490893
-0.445791
-0.490893
-0.445791
-0.490893
0.369423
-0.296266
0.369423
-0.296266
-0.147085
-0.296266
-0.101699
-0.296266
0.186977
0.146847
-0.103555
-0.274558
0.00679741
-0.97866
0.00679741
-0.97866
0.00679741
-0.763185
-0.152252
-0.763185
-0.152252
-0.763185
-0.152252
-0.0160166
-0.101145
0.703856
-0.101145
0.844172
-0.101145
0.115733
0.541997
0.115733
0.310641
-0.269255
0.310641
-0.269255
0.310641
-0.269255
-0.634475
-0.269255
-0.634475
-0.269255
0.272248
0.232784
0.554273
0.104416
0.656425
0.104416
-0.312718
0.35997
-0.312718
0.35997
-0.312718
-0.0527332
-0.312718
-0.11253
-0.367416
-0.11253
-0.375049
-0.11253
-0.0603089
0.655658
-0.0603089
0.376503
-0.0603089
0.376503
-0.0971778
0.202124
-0.359111
0.202124
-0.359111
0.14382
0.0130487
0.997434
0.0130487
0.997434
0.0130487
1.44997
0.0130487
0.97501
0.0130487
0.335959
0.0130487
0.335959
0.0130487
0.5626
0.0130487
-0.166008
-0.613809
-0.166008
-1.15154
-0.0799052
-1.06457
-0.0742268
-0.946076
-0.0742268
-0.523746
-0.0742268
-0.265736
0.225533
-0.265736
0.225533
-0.47774
0.225533
-0.656695
0.225533
-0.656695
-0.0804959
-0.656695
-0.0804959
-0.0359287
0.292749
-0.171682
0.129168
-0.171682
0.129168
0.194336
0.287351
-0.111323
-0.0026276
-0.886504
-0.0026276
-0.886504
-0.0026276
-1.10328
-0.0026276
-1.10328
-0.0026276
-0.142899
-0.0189914
-0.720484
-0.0189914
-0.408738
0.20158
0.13927
0.20158
-0.539856
-0.146681
-1.07742
-0.022173
-0.953082
-0.022173
-0.549627
-0.022173
-0.00207014
-0.880742
-0.00207014
-0.391784
-0.00207014
0.0626023
0.0140665
0.724089
0.0140665
0.80913
0.0140665
1.11207
0.0140665
1.11207
0.0140665
1.11207
0.0140665
0.242049
0.0140665
0.116049
0.0540629
1.04945
0.0540629
0.967621
0.0540629
0.278835
0.0540629
0.23155
0.0540629
0.295969
0.0540629
0.380885
0.0540629
0.380885
0.0540629
0.629687
-0.119852
0.629687
-0.119852
0.629687
-0.119852
-0.158071
-0.165659
0.00879716
-0.165659
0.00879716
0.728063
0.00458653
0.110368
-0.168895
-0.34735
-0.168895
-0.34735
0.0116557
-0.34735
0.185677
0.272625
0.185677
0.148184
-0.550825
0.241377
-0.654485
0.256141
-0.654485
0.256141
-0.431465
0.256141
0.454375
0.219027
0.561101
-0.27168
0.561101
0.250288
0.68541
0.250288
0.043661
-0.0265699
0.130736
-0.176099
0.130736
-0.825522
0.130736
-0.825522
0.130736
0.0936129
-0.374332
0.0936129
-0.813903
0.0936129
-1.48523
0.0936129
-1.48523
-0.0787894
-2.26729
-0.0787894
-2.20695
-0.0787894
-2.32197
-0.0787894
-2.32197
-0.0787894
-2.08084
-0.0787894
-2.08084
-0.0787894
-1.19953
-0.0787894
-0.596179
-0.0787894
-1.04075
-0.00493531
-1.25657
-0.00493531
-1.18543
-0.00493531
-1.18543
-0.00493531
-0.364668
-0.00493531
0.602115
0.00359213
0.602115
0.00359213
0.663425
0.00359213
-0.0781632
0.00894912
-0.0264546
-0.176558
-0.817388
-0.176558
-0.107415
0.0550796
0.820413
0.0550796
0.422019
0.0550796
0.422019
0.0650525
0.422019
0.0650525
0.445099
0.0650525
0.445099
0.0650525
0.361533
-0.279572
0.361533
-0.279572
-0.43334
-0.279572
-0.43334
-0.279572
-0.43334
-0.279572
-0.277599
-0.279572
-0.102693
-0.546396
-0.152226
-0.467427
-0.152226
0.428458
-0.152226
0.428458
-0.152226
0.445549
-0.152226
-0.270469
0.411793
-0.270469
0.208145
-0.19616
0.208145
-0.19616
0.0137186
-0.823283
0.0137186
-0.823283
0.0137186
0.152269
0.808865
0.152269
-0.182152
0.125867
-0.182152
-0.195602
-0.0766881
-0.554373
-0.0766881
-0.554373
0.345087
-0.554373
0.345087
-0.554373
0.345087
-0.554373
0.0510527
0.0532814
0.857527
0.0532814
0.00258023
0.437507
0.00258023
0.929455
0.00258023
0.929455
0.00258023
0.929455
0.00258023
0.242285
0.00258023
-0.22919
0.52887
-0.22919
0.314705
0.152804
0.314705
0.152804
0.314705
0.152804
0.314705
0.152804
0.314705
0.152804
-0.0306191
-0.0401808
-0.190258
-0.71836
0.246874
-0.143367
0.180649
-0.143367
0.180649
0.173369
-0.108623
0.173369
-0.108623
0.173369
-0.533629
0.173369
-0.533629
0.173369
0.0228809
0.173369
0.0228809
0.0904783
0.0396434
-0.436622
0.0396434
-0.212788
0.0396434
0.573252
0.0396434
0.573252
0.0396434
-0.387347
0.0396434
-0.901977
0.0316152
0.0907471
0.146969
-0.868878
0.146969
-0.277126
0.146969
0.545877
0.146969
0.545877
-0.261049
0.102049
-0.323781
0.102049
-0.00153986
0.0704627
-0.646718
0.0704627
-1.63342
0.0704627
-1.63342
0.0704627
-1.15406
0.0704627
-1.31334
0.0704627
-1.73338
0.0704627
-1.42275
0.0704627
-1.03532
0.0704627
-1.03532
-0.0540363
-1.03532
-0.0540363
-0.578425
-0.0540363
0.381286
-0.0540363
0.00035791
0.379509
0.00035791
-0.270001
0.00035791
-0.270001
0.00035791
-0.270001
0.395538
-0.270001
0.193184
-1.10375
0.193184
-1.08157
0.193184
-0.213583
0.204909
-0.213583
-0.0284262
0.266126
-0.0284262
1.04985
-0.0284262
0.682136
-0.0284262
-0.0148048
0.837646
-0.0148048
0.189802
-0.0148048
0.126594
-0.0153504
1.09079
-0.0153504
1.09079
-0.0153504
0.743594
-0.0153504
1.28071
-0.0153504
1.28071
-0.0066603
1.28071
-0.0066603
2.2766
-0.0066603
1.6304
-0.0066603
1.33499
-0.0066603
1.72925
-0.0066603
0.817757
-0.0066603
1.04679
-0.0066603
1.4787
-0.00421437
0.677477
0.144258
0.499194
0.144258
-0.0196195
-0.111695
-0.0711431
-0.111695
-0.0711431
-0.111695
0.880713
-0.111695
0.138469
0.325953
-0.0874338
0.392025
-0.0874338
0.357683
-0.0874338
0.562755
-0.0874338
0.562755
-0.0874338
-0.22716
0.218904
-0.248858
0.218904
-0.157198
0.218904
0.643103
0.218904
0.643103
0.218904
0.336384
0.413886
0.336384
-0.0412145
0.876746
-0.0412145
0.876746
-0.0412145
0.969887
0.0257129
0.504866
0.0257129
0.294932
0.0257129
0.499364
0.0257129
-0.118352
0.0257129
0.135605
0.0257129
-0.359787
-0.703233
0.153376
-0.795641
0.153376
-0.747501
0.153376
-0.200518
0.153376
0.175314
-0.815773
-0.329383
-0.471022
-0.329383
-0.607108
-0.258957
-0.397049
-0.258957
-0.397049
-0.258957
-0.520742
-0.258957
-0.240712
0.00695709
0.230751
0.404685
0.551718
0.404685
0.172025
-0.341843
0.172025
-0.671636
0.172025
-0.739132
0.172025
-0.739132
0.172025
-0.0899878
1.01445
-0.0899878
0.355648
-0.0899878
-0.204807
-0.0191847
0.0533031
0.28246
0.196639
-0.516743
0.196639
-0.623446
0.361727
-0.293232
-0.291854
0.276871
0.0807856
-0.26334
0.509633
-0.277201
0.509633
-0.277201
-0.183216
-0.21519
-0.183216
-0.21519
-0.183216
0.159807
-0.694845
0.159807
0.0692277
-0.69818
0.0692277
-0.356532
-0.23139
-0.705115
-0.23139
-0.705115
-0.23139
-0.322325
-0.23139
-0.322325
-0.23139
-0.322325
-0.23139
-0.322325
0.128164
-0.322325
0.128164
-0.129245
0.0406017
-0.129245
-0.14832
-0.0394116
0.231737
0.362374
0.231737
0.0892328
0.231737
-0.198714
0.231737
-0.198714
0.614472
-0.198714
0.614472
-0.198714
0.662549
0.290003
0.662549
0.290003
0.662549
0.0509895
0.0194701
-0.89547
0.0194701
-0.0421092
0.258716
-0.0513427
-0.122343
0.0369634
-0.122343
-0.485299
0.0126678
-1.0137
0.0126678
-0.960283
0.0126678
-0.455056
0.0126678
0.344064
0.0126678
-0.651443
0.0126678
-0.651443
0.0126678
-1.49971
0.0126678
-1.35613
0.0126678
-0.649258
0.0126678
-1.47312
0.0126678
-1.46208
0.0126678
-1.14908
0.0126678
-1.14908
0.0126678
-1.14908
0.0126678
-0.688617
0.0126678
-0.278801
-0.228746
-0.694021
-0.115307
-0.152873
0.0914861
-0.468034
0.0914861
-0.168664
0.0914861
-0.168664
0.238386
-0.168664
0.238386
0.313117
0.238386
0.313117
0.238386
-0.467934
0.238386
-0.378914
-0.562912
-0.389864
0.309811
-0.389864
-0.458347
-0.0994144
-1.11806
-0.0994144
-0.847577
-0.0994144
-0.801497
-0.0994144
-0.801497
-0.106657
-0.801497
-0.106657
-0.943948
0.122789
-0.943948
0.122789
-0.24341
-0.0145872
-0.0735033
-0.35325
-0.277126
-0.35325
0.24463
-0.553695
0.24463
0.32892
0.24463
0.32892
-0.153302
-0.23308
-0.587872
-0.23308
-0.826287
-0.23308
-0.826287
-0.23308
-0.826287
-0.23308
-1.02194
-0.23308
-0.111151
0.397541
-0.180748
0.327273
-0.180748
0.327273
0.626576
0.327273
0.626576
0.327273
0.626576
0.327273
-0.142344
-0.221193
0.0265668
-0.221193
0.0265668
-0.335381
0.0265668
0.192486
-0.0576268
-0.0919162
0.496539
-0.0919162
-0.398515
-0.0919162
-0.398515
0.163903
0.147399
-0.110995
-0.127944
-1.0675
-0.127944
-1.0675
-0.127944
-0.171752
-0.381249
0.305183
-0.259256
0.305183
-0.259256
0.305183
-0.259256
0.305183
-0.259256
0.305183
-0.210164
-0.0676689
-0.210164
-0.0676689
-0.675722
-0.0676689
0.269349
-0.295684
0.0426281
-0.721976
0.0426281
-0.559057
0.0426281
-0.559057
-0.218821
-0.197312
-1.08945
-0.197312
-1.08945
-0.159479
-0.404853
-0.0736281
-0.71925
-0.0736281
0.271638
-0.0736281
0.271638
0.0571455
0.552005
0.0571455
-0.0671778
0.0571455
-0.489194
0.0571455
-0.489194
0.0571455
-1.46027
0.0571455
-1.46027
0.0571455
-0.531628
0.0571455
-0.0545019
0.710817
-0.0545019
1.20799
-0.0545019
0.829423
-0.0545019
-0.127085
-0.0545019
-0.619963
-0.0545019
-0.407276
-0.0545019
-0.0438505
-0.0545019
-0.151349
-0.0545019
-0.523439
-0.0909416
0.168933
-0.0909416
0.74355
-0.0909416
1.34839
-0.0909416
0.568158
-0.0909416
0.568158
-0.0909416
0.218966
-0.0909416
0.218966
-0.0909416
0.423001
-0.0909416
0.546076
-0.0909416
0.0927243
0.362895
0.0927243
0.978501
0.0927243
0.12435
0.0927243
0.12435
0.199277
0.380246
0.0714693
0.491006
0.154715
0.491006
0.119192
0.293719
0.18772
0.293719
0.00750225
0.145389
0.00750225
0.87861
0.00750225
0.87861
0.00750225
0.87861
0.00750225
0.805344
0.00750225
0.805344
0.00750225
0.335441
-0.00471147
-0.548788
-0.00471147
-0.876058
-0.00471147
-0.446737
-0.00471147
0.0086984
0.790354
-0.173619
0.790354
-0.173619
0.0708871
0.120697
0.213755
0.120697
0.335866
0.120697
0.0122949
0.380465
0.0122949
0.380465
0.0122949
0.380465
0.0122949
0.0989398
0.0122949
0.209183
0.0122949
0.560407
0.0122949
-0.240713
0.0122949
-0.758961
0.0122949
-1.01385
0.0122949
-0.422267
0.0122949
0.391687
-0.0138417
0.721111
-0.0138417
0.205447
0.36159
-0.608915
0.090731
-0.608915
0.1285
-0.0982032
0.1285
-0.709867
-0.170075
-0.709867
-0.170075
-0.438332
-0.502181
-0.153334
0.40372
-0.153334
-0.292581
-0.153334
-0.292581
-0.153334
0.58479
-0.153334
0.311355
0.140284
-0.0588123
0.691893
-0.0588123
0.744358
-0.0588123
0.744358
-0.104766
1.28437
-0.104766
0.383061
-0.104766
0.383061
-0.104766
1.14804
-0.0197709
1.14804
-0.0197709
1.38644
-0.0197709
0.796184
-0.0197709
0.433719
-0.0197709
0.413273
-0.0197709
0.941157
-0.0197709
0.589425
-0.109323
0.350718
-0.109323
0.350718
-0.0735687
0.428283
-0.0735687
0.428283
-0.0735687
0.579245
0.079204
0.812723
-0.142371
0.275887
-0.0241471
0.275887
-0.0241471
0.70587
-0.0241471
0.537214
-0.0241471
0.350845
-0.0241471
0.808221
-0.110033
-0.0482594
0.056497
0.394147
0.169229
0.394147
0.146339
0.394147
0.146339
0.672942
0.146339
0.105338
0.162273
-0.179839
-0.145474
-0.179839
0.62846
-0.179839
0.62846
-0.179839
1.09001
-0.179839
0.827808
-0.0196943
0.827808
-0.0196943
0.827808
-0.0196943
0.827808
0.0853264
0.827808
0.0853264
0.841801
0.0853264
1.21152
0.0853264
0.812239
0.0853264
-0.172482
0.171898
-0.172482
0.227719
0.41697
0.0655063
0.188633
-0.518683
0.188633
-0.573391
0.188633
-0.647301
0.188633
-0.279124
0.188633
-0.279124
0.308219
0.333968
0.19599
0.333968
-0.316699
-0.375345
-0.0220671
0.425618
-0.0220671
0.795705
-0.0220671
-0.0591065
-0.537009
-0.0591065
-1.31235
-0.0591065
-1.11959
-0.0591065
-0.860666
-0.0591065
-0.860666
-0.0591065
-0.51827
-0.0591065
-0.694813
-0.0591065
-0.694813
-0.0591065
-1.01072
-0.0251792
-0.214377
0.249774
-0.0732899
0.194523
-0.106649
0.178799
-0.113477
-0.319484
-0.113477
0.570136
-0.113477
0.602717
-0.113477
-0.339421
-0.113477
-0.387939
-0.113477
0.157703
-0.285786
0.157703
-0.28589
-0.039449
-0.383753
-0.039449
-0.353498
-0.039449
-0.512509
-0.039449
-0.512509
-0.039449
0.00327126
-0.433232
0.00327126
-1.35682
0.00327126
-1.35682
0.00327126
-1.03369
0.00327126
-1.37045
0.00327126
-1.2466
0.00327126
-1.07154
0.00327126
-0.403723
-0.291433
0.017389
0.440425
0.017389
1.24973
0.0836746
1.24973
-0.0500949
1.97842
-0.0500949
1.97842
-0.0500949
1.26854
-0.0500949
1.26854
-0.0500949
0.36001
-0.266881
-0.321931
-0.0382845
-0.401251
-0.0382845
-0.938498
-0.0382845
-0.749106
-0.0382845
-0.376628
-0.0382845
0.59658
-0.0382845
0.157416
-0.278565
0.157416
-1.0098
0.157416
-0.197583
0.157416
-0.412664
0.157416
0.363821
0.0658292
-0.342269
0.0658292
-0.159746
0.0658292
-0.50975
0.0658292
0.427165
0.0658292
-0.157957
-0.368873
0.0993308
0.460215
0.157618
-0.425683
0.157618
-0.425683
0.157618
-0.0186657
-0.298264
-0.0186657
0.61256
-0.0246376
0.163977
0.800289
0.163977
0.800289
0.163977
0.99028
0.163977
0.910527
0.163977
0.789114
0.163977
0.789114
0.163977
0.473297
0.163977
0.937901
0.0326837
0.937901
0.0326837
0.609621
0.0326837
0.335809
0.0326837
-0.371242
0.18874
0.285139
-0.389969
0.248595
-0.740333
0.248595
-0.740333
0.248595
-0.740333
0.248595
0.155205
0.986767
0.155205
0.255394
0.155205
0.255394
-0.406155
0.255394
-0.406155
0.255394
-0.406155
-0.237243
-0.406155
-0.237243
-0.670481
-0.237243
-0.111393
-0.0576831
-0.111393
-0.935569
-0.0919832
-0.285143
-0.0919832
-0.413133
-0.0919832
0.297224
-0.0919832
-0.556935
-0.0919832
0.107066
0.759617
0.107066
0.759617
0.107066
1.45495
0.107066
1.46612
0.107066
1.46612
0.107066
0.564819
0.107066
0.187445
0.646215
0.187445
-0.142867
0.274339
-0.142867
0.274339
-0.0963113
0.377353
-0.0963113
0.241755
-0.416264
-0.27925
-0.416264
0.304398
-0.416264
0.304398
0.0947667
0.0816169
-0.0029047
0.670009
-0.0029047
0.670009
-0.0029047
0.25988
-0.0029047
-0.0369642
-0.380623
-0.0369642
-1.21104
0.0690381
-1.23782
0.0690381
-0.440278
0.272279
-0.438923
0.272279
-0.178846
0.272279
-0.0214898
0.776364
-0.0214898
0.0737135
0.190068
-0.428501
0.190068
-0.631358
0.0121284
-0.474247
0.0121284
0.31605
-0.123481
0.327371
-0.123481
0.327371
-0.0454216
0.224994
-0.0454216
-0.771213
-0.0454216
-1.00452
-0.0454216
-0.632348
-0.0454216
-0.524424
-0.0454216
-0.524424
-0.090816
-0.0551739
-0.150911
-0.0374435
0.142739
0.424329
-0.122052
0.148926
-0.122052
-0.46029
-0.0944373
0.491501
-0.0944373
0.294812
-0.0944373
0.661818
-0.0944373
0.174151
-0.0944373
-0.315593
-0.0944373
-0.315593
-0.279094
-0.315593
0.484215
0.290632
0.484215
0.290632
-0.117246
0.259354
-0.117246
-0.204719
-0.117246
-0.204719
0.450731
-0.0472523
-0.361117
-0.0472523
-0.361117
-0.0472523
-0.361117
-0.0472523
-0.361117
-0.0472523
0.629671
-0.113175
0.629671
0.145553
0.403102
0.145553
0.114475
1.03088
0.114475
1.03088
0.114475
1.08363
0.114475
1.08363
0.114475
0.238443
0.114475
1.013
0.114475
0.0332131
0.0475994
0.430516
0.0475994
0.591008
0.0475994
-0.205742
0.319066
-0.205742
0.319066
-0.205742
0.319066
-0.205742
0.0704214
-0.797499
0.0704214
0.181043
0.0704214
0.181043
-0.179895
0.434408
-0.112291
0.062081
-0.112291
-0.315502
-0.112291
0.0936866
0.321207
0.0936866
0.325153
0.0936866
1.10334
0.0936866
0.42339
0.0936866
-0.116366
-0.517602
-0.293487
-0.517602
0.357456
-0.22141
0.357456
-0.22141
0.122874
-0.136426
0.122874
-0.529348
0.122874
-0.529348
0.122874
0.417416
0.0234498
0.195253
-0.10762
0.195253
-0.10762
-0.487514
-0.12798
0.1613
-0.314651
0.1613
-0.314651
0.240747
-0.314651
0.240747
-0.314651
-0.43555
0.286773
-0.43555
0.122265
-0.711838
0.122265
-0.726333
0.122265
-0.768205
0.122265
-1.32543
0.122265
-0.335853
-0.0410225
-0.702323
-0.0410225
-0.478472
-0.0410225
-1.04902
-0.0410225
-1.29386
-0.0410225
-1.29386
-0.0410225
-1.29386
-0.0410225
-0.694519
-0.0410225
-0.278453
-0.0410225
-0.776376
-0.0410225
-0.997575
-0.0410225
-0.997575
-0.0410225
-0.597655
-0.0410225
-0.660026
-0.0410225
0.0809739
0.72143
0.0809739
0.732965
0.0809739
1.34912
0.0809739
1.34912
0.0809739
0.416277
0.0809739
0.416277
0.0809739
-0.41815
-0.425183
-0.533637
-0.425183
-0.129048
-0.786636
-0.0647367
-1.06959
-0.0647367
-1.06959
-0.0647367
-1.53374
0.0221144
-1.17574
-0.105143
-1.20653
-0.105143
-1.50686
0.126625
-0.526727
0.126625
-0.526727
-0.33419
-0.526727
-0.324083
0.106251
-0.425645
0.106251
-0.425645
0.106251
0.358786
0.106251
-0.379355
-0.391952
-0.379355
-0.391952
-0.379355
0.382553
-0.379355
0.382553
-0.379355
-0.329061
-0.379355
-0.397994
-0.334856
0.0720777
0.325657
-0.326373
-0.0377388
0.310447
-0.0377388
-0.169601
-0.0377388
-0.645118
-0.0377388
0.116623
0.634826
0.19934
0.634826
0.19934
0.634826
0.19934
0.763762
0.19934
0.00107358
1.1378
0.00107358
1.1378
0.00107358
1.60884
0.00107358
1.57738
0.00107358
1.71448
0.00107358
1.71448
0.00107358
1.13255
0.00107358
1.46795
0.00107358
1.96043
0.00107358
1.04506
0.00107358
1.04506
0.00107358
0.985952
0.00107358
0.985952
0.00107358
1.01646
0.00107358
1.87305
0.00107358
2.02567
0.00107358
2.02567
0.00107358
1.24649
0.00107358
0.730225
0.00107358
0.730225
0.00107358
0.669285
0.00107358
0.0586191
-0.658963
-0.124233
-1.01273
-0.124233
-1.2738
-0.124233
-1.2738
-0.124233
-1.2738
-0.124233
-1.2738
-0.124233
-0.544589
-0.124233
-0.544589
-0.124233
-0.544589
-0.124233
-0.544589
-0.124233
-0.161532
-0.943215
-0.161532
-0.576744
0.273473
-0.522157
0.249818
-0.522157
0.28546
-0.103183
-0.180663
-0.103183
-0.587029
0.0251267
-0.0733223
-0.391406
-0.0733223
-0.765425
-0.0733223
-0.765425
-0.0733223
0.115407
-0.906662
0.129971
-0.756456
0.129971
-0.756456
0.055972
-0.756456
0.038131
-0.174805
0.038131
0.735978
0.038131
0.737987
0.038131
-0.0178684
0.883114
0.0551045
1.09729
0.0551045
1.41902
0.0551045
1.19374
0.0551045
1.19374
0.0551045
1.19374
0.136688
1.19374
0.136688
0.686628
0.136688
0.686628
0.136688
0.686628
-0.0356934
0.47495
-0.0356934
-0.168353
0.273898
-0.298554
0.273898
0.353715
0.273898
0.353715
0.273898
0.353715
0.273898
0.500354
-0.114027
0.500354
-0.114027
0.442651
-0.0224731
-0.42008
-0.0224731
0.567222
-0.0224731
0.471341
-0.0224731
-0.149125
-0.0224731
-0.885301
-0.0224731
-1.41364
0.024092
-0.670094
0.024092
-0.4272
0.44005
0.0102888
0.660678
0.0102888
0.660678
0.0102888
0.430814
0.0102888
-0.518964
0.0102888
-0.434295
0.429515
-0.362346
0.429515
-0.362346
0.429515
-0.362346
0.429515
0.344251
-0.034274
1.00687
-0.034274
1.06958
-0.034274
0.287764
-0.369494
0.106894
-0.289683
0.106894
-0.764164
0.106894
-0.764164
0.106894
-0.764164
0.0139266
-0.764164
-0.141429
-0.764164
-0.141429
-0.764164
-0.141429
-0.193446
-0.141429
0.576847
-0.141429
0.576847
-0.141429
0.576847
0.242085
-0.113182
-0.13476
-0.457462
0.173991
-0.481769
0.173991
-0.481769
0.173991
0.391275
-0.315953
0.391275
0.29345
0.391275
0.29345
0.0847637
-0.454103
0.0847637
-0.174657
0.0847637
-0.174657
-0.0238438
-0.192172
-0.200613
-0.0223339
-0.305551
0.364683
0.529063
0.364683
0.529063
0.0399313
0.928035
0.0399313
0.928035
0.0399313
1.14792
0.0399313
1.24115
0.0399313
1.24115
0.0399313
0.899881
0.0399313
0.899881
0.0399313
0.0540004
-0.875566
0.0540004
-0.875566
0.0540004
-1.24878
0.0540004
-1.42853
0.0540004
-1.4328
0.0922314
-1.35208
0.0922314
-0.953673
0.0922314
-0.56991
0.0922314
-0.56991
-0.157413
-0.125704
-0.313736
0.317244
-0.313736
0.0665805
-0.700001
0.0665805
-0.700001
0.0665805
-0.700001
0.0665805
-0.700001
-0.0670287
-0.700001
-0.0152547
-0.45407
-0.0152547
0.443031
-0.254555
0.444777
-0.0361569
0.597867
-0.0361569
0.181995
-0.0361569
-0.597779
-0.0361569
-0.0833618
0.874229
-0.0833618
0.258489
-0.329945
0.491681
-0.329945
-0.0187576
-1.01898
-0.0187576
-0.771652
-0.0187576
-0.818218
-0.0187576
-0.818218
-0.209818
-0.818218
-0.209818
-0.818218
-0.209818
-0.202297
-0.209818
0.0262558
-0.0466447
0.291391
-0.0466447
-0.42339
-0.0466447
0.5098
-0.0466447
0.0633772
0.0303179
-0.00890705
0.0303179
0.174556
0.177457
0.454112
0.177457
0.469964
0.0273514
0.469964
0.0273514
1.38367
0.0273514
1.20438
0.0273514
1.20438
0.0273514
0.221916
0.0273514
0.710784
0.0273514
1.49562
0.0273514
0.848123
0.0273514
1.36134
0.0273514
0.433018
0.0273514
-0.499321
0.0273514
0.150354
0.226549
0.150354
-0.275933
-0.15122
-1.10556
0.223839
-1.03145
0.223839
-1.0272
0.223839
-1.0272
0.223839
-1.0272
0.223839
-0.529327
0.247522
-0.529327
0.247522
-0.276518
0.247522
-0.276518
0.330438
0.154655
0.292929
0.154655
0.0702809
0.294084
0.0510214
-0.178393
0.0510214
-0.178393
0.0510214
0.393579
0.0510214
0.437179
0.0510214
0.988803
0.0510214
0.144745
0.327102
0.144745
-0.112467
0.144745
-0.112467
-0.283046
-0.112467
-1.18921
-0.112467
-0.353915
-0.112467
-0.157053
-0.112467
-0.157053
-0.112467
-0.157053
-0.112467
-0.896725
-0.112467
-0.896725
-0.112467
-0.841702
-0.112467
-0.467234
-0.112467
0.0844457
-1.0435
0.0844457
-0.3299
0.0564298
-0.3299
0.135146
0.113313
0.273321
-0.123212
0.273321
-0.0999135
0.92657
-0.0999135
0.5278
-0.0999135
0.372181
0.211188
1.12635
0.211188
0.939147
0.211188
0.374714
0.211188
0.374714
0.211188
0.374714
0.309949
0.374714
0.309949
0.374714
0.309949
-0.214824
0.53233
-0.214824
-0.419342
-0.481228
0.455447
-0.481228
0.455447
-0.481228
0.455447
-0.089252
-0.164284
0.610136
-0.164284
0.813852
-0.164284
0.813852
-0.0880652
1.62899
-0.0880652
1.07692
0.00182397
1.36724
0.00182397
0.460349
0.105909
0.460349
0.105909
-0.0118266
0.172918
-0.0118266
0.172918
-0.0118266
-0.232607
0.337552
-0.232607
0.337552
-0.232607
-0.112182
-0.161835
-0.912794
-0.161835
-0.912794
-0.0821313
-0.463516
-0.0821313
-0.269213
-0.576643
-0.269213
0.400458
0.243057
-0.187288
0.533159
0.177705
-0.331064
0.527868
0.114703
0.473966
0.114703
0.473966
0.0125951
0.473966
0.0125951
0.148741
0.384806
0.148741
0.384806
0.264476
-0.0881558
-0.132637
-0.253852
0.340977
-0.253852
0.0844826
-0.253852
0.266378
0.0789633
0.266378
0.0789633
0.495173
0.0789633
-0.286831
0.0789633
-0.286831
-0.0538849
-0.837731
-0.0790255
-0.931424
-0.0790255
-0.101626
-0.390101
-0.101626
0.214354
0.323555
0.214354
0.323555
0.214354
0.368141
-0.360344
0.368141
-0.371462
-0.218699
-0.0251751
0.277504
0.448395
0.277504
-0.0714771
-0.657564
0.160902
-0.261466
-0.147531
-0.377217
-0.147531
-0.195457
-0.147531
-0.195457
-0.330245
-0.195457
-0.350465
-0.206421
0.194094
-0.477116
0.194094
-0.0970743
0.179324
0.68353
0.179324
0.68353
0.179324
0.684915
0.179324
0.522074
0.179324
-0.261006
0.179324
-0.261006
-0.162964
0.550076
0.17147
0.394885
0.17147
0.394885
0.17147
0.926033
0.17147
1.19325
0.17147
0.86578
0.17147
0.86578
0.17147
0.873351
0.109808
1.16213
0.109808
0.473874
0.109808
0.910132
0.079719
0.245678
0.079719
-0.458258
-0.130694
0.133399
0.286651
0.133399
-0.162124
-0.0664504
0.439282
-0.085403
-0.30315
-0.085403
0.023927
-0.265815
0.023927
-0.697488
-0.0094706
-0.228828
-0.0094706
0.0263822
-0.675378
0.0263822
0.248005
0.0263822
0.248005
0.0263822
0.247556
0.106035
-0.463956
0.183371
0.112838
-0.13712
-0.523123
-0.13712
-0.523123
-0.13712
-0.434205
-0.13712
-0.434205
-0.0261045
-0.059895
0.887236
-0.059895
0.835984
-0.059895
0.835984
-0.059895
0.162186
-0.059895
-0.11646
-0.059895
0.374001
-0.059895
0.415637
-0.367442
0.415637
-0.367442
0.415637
-0.126468
0.217211
-0.28167
0.217211
0.420014
0.217211
0.420014
0.217211
-0.255987
0.217211
-0.873724
-0.158015
-0.873724
0.146411
-0.408476
0.146411
-0.408476
0.146411
0.457714
0.146411
0.457714
0.146411
0.457714
0.146411
-0.242604
1.09103
-0.242604
1.12004
-0.108742
0.517706
-0.0521502
1.18478
-0.0521502
0.399172
-0.0521502
0.399172
-0.523506
0.399172
-0.523506
-0.425135
-0.523506
-0.420867
0.222404
0.576088
0.222404
0.312806
-0.060944
0.994565
-0.060944
1.30276
0.248684
0.453678
0.248684
-0.164153
-0.655788
-0.164153
-0.158906
0.0745267
-0.377059
0.0745267
-0.0480299
0.0745267
-0.453867
0.0745267
0.51037
0.0745267
-0.484932
0.0974448
-0.440794
-0.0210749
0.424952
-0.0210749
-0.0565171
0.782375
0.00807475
0.94914
0.00807475
1.07812
0.00807475
0.756977
0.00807475
0.756977
0.00807475
0.756977
0.00807475
0.697139
-0.15923
-0.172422
0.400278
-0.172422
0.156047
-0.431596
0.156047
0.48153
0.156047
-0.225999
-0.0837673
-0.216076
-0.0837673
-0.216076
0.200744
0.029729
0.523977
0.029729
0.523977
0.029729
1.2951
0.029729
1.2951
0.029729
1.2951
0.029729
0.814788
0.029729
0.323803
0.029729
0.609529
0.029729
-0.380431
0.029729
-1.281
0.0797182
-0.71877
0.0797182
-0.489152
-0.0856419
-0.855319
-0.0856419
-1.19854
-0.0290782
-0.941213
-0.0290782
-1.66723
-0.0290782
-1.40901
-0.0290782
-1.40901
-0.0290782
-1.40901
-0.0290782
-1.14703
-0.0290782
-1.14703
0.150777
-0.278139
0.150777
-0.278139
0.198942
0.527302
-0.139382
0.675261
-0.0999783
0.187771
0.248503
0.187771
-0.332542
-0.0233467
-0.439588
-0.0233467
-0.317685
-0.0233467
-0.317685
-0.354735
-0.0789945
0.176355
-0.0789945
-0.521928
0.382144
0.252958
0.0749892
-0.530958
0.0749892
0.140269
-0.728095
0.140269
-0.728095
0.140269
0.239543
-0.0388945
0.239543
-0.0388945
0.402345
-0.0388945
-0.316629
0.0697128
0.21286
0.0697128
0.430186
0.0522142
1.12263
0.0522142
0.781508
0.0522142
0.0435488
-0.356507
0.462066
-0.356507
-0.297446
-0.258648
0.139612
0.314994
0.139612
0.314994
0.392549
0.124014
0.221618
0.757844
-0.144227
0.757844
-0.223295
-0.0588294
0.597218
-0.0588294
1.0212
-0.0588294
0.985814
-0.0588294
1.16755
-0.0588294
0.996492
-0.0588294
0.929489
-0.0588294
0.971578
-0.0588294
0.223481
-0.0588294
0.348452
-0.320137
0.0625757
0.0301814
-0.815672
-0.0775232
-0.815672
-0.0426142
0.159269
0.3784
0.159269
0.762358
0.159269
0.762358
0.159269
0.762358
0.159269
0.105479
0.0333633
0.105479
0.0333633
0.221469
-0.490937
0.221469
-0.207608
0.221469
-0.207608
0.446117
-0.207608
0.398943
-0.207608
0.398943
-0.0689512
-0.546987
-0.0689512
-0.546987
-0.160097
-1.13593
-0.160097
-0.934521
-0.160097
-0.340334
-0.407328
-0.340334
-0.407328
-0.340334
-0.399266
-0.428622
-0.399266
-0.428622
0.453284
0.158228
-0.0839379
0.158228
-0.0839379
0.50517
0.0779639
0.0426874
0.565249
0.0426874
-0.198501
-0.0959224
-0.629776
-0.0959224
-1.00764
-0.0959224
-1.00764
-0.0959224
-0.936203
-0.0959224
-0.668935
-0.0959224
-0.298595
-0.11247
-0.691401
-0.11247
-0.497091
-0.11247
-0.331028
-0.11247
0.124167
0.625587
0.124167
0.167809
0.411454
-0.318073
0.171199
0.239391
0.0685611
-0.579944
0.0685611
-0.828574
0.0685611
-0.939431
0.0685611
-0.961315
0.0685611
-1.0181
0.0685611
-0.712898
0.0685611
-1.03889
0.0685611
-1.03889
-0.132595
-1.03889
0.0351547
-1.12571
0.0351547
-1.25124
0.0736548
-0.315627
0.0736548
-0.315627
-0.101195
-0.518113
-0.00694014
-0.710359
-0.110334
-0.00108506
-0.31822
-0.00108506
-0.554065
-0.00108506
-1.05524
0.0743453
-1.05524
0.0743453
-0.416865
0.0743453
0.519593
0.0743453
-0.103906
0.0743453
0.753103
0.0743453
0.109372
0.0743453
-0.730182
-0.0203597
-0.382839
0.243414
0.0575428
-0.198166
0.0575428
-0.198166
-0.665016
-0.198166
-0.665016
-0.198166
0.183886
0.0807832
-0.0352791
0.128832
-0.561034
0.174505
-0.561034
-0.0038875
-0.426966
-0.0038875
-1.2064
-0.0038875
-0.84821
-0.0038875
-1.46986
-0.0038875
-1.57523
-0.0038875
-1.06259
-0.0038875
-1.39909
-0.0038875
-0.728329
-0.0038875
-0.101248
-0.0038875
-0.101248
-0.0038875
-0.206279
-0.0038875
-0.644899
-0.0038875
0.132691
-0.806292
0.132691
-0.418712
0.132691
-0.555606
0.132691
0.287457
0.450148
-0.170786
-0.19979
-0.170786
0.362482
-0.100525
-0.455435
-0.100525
-0.275287
-0.100525
-0.191726
0.271232
-0.191726
-0.237747
-0.191726
-0.539253
-0.10905
-0.539253
-0.10905
-0.0753951
-0.470039
-0.0753951
-0.323693
0.362228
0.0144577
-0.222369
0.0144577
0.2056
0.0144577
0.287269
0.0144577
0.287269
0.0144577
-0.264547
0.0144577
0.319081
-0.215302
0.193147
-0.215302
0.2318
0.357966
0.2318
-0.237664
0.2318
-0.237664
-0.073034
0.505081
-0.073034
0.554386
0.100016
-0.43924
0.100016
-0.535954
-0.19603
0.0446646
-0.124396
0.0446646
-0.520863
0.0446646
-0.520863
-0.0429127
-0.896476
-0.0429127
-0.967438
0.0487381
-1.19586
0.0487381
-1.19586
0.0487381
-0.832034
0.0487381
-0.103092
0.0882958
-0.103092
-0.232788
0.246194
-0.232788
0.00379539
-0.661362
0.00379539
-0.661362
0.00379539
-0.661362
0.00379539
-0.683269
0.00379539
-0.683269
0.00379539
-0.683269
0.00379539
-1.01672
0.00379539
-0.310071
-0.62005
-0.310071
0.124426
-0.310071
0.124426
-0.903873
0.124426
-0.661412
0.00927177
-1.34348
0.00927177
-1.34348
0.00927177
-1.3094
0.0114906
-1.3094
0.0114906
-1.12215
0.0114906
-1.10763
0.0114906
-1.10763
0.0114906
-1.15273
0.0114906
-1.2462
0.0114906
-1.2462
0.0114906
-0.609454
0.0114906
0.295323
0.156516
0.504744
0.156516
0.504744
-0.424543
-0.0774713
-0.323354
-0.0774713
0.443781
-0.0541681
0.693638
-0.0541681
0.318452
0.126953
0.318452
0.126953
0.628485
0.126953
1.12279
-0.110604
1.07743
-0.110604
0.624719
-0.110604
0.619917
-0.110604
0.0152369
0.364918
0.0152369
0.914206
0.0152369
1.03881
0.0152369
1.03881
0.0152369
0.789697
0.0152369
0.789697
0.0152369
0.0764842
0.298397
0.0764842
0.402504
0.0764842
0.402504
0.0764842
0.160441
0.325485
0.160441
-0.466995
0.160441
-0.466995
0.160441
0.260395
0.160441
0.260395
0.133698
-0.190385
-0.21179
-0.190385
-0.169502
-0.363891
0.172097
-0.363891
0.172097
0.072701
0.172097
0.072701
0.158473
0.550784
0.158473
-0.306905
0.158473
-1.21119
0.158473
-0.838029
0.158473
-0.230681
0.158473
-0.388506
0.158473
-0.388506
0.158473
0.176538
0.609809
0.176538
-0.252777
0.218305
-0.443652
0.218305
-0.0520942
0.218305
-0.720592
-0.0514189
-0.595242
-0.0514189
-0.595242
-0.0514189
-0.927435
-0.0514189
-0.0964187
-0.924839
0.2334
-0.586865
0.2334
0.126809
-0.489824
0.126809
-0.489824
-0.1438
-0.489824
-0.1438
0.0163944
0.46072
0.0163944
0.598376
0.0163944
0.598376
-0.220781
0.561814
-0.220781
0.341524
-0.220781
0.693585
-0.220781
-0.216479
0.0374277
-0.216479
-0.307582
-0.216479
-0.307582
0.0898195
-0.846516
-0.13432
-0.589955
-0.13432
-0.589955
-0.13432
-0.820239
-0.13432
-0.157116
0.130449
0.681815
0.130449
0.469689
-0.0750325
0.354373
-0.0750325
0.159705
-0.878883
0.159705
-0.620091
-0.204544
-0.832993
-0.204544
-0.923603
-0.204544
-0.423218
-0.204544
-0.423218
-0.204544
-0.65216
-0.204544
0.040945
-0.704255
0.0663951
-0.393901
0.0183716
-0.835254
0.0183716
-0.430911
0.0183716
-0.430911
0.0183716
-0.356035
0.0183716
0.00665091
0.265212
0.00665091
0.265212
0.00665091
0.296373
0.00665091
0.907254
0.00665091
0.907254
0.00665091
0.698377
0.00665091
0.839659
0.00665091
1.72377
0.00665091
1.78682
0.00665091
1.78682
-0.0740836
0.828082
-0.0740836
0.828082
-0.0740836
0.828082
-0.0740836
0.371047
-0.0740836
-0.444946
-0.0740836
0.456826
-0.0740836
-0.177958
0.460049
-0.177958
0.428322
-0.177958
0.428322
0.182804
-0.450125
-0.18019
-0.450125
-0.18019
-0.450125
-0.18019
-0.375332
-0.0475059
-0.375332
-0.0475059
-1.26078
-0.0475059
-2.19878
-0.0475059
-2.19878
-0.0475059
-2.19878
-0.0475059
-1.45413
-0.0475059
-1.2938
-0.0475059
-2.28814
-0.0595801
-2.16722
-0.0595801
-2.16722
-0.0595801
-2.16722
-0.0595801
-2.82691
-0.0595801
-3.01628
-0.0595801
-2.98464
-0.0595801
-2.82879
-0.0595801
-2.92996
-0.0380225
-2.64601
-0.0380225
-1.8234
-0.0380225
-1.8234
-0.0380225
-1.8234
-0.0380225
-1.8234
-0.0380225
-1.78776
-0.0380225
-1.8388
-0.0380225
-1.2813
-0.0380225
-0.339673
0.164113
0.00958308
0.164113
-0.621526
0.164113
-0.643842
0.250702
-0.212458
0.250702
-0.317458
0.250702
0.479513
0.250702
0.479513
0.164971
0.659248
-0.358969
0.030054
-1.07991
0.030054
-1.07117
0.030054
-1.07117
0.030054
-0.847693
0.030054
-1.54594
0.030054
-1.54594
0.030054
-1.75364
0.030054
-1.93054
0.030054
-1.93054
0.030054
-1.63724
0.030054
-1.63724
0.030054
-1.76004
0.030054
-1.76004
0.030054
-1.94975
0.0799984
-1.94975
0.0799984
-1.0032
0.0799984
-1.0032
0.0799984
-1.0032
0.0799984
-1.0032
0.0799984
-1.0032
0.0799984
-0.297852
-0.230533
0.483385
0.246284
-0.499942
0.246284
0.392979
0.246284
0.392979
-0.379471
0.392979
-0.379471
-0.163482
0.0321711
-0.832728
0.0321711
-0.000997168
-0.638483
-0.000997168
-0.638483
-0.000997168
-1.34299
-0.000997168
-1.32535
-0.000997168
-1.02929
-0.000997168
-1.02929
-0.000997168
-1.02929
-0.000997168
-1.03255
-0.000997168
-1.03255
-0.000997168
-1.03255
-0.000997168
-1.32998
-0.000997168
-1.58411
-0.000997168
-1.05925
-0.000997168
-0.622265
-0.000997168
-0.382655
-0.000997168
-0.879833
-0.000997168
-1.05189
-0.000997168
-1.05189
-0.000997168
-1.05504
-0.000997168
-0.901618
0.0433508
-0.901618
0.0433508
-0.901618
-0.0775553
-1.75303
-0.0775553
-1.07989
-0.0775553
-1.21349
-0.0775553
-1.02713
-0.0775553
-1.02713
-0.0775553
-1.02713
-0.0775553
-0.388798
-0.0775553
0.0811059
0.741104
0.0811059
0.741104
0.0811059
0.296491
0.0811059
-0.595705
0.0863647
-0.858334
0.0863647
-0.858334
0.0863647
-0.858334
0.157572
-0.858334
0.157572
-0.0542073
0.634307
-0.0542073
1.25553
-0.0542073
0.350078
-0.0542073
-0.355756
-0.0542073
0.55051
-0.0542073
0.55051
-0.0542073
0.55051
-0.0481902
1.121
-0.0481902
1.121
-0.0481902
1.0192
-0.0481902
1.02148
-0.0481902
1.49354
-0.0481902
1.49354
-0.0481902
0.913467
-0.0924326
1.34065
-0.0679862
1.34065
-0.0679862
0.991422
-0.0679862
1.79746
-0.0679862
1.34861
-0.0679862
1.34861
-0.0679862
1.77784
-0.0679862
1.72694
-0.0173397
0.953668
-0.0525387
0.953668
-0.0525387
0.769572
-0.0525387
1.07663
-0.0525387
0.200668
0.512643
0.200668
0.512643
0.200668
0.563036
-0.234449
0.563036
-0.0664525
0.960359
-0.0664525
-0.00018891
0.0496327
-0.836593
0.0496327
-0.954703
0.0496327
-0.619886
0.0496327
-0.619886
-0.0360902
-0.150074
0.276686
-0.150074
0.276686
0.117401
0.00220719
-0.845523
0.00220719
-0.144625
0.599724
acc = 0.517583
