-0.0152559
-0.847121
-0.0152559
-0.847121
-0.0152559
-2.7382
-0.0152559
-2.50658
-0.0152559
-2.50658
-0.0152559
-2.50658
-0.0152559
2.03985
-0.0152559
2.03985
-0.0152559
1.1308
-0.0152559
1.1308
-0.0152559
1.1308
-0.0152559
1.1308
-0.0152559
1.1308
-0.0152559
1.1308
-0.0152559
1.1308
-0.0152559
1.1308
-0.0152559
1.1308
-0.0152559
1.1308
-0.0152559
1.1308
-0.0152559
1.1308
-0.0152559
1.1308
-0.0152559
1.1308
-0.0152559
1.88584
-0.0152559
-1.42327
-0.0152559
-1.42327
-0.0152559
-1.42327
-0.0152559
-1.42327
-0.0152559
-1.42327
-0.0152559
-1.42327
-0.0152559
-1.42327
-0.0152559
-1.42327
-0.0152559
-1.42327
-0.0152559
-1.42327
-0.0152559
-1.42327
-0.0152559
-1.42327
-0.0152559
-1.42327
-0.0152559
0.517705
-0.0152559
0.729309
-0.0152559
0.729309
-0.0152559
0.729309
-0.0152559
0.729309
-0.0152559
0.729309
-0.0152559
0.729309
-0.0152559
0.729309
-0.0152559
0.729309
-0.0152559
0.729309
-0.0152559
-0.672194
-0.0152559
-0.672194
-0.0152559
-0.672194
-0.0152559
-0.672194
-0.0152559
-0.672194
-0.0152559
-0.672194
-0.0152559
-0.672194
-0.0152559
-0.672194
-0.0152559
-0.672194
-0.0152559
-0.672194
-0.0152559
-0.672194
-0.0152559
0.161823
-0.0152559
0.161823
-0.0152559
0.161823
-0.0152559
-1.36292
-0.0152559
-1.36292
-0.0152559
-1.36292
-0.0152559
-1.36292
-0.0152559
-1.36292
-0.0152559
-1.36292
-0.0152559
-1.36292
-0.0152559
-1.36292
-0.0152559
-1.36292
-0.0152559
-1.36292
-0.0152559
-0.23801
-0.0152559
-0.23801
-0.0152559
-0.23801
-0.0152559
-0.23801
-0.0152559
-0.23801
-0.0152559
2.13381
-0.0152559
2.13381
-0.0152559
2.13381
-0.0152559
2.13381
-0.0152559
2.13381
-0.0152559
2.13381
-0.0152559
-1.52863
-0.0152559
-1.52863
-0.0152559
-1.52863
-0.0152559
-1.52863
-0.0152559
-1.52863
-0.0152559
-1.52863
-0.0152559
-1.52863
-0.0152559
-1.52863
-0.0152559
-1.52863
-0.0152559
-1.52863
-0.0152559
-1.52863
-0.0152559
1.4736
-0.0152559
1.4736
-0.0152559
1.4736
-0.0152559
1.4736
-0.0152559
1.4736
-0.0152559
1.4736
-0.0152559
1.4736
-0.0152559
1.4736
-0.0152559
1.4736
-0.0152559
1.4736
-0.0152559
1.4736
-0.0152559
1.4736
-0.0152559
1.4736
-0.0152559
1.4736
-0.0152559
1.4736
-0.0152559
1.4736
-0.0152559
1.4736
-0.0152559
1.4736
-0.0152559
1.4736
-0.0152559
1.4736
-0.0152559
1.4736
-0.0152559
1.4736
-0.0152559
1.4736
-0.0152559
1.4736
-0.0152559
1.4736
-0.0152559
-1.05512
-0.0152559
-1.05512
-0.0152559
-1.05512
-0.0152559
-1.05512
-0.0152559
-1.05512
-0.0152559
-1.05512
-0.0152559
-1.05512
-0.0152559
-1.05512
-0.0152559
-1.05512
-0.0152559
-1.05512
-0.0152559
-1.05512
-0.0152559
-1.05512
-0.0152559
-1.05512
-0.0152559
-1.05512
-0.0152559
-1.05512
-0.0152559
-1.05512
-0.0152559
-1.05512
-0.0152559
-1.05512
-0.0152559
-1.05512
-0.0152559
-1.05512
-0.0152559
-1.05512
-0.0152559
-1.05512
-0.0152559
-1.05512
-0.0152559
-1.05512
-0.0152559
-1.05512
-0.0152559
-1.05512
-0.0152559
-1.05512
-0.0152559
-1.05512
-0.0152559
-1.05512
-0.0152559
-1.05512
-0.0152559
-1.05512
-0.0152559
-1.05512
-0.0152559
-1.05512
-0.0152559
-1.05512
-0.0152559
-1.05512
-0.0152559
-1.05512
-0.0152559
-1.05512
-0.0152559
-1.05512
-0.0152559
-1.05512
-0.0152559
-1.05512
-0.0152559
-1.05512
-0.0152559
-1.05512
-0.0152559
-1.05512
-0.0152559
-1.05512
-0.0152559
-1.05512
-0.0152559
-1.05512
-0.0152559
-1.05512
-0.0152559
-1.05512
-0.0152559
-1.05512
-0.0152559
-1.05512
-0.0152559
-1.05512
-0.0152559
-0.873951
-0.0152559
-0.873951
-0.0152559
-0.873951
-0.0152559
-0.873951
-0.0152559
-0.873951
-0.0152559
-0.873951
-0.0152559
-0.873951
-0.0152559
-2.14531
-0.0152559
1.46009
-0.0152559
1.46009
-0.0152559
1.46009
-0.0152559
1.46009
-0.0152559
0.85098
-0.0152559
0.85098
-0.0152559
0.85098
-0.0152559
0.85098
-0.0152559
0.85098
-0.0152559
0.85098
-0.0152559
0.85098
-0.0152559
0.85098
-0.0152559
1.82081
-0.0152559
1.82081
-0.0152559
1.24224
-0.0152559
1.24224
-0.0152559
1.24224
-0.0152559
1.24224
-0.0152559
1.24224
-0.0152559
1.24224
-0.0152559
1.24224
-0.0152559
1.24224
-0.0152559
1.24224
-0.0152559
1.24224
-0.0152559
1.24224
-0.0152559
1.24224
-0.0152559
1.24224
-0.0152559
1.24224
-0.0152559
1.24224
-0.0152559
1.24224
-0.0152559
1.24224
-0.0152559
1.24224
-0.0152559
1.24224
-0.0152559
1.24224
-0.0152559
1.24224
-0.0152559
1.24224
-0.0152559
1.24224
-0.0152559
1.24224
-0.0152559
1.24224
-0.0152559
1.24224
-0.0152559
1.24224
-0.0152559
-1.18517
-0.0152559
-1.18517
-0.0152559
-1.18517
-0.0152559
-1.18517
-0.0152559
-1.18517
-0.0152559
-1.18517
-0.0152559
-1.18517
-0.0152559
-1.18517
-0.0152559
-1.18517
-0.0152559
-1.18517
-0.0152559
-1.18517
-0.0152559
-1.18517
-0.0152559
-1.12563
-0.0152559
-1.12563
-0.0152559
-1.12563
-0.0152559
-1.12563
-0.0152559
-1.12563
-0.0152559
-1.12563
-0.0152559
-1.12563
-0.0152559
-1.12563
-0.0152559
-1.12563
-0.0152559
-1.12563
-0.0152559
-1.12563
-0.0152559
-1.12563
-0.0152559
-1.12563
-0.0152559
-1.12563
-0.0152559
-1.12563
-0.0152559
-1.12563
-0.0152559
-1.12563
-0.0152559
-1.12563
-0.0152559
-1.12563
-0.0152559
-1.12563
-0.0152559
-1.12563
-0.0152559
-1.12563
-0.0152559
-1.12563
-0.0152559
-1.12563
-0.0152559
-1.12563
-0.0152559
-1.12563
0.154337
-1.12563
0.154337
-1.12563
0.154337
-1.12563
0.154337
-1.12563
0.154337
-1.12563
0.154337
-1.12563
0.154337
-1.12563
0.154337
-1.12563
0.154337
-1.12563
0.154337
-1.12563
0.154337
-1.12563
0.154337
-1.12563
0.154337
-1.12563
0.154337
-1.12563
0.154337
-1.12563
0.154337
-1.12563
0.154337
-1.12563
0.154337
-1.12563
0.154337
-1.12563
0.154337
-1.12563
0.154337
-1.12563
0.154337
-1.12563
0.154337
-1.12563
0.154337
-1.12563
0.154337
-1.12563
0.154337
-1.12563
0.154337
-1.12563
0.154337
-1.12563
0.154337
-1.12563
0.154337
-1.12563
0.154337
-1.12563
0.154337
-1.12563
0.154337
-1.12563
0.154337
-1.12563
0.154337
0.604495
0.154337
-0.69928
0.154337
-0.69928
0.154337
0.472906
0.154337
0.472906
0.154337
0.472906
0.154337
0.472906
0.154337
0.472906
0.154337
0.472906
0.154337
0.472906
0.154337
0.472906
0.154337
0.472906
0.154337
0.472906
0.154337
0.472906
0.154337
0.472906
0.154337
0.472906
0.154337
0.472906
0.154337
0.472906
0.154337
0.472906
0.154337
0.472906
0.154337
0.472906
0.154337
0.472906
0.154337
0.472906
0.154337
0.472906
0.154337
0.472906
0.154337
0.472906
0.154337
0.472906
0.154337
0.472906
0.154337
0.472906
0.154337
0.472906
0.154337
0.472906
0.154337
0.472906
0.154337
0.472906
0.154337
0.472906
0.154337
0.447233
0.154337
0.447233
0.154337
0.447233
0.154337
0.447233
0.154337
0.447233
0.154337
0.447233
0.154337
0.447233
0.154337
0.447233
0.154337
0.447233
0.154337
0.447233
0.154337
0.447233
0.154337
0.447233
0.154337
0.447233
0.154337
0.447233
0.154337
0.447233
0.154337
0.447233
0.154337
0.447233
0.154337
0.447233
0.154337
0.447233
0.154337
0.447233
0.154337
0.447233
0.154337
0.447233
0.154337
0.447233
0.154337
0.447233
0.477226
0.447233
0.477226
0.447233
0.477226
0.447233
0.477226
0.447233
0.477226
0.447233
0.477226
0.447233
0.477226
0.447233
0.477226
0.447233
0.477226
0.447233
0.477226
0.447233
0.477226
0.447233
0.477226
0.447233
0.477226
0.447233
-0.42751
0.447233
-0.42751
0.447233
-0.42751
0.447233
-0.42751
0.447233
-0.42751
0.447233
-0.42751
0.447233
-0.42751
0.447233
-0.42751
0.447233
-0.42751
0.447233
-0.42751
0.447233
-0.42751
0.447233
-0.42751
0.447233
-0.42751
0.447233
-0.42751
0.447233
-0.42751
0.447233
-0.42751
0.447233
-0.42751
0.447233
-0.42751
0.447233
-0.42751
0.447233
-0.42751
0.447233
-0.42751
0.447233
-0.42751
0.447233
-0.42751
0.447233
-0.42751
0.447233
-0.42751
0.447233
-0.42751
0.447233
-0.42751
0.447233
-0.42751
0.447233
-0.42751
0.447233
-0.42751
0.447233
-0.42751
0.447233
-0.42751
0.447233
-0.42751
0.447233
-0.42751
0.447233
-0.42751
0.447233
-0.42751
-0.137838
-0.42751
-0.137838
-0.42751
-0.137838
-0.42751
-0.137838
-0.42751
-0.137838
-0.42751
-0.137838
-0.42751
-0.137838
-0.42751
-0.137838
-0.42751
-0.137838
-0.42751
-0.137838
-0.42751
-0.137838
-0.42751
-0.137838
-0.42751
-0.137838
-0.42751
-0.137838
-0.42751
-0.137838
-0.42751
-0.137838
-0.42751
-0.137838
-0.42751
-0.137838
-0.42751
-0.137838
-0.42751
-0.137838
-0.42751
-0.137838
-0.42751
-0.137838
-0.42751
-0.137838
-0.42751
-0.137838
-0.42751
-0.137838
-0.42751
-0.137838
-0.42751
-0.137838
-0.42751
-0.137838
-0.42751
-0.137838
-0.42751
-0.287238
-0.42751
-0.287238
-0.42751
-0.287238
-0.42751
-0.287238
-0.42751
-0.287238
-0.42751
-0.287238
-0.42751
-0.287238
-0.42751
0.00481725
-0.42751
0.00481725
-0.42751
0.00481725
-0.42751
0.00481725
-0.42751
0.00481725
-0.42751
0.00481725
-0.42751
0.00481725
-0.42751
0.00481725
-0.42751
0.0189642
-0.42751
0.0189642
-0.42751
0.0189642
-0.42751
0.0189642
1.23683
0.0189642
1.23683
0.0189642
1.23683
0.0189642
1.23683
0.0189642
1.20282
0.0189642
1.20282
0.0189642
1.20282
0.0189642
1.20282
0.0189642
1.20282
0.0189642
1.20282
0.0189642
1.20282
0.0189642
1.20282
0.0189642
1.20282
0.0189642
1.20282
0.0189642
1.20282
0.0189642
1.20282
0.0189642
1.20282
0.0189642
1.20282
0.0189642
1.80811
0.0189642
1.80811
0.0189642
1.80811
0.0189642
1.80811
0.0189642
1.80811
0.0189642
1.80811
0.0189642
1.80811
0.0189642
1.80811
0.0189642
1.80811
0.0189642
1.80811
0.0189642
1.80811
0.0189642
1.80811
0.0189642
1.80811
0.0189642
1.80811
0.0189642
1.80811
0.0189642
1.80811
0.0189642
1.80811
0.0189642
1.80811
0.0189642
1.80811
0.0189642
1.80811
0.0189642
0.561332
0.0189642
0.561332
0.0189642
0.561332
0.0189642
0.561332
-0.178079
0.561332
-0.178079
0.561332
-0.178079
0.561332
-0.178079
0.561332
-0.178079
0.561332
-0.178079
0.561332
-0.178079
0.561332
-0.178079
0.561332
-0.178079
0.561332
-0.178079
0.561332
-0.178079
0.561332
-0.178079
0.561332
-0.178079
0.561332
-0.178079
0.561332
-0.178079
-1.04352
-0.178079
-1.04352
-0.178079
-1.04352
-0.178079
-1.04352
-0.178079
-1.04352
-0.178079
-1.04352
-0.178079
-1.04352
-0.178079
-1.04352
-0.178079
-1.04352
-0.178079
1.8081
-0.178079
1.8081
-0.178079
1.8081
-0.178079
1.8081
-0.178079
1.8081
-0.178079
1.8081
-0.178079
1.8081
-0.178079
1.8081
-0.178079
1.8081
-0.178079
1.8081
-0.178079
1.8081
-0.178079
1.8081
-0.178079
1.8081
-0.178079
1.8081
-0.178079
1.8081
-0.178079
1.8081
-0.178079
1.8081
-0.178079
1.8081
-0.178079
1.8081
-0.178079
1.8081
-0.178079
1.8081
-0.178079
1.8081
-0.178079
1.8081
-0.178079
1.8081
-0.178079
1.8081
-0.178079
1.7589
-0.178079
1.7589
-0.178079
1.7589
-0.178079
1.7589
-0.178079
1.7589
-0.178079
1.7589
-0.178079
1.7589
-0.178079
1.7589
-0.178079
1.7589
-0.178079
-0.0899826
-0.178079
-0.0899826
-0.178079
-0.0899826
-0.178079
-0.0899826
-0.178079
-0.0899826
-0.178079
-0.0899826
-0.178079
-0.0899826
-0.178079
-0.18203
-0.178079
-0.18203
-0.178079
-0.18203
-0.178079
-0.18203
-0.178079
-0.18203
-0.178079
-0.18203
-0.178079
-0.18203
-0.178079
-0.18203
-0.178079
-0.18203
-0.178079
-0.18203
-0.178079
-0.18203
-0.178079
-0.18203
-0.178079
-0.18203
-0.178079
-0.18203
-0.178079
-0.18203
-0.178079
-0.18203
-0.178079
-0.18203
-0.178079
-0.18203
-0.178079
-0.18203
-0.178079
-0.18203
-0.178079
-0.18203
-0.178079
-0.18203
-0.178079
-0.18203
-0.178079
-0.18203
-0.178079
-0.18203
-0.178079
-0.18203
-0.178079
-0.18203
-0.178079
-0.18203
-0.178079
-0.18203
-0.178079
-0.18203
-0.178079
-0.18203
-0.178079
-0.18203
-0.178079
-0.18203
-0.178079
-0.18203
-0.178079
-0.18203
-0.178079
-0.18203
-0.178079
-0.18203
-0.178079
-0.18203
-0.178079
-0.18203
-0.178079
-0.18203
-0.178079
-0.18203
-0.178079
-0.18203
-0.178079
-0.18203
-0.178079
-0.18203
-0.178079
-0.18203
-0.178079
-0.18203
-0.178079
-0.18203
-0.178079
-0.18203
-0.178079
-0.18203
-0.178079
-0.18203
-0.178079
-0.18203
-0.178079
-0.18203
-0.178079
-0.18203
-0.178079
-0.18203
-0.178079
-0.18203
-0.178079
-0.18203
-0.178079
-0.18203
-0.178079
-0.18203
-0.178079
-0.18203
-0.178079
-0.18203
-0.178079
-0.18203
-0.178079
-0.18203
-0.178079
-0.18203
-0.178079
-0.18203
-0.178079
-0.18203
-0.178079
-0.18203
-0.178079
-0.18203
-0.178079
-0.18203
0.229902
-0.18203
0.229902
-0.18203
0.229902
-0.18203
0.229902
-0.18203
0.229902
-0.18203
0.229902
-0.18203
0.229902
-0.18203
0.229902
-0.18203
0.229902
-0.18203
0.229902
-0.18203
0.229902
-0.18203
0.229902
-0.18203
0.229902
-0.18203
0.229902
-0.18203
0.229902
-0.18203
0.229902
-0.18203
0.229902
-0.18203
0.229902
-0.18203
0.229902
-0.18203
0.229902
-0.18203
0.229902
-0.18203
0.229902
-0.18203
0.229902
-0.18203
0.229902
-0.18203
0.229902
-0.18203
0.229902
-0.18203
0.229902
-0.18203
0.229902
-0.18203
0.229902
-0.18203
0.229902
-0.18203
0.229902
-0.18203
0.229902
-0.18203
0.229902
-0.18203
0.229902
-0.18203
0.229902
-0.18203
0.229902
-0.18203
0.229902
-0.18203
0.229902
-0.18203
0.229902
-0.18203
0.229902
-0.18203
0.229902
-0.18203
0.229902
-0.18203
0.229902
-0.18203
0.229902
-0.18203
0.229902
-0.18203
0.229902
-0.18203
0.229902
-0.18203
0.229902
-0.18203
0.229902
-0.18203
0.229902
-0.18203
0.229902
-0.18203
0.229902
-0.18203
0.229902
-0.18203
0.229902
-0.18203
0.229902
-0.18203
0.229902
-0.18203
0.229902
-0.18203
0.229902
-0.18203
0.229902
-0.18203
0.229902
-0.18203
0.229902
-0.18203
0.229902
-0.18203
0.229902
-0.18203
0.229902
-0.18203
0.229902
-0.18203
0.229902
-0.18203
0.229902
-0.18203
0.229902
-0.18203
0.229902
-0.18203
0.229902
-0.18203
0.0310861
-1.02053
0.0310861
-1.02053
0.0310861
-1.02053
0.0310861
-1.02053
0.0310861
-1.02053
0.0310861
-1.02053
0.0310861
-1.02053
0.0310861
-1.02053
0.0310861
-1.02053
0.0310861
-1.02053
0.0310861
-1.02053
0.0310861
-1.02053
0.0310861
-1.02053
0.0310861
-1.02053
0.0310861
-1.02053
0.0310861
-1.02053
0.0310861
-1.02053
0.0310861
0.827966
0.0310861
0.827966
0.0310861
0.827966
0.0310861
0.827966
0.0310861
0.827966
0.0310861
0.827966
0.0310861
0.827966
0.0310861
0.827966
0.0310861
0.827966
0.0310861
0.827966
0.0310861
0.827966
0.0310861
0.307297
0.0310861
0.307297
0.0310861
0.307297
0.0310861
0.307297
0.0310861
0.307297
0.0310861
0.307297
0.0310861
0.968798
0.0310861
0.968798
0.0310861
0.968798
0.0310861
0.968798
0.0310861
0.968798
0.0310861
0.968798
0.0310861
1.39795
0.0310861
1.39795
0.0310861
1.39795
0.0310861
1.39795
0.0310861
1.39795
0.0310861
1.39795
0.0310861
1.39795
0.0310861
1.39795
0.0310861
1.39795
0.0310861
1.39795
0.0310861
1.39795
0.0310861
0.594856
0.0310861
0.594856
0.0310861
0.594856
0.0310861
0.594856
0.0310861
0.594856
0.0310861
0.594856
0.0310861
0.594856
0.0310861
0.594856
0.0310861
0.594856
0.0310861
0.594856
0.0310861
0.594856
0.0310861
0.594856
0.0310861
0.594856
0.0310861
0.594856
0.0310861
0.594856
0.0310861
0.594856
0.0310861
0.594856
0.0310861
0.506037
0.0310861
0.36676
0.0310861
0.36676
0.0310861
0.36676
0.0310861
0.36676
0.0310861
0.36676
0.0310861
0.36676
0.0310861
0.36676
0.0310861
0.36676
0.0310861
0.36676
0.0310861
1.63911
0.0310861
1.63911
0.0310861
1.63911
0.0310861
1.63911
0.0310861
1.63911
0.0310861
1.63911
0.0310861
1.05612
0.0310861
1.05612
0.0310861
1.05612
0.0310861
1.05612
0.0310861
1.05612
0.0310861
1.05612
0.0310861
1.05612
0.0310861
1.05612
0.0310861
-0.965981
0.0310861
-0.965981
0.0310861
-0.965981
0.0310861
-0.965981
0.0310861
-0.965981
0.0310861
-0.965981
0.0310861
-0.965981
0.0310861
-0.965981
0.0310861
-0.965981
0.0310861
-0.965981
0.0310861
-0.965981
0.0310861
-0.965981
0.0310861
-0.965981
0.0310861
-0.965981
0.0310861
-0.965981
0.0310861
-0.965981
0.0310861
-0.965981
0.0310861
-0.965981
0.0310861
-0.965981
0.0310861
-0.965981
0.0310861
-0.965981
0.0310861
-0.965981
0.0310861
-0.965981
0.0310861
-0.965981
0.0310861
-0.965981
0.0310861
-0.965981
0.0310861
-0.965981
0.0310861
-0.965981
0.0310861
-0.965981
0.0310861
-0.965981
0.0310861
-0.965981
0.0310861
-0.965981
0.0310861
-0.965981
0.0310861
-0.965981
0.0310861
-0.965981
0.0310861
-0.965981
0.0310861
-0.965981
0.0310861
-0.965981
0.0310861
-0.965981
0.0310861
-0.965981
0.0310861
-0.965981
0.0310861
-0.965981
0.0310861
-0.965981
0.0310861
-0.576456
0.0310861
0.955429
0.0310861
0.955429
0.0310861
0.955429
0.0310861
-1.77606
0.0310861
-1.77606
0.0310861
-1.77606
0.0310861
-1.77606
0.0310861
-1.77606
0.0310861
-1.77606
0.0310861
-1.77606
0.0310861
-1.77606
0.0310861
2.0055
0.0310861
2.0055
0.0310861
2.0055
0.0310861
2.0055
0.0310861
2.0055
0.0310861
2.0055
0.0310861
2.0055
0.0310861
2.0055
0.0310861
2.0055
0.0310861
-1.79823
0.0310861
-1.79823
0.0310861
-1.79823
0.0310861
-1.79823
0.0310861
-1.79823
0.0310861
-1.79823
0.0310861
-1.79823
0.0310861
-1.79823
0.0310861
-1.79823
0.0310861
-1.79823
0.0310861
-1.79823
0.0310861
-1.79823
0.0310861
-1.79823
0.0310861
-1.79823
0.0310861
-1.79823
0.0310861
-1.79823
0.0310861
-1.79823
0.0310861
-1.79823
0.0310861
-1.79823
0.0310861
-1.79823
0.0310861
-1.79823
0.0310861
-1.79823
0.0310861
-1.79823
0.0310861
-1.79823
0.0310861
-1.79823
0.0310861
-1.79823
0.0310861
-1.79823
0.0310861
-1.79823
0.0310861
-1.79823
0.0310861
-1.79823
0.0310861
-1.79823
0.0310861
-1.79823
0.0310861
-1.79823
0.0310861
-1.79823
0.0310861
-1.79823
0.0310861
1.17057
0.0310861
1.17057
0.0310861
1.17057
0.0310861
1.17057
0.0310861
1.17057
0.0310861
1.17057
0.0310861
1.17057
0.0310861
1.17057
0.0310861
1.17057
0.0310861
1.17057
0.0310861
1.17057
0.0310861
1.17057
0.0310861
-1.15141
0.0310861
-1.15141
0.0310861
0.318357
0.0310861
0.318357
0.0310861
0.318357
0.0310861
0.318357
0.0310861
0.318357
0.0310861
0.318357
0.0310861
0.318357
0.0310861
0.318357
0.0310861
0.318357
0.0310861
0.318357
0.0310861
0.318357
0.0310861
0.318357
0.0310861
0.318357
0.0310861
0.318357
0.0310861
0.318357
0.0310861
0.318357
0.0310861
0.318357
0.0310861
0.318357
0.0310861
0.318357
0.0310861
0.318357
0.0310861
0.318357
0.0310861
0.318357
0.0310861
0.318357
0.0310861
0.318357
0.0310861
0.318357
0.0310861
0.318357
0.0310861
0.318357
0.0310861
0.318357
0.0310861
0.318357
0.0310861
0.318357
0.0310861
0.318357
0.0310861
0.318357
0.0310861
0.318357
0.0310861
0.318357
0.0310861
0.318357
0.0310861
0.318357
0.0310861
0.318357
0.0310861
0.318357
0.0310861
0.318357
0.0310861
0.318357
0.0310861
0.318357
0.0310861
0.318357
0.0310861
0.318357
0.0310861
0.318357
0.0310861
0.318357
0.0310861
-0.120117
0.0310861
-0.120117
0.0310861
-0.120117
0.0310861
-0.120117
0.0310861
-0.120117
0.0310861
-0.120117
0.0310861
-0.120117
0.0310861
-0.120117
0.0310861
-0.120117
0.0310861
-0.120117
0.0310861
-0.120117
0.0310861
-0.120117
0.0310861
-0.120117
0.0310861
-0.120117
0.0310861
-0.120117
0.0310861
-0.120117
0.0310861
-0.120117
0.0310861
-0.120117
0.0310861
-0.120117
0.0310861
-0.120117
0.0310861
-0.120117
0.0310861
-0.120117
0.0310861
-0.120117
0.0310861
-0.120117
0.0310861
0.765061
0.0310861
0.765061
0.0310861
0.765061
0.0310861
0.765061
0.0310861
0.765061
0.0310861
0.765061
0.0310861
0.765061
0.0310861
0.765061
0.0310861
0.765061
0.0310861
-0.0219699
0.0310861
-0.0219699
0.0310861
-0.0219699
0.0310861
-0.0219699
0.0310861
-0.0219699
0.0310861
-0.0219699
0.0310861
-0.0219699
0.0310861
-0.0219699
0.0310861
-0.0219699
0.0310861
-0.0219699
0.0310861
-0.0219699
0.0310861
-0.0219699
0.0310861
-0.561256
0.0310861
-0.561256
0.0310861
-0.561256
0.0310861
-0.561256
0.0310861
-0.561256
0.0310861
-0.561256
0.0310861
-0.561256
0.0310861
-0.561256
0.0310861
-0.561256
0.0310861
-0.561256
0.0310861
-0.561256
0.0310861
-0.561256
0.0310861
-0.561256
0.0310861
0.969392
0.0310861
0.969392
0.0310861
0.969392
0.0310861
0.969392
0.0310861
0.969392
0.0310861
0.969392
0.0310861
0.277152
0.0310861
0.277152
0.0310861
0.277152
0.0310861
0.277152
0.0310861
0.277152
0.0310861
0.277152
0.0310861
0.277152
0.0310861
0.277152
0.0310861
0.277152
0.0310861
0.277152
0.0310861
0.277152
0.0310861
0.277152
0.0310861
0.277152
0.0310861
0.277152
0.0310861
0.277152
0.0310861
0.277152
0.0310861
0.277152
0.0310861
0.277152
0.0310861
0.277152
0.0310861
0.277152
0.0310861
0.277152
0.0310861
0.277152
0.0310861
-0.944538
0.0310861
-0.944538
0.0310861
-0.944538
0.0310861
-0.944538
0.0310861
-0.944538
0.0310861
-0.944538
0.0310861
-0.630111
0.0310861
-0.630111
0.0310861
-0.630111
0.0310861
-0.630111
0.0310861
-0.630111
0.0310861
-0.630111
0.0310861
-0.630111
0.0310861
-0.630111
0.0310861
-0.630111
0.0310861
-0.630111
0.0310861
-0.630111
0.0310861
-0.630111
0.0310861
-0.630111
0.0310861
-0.630111
0.0310861
-0.630111
0.0310861
-0.630111
0.0310861
-0.630111
0.0310861
-0.630111
0.0310861
-0.630111
0.0310861
-0.630111
0.0310861
-0.630111
0.0310861
-0.630111
0.0310861
-0.630111
0.0310861
-0.630111
0.0310861
-0.630111
0.0310861
-0.630111
0.0310861
1.37679
0.0310861
1.37679
0.0310861
1.37679
0.0310861
1.37679
0.0310861
1.37679
0.0310861
1.37679
0.0310861
1.37679
0.0310861
1.37679
0.0310861
1.37679
0.0310861
1.37679
0.0310861
1.37679
0.0310861
1.37679
0.0310861
1.37679
0.0310861
1.37679
0.0310861
1.37679
0.0310861
1.37679
0.0310861
1.37679
0.0310861
1.37679
0.0310861
1.37679
0.0310861
1.37679
0.0310861
1.37679
0.0310861
1.37679
0.0310861
1.37679
0.0310861
1.37679
0.0310861
1.37679
0.0310861
1.37679
0.0310861
1.37679
0.0310861
1.37679
0.0310861
1.37679
0.0310861
1.37679
0.0310861
1.37679
0.0310861
1.37679
0.0310861
1.37679
0.0310861
1.37679
0.0310861
1.37679
0.0310861
1.37679
0.0310861
1.37679
0.0310861
1.37679
0.0310861
1.37679
0.0310861
1.37679
0.0310861
1.37679
0.0310861
1.37679
0.0310861
1.37679
0.0310861
1.37679
0.0310861
1.37679
0.0310861
1.37679
0.0310861
1.37679
0.0310861
1.37679
0.0310861
1.37679
0.0310861
1.37679
0.0310861
1.37679
0.0310861
0.55857
0.0310861
0.55857
0.0310861
0.55857
0.0310861
0.55857
0.0310861
0.55857
0.0310861
0.55857
0.0310861
0.55857
0.0310861
0.55857
0.0310861
0.55857
0.0310861
0.55857
0.0310861
0.55857
0.0310861
0.55857
0.0310861
0.55857
0.0310861
0.55857
0.0310861
0.55857
0.0310861
0.55857
0.0310861
0.55857
0.0310861
0.55857
0.0310861
0.55857
0.0310861
0.55857
0.0310861
0.55857
0.0310861
0.55857
0.0310861
0.55857
0.0310861
0.55857
0.0310861
0.55857
0.0310861
0.55857
0.0310861
0.55857
0.0310861
0.55857
0.0310861
0.55857
0.0310861
0.55857
0.0310861
0.55857
0.0310861
0.55857
0.0310861
0.55857
0.0310861
0.55857
0.0310861
0.55857
0.0310861
0.55857
0.0310861
0.55857
0.0310861
0.55857
0.0310861
0.55857
0.0310861
0.55857
0.0310861
0.55857
0.0310861
0.55857
0.0310861
0.55857
0.0310861
0.55857
0.0310861
0.55857
0.0310861
0.55857
0.0310861
0.55857
0.0310861
0.55857
0.0310861
0.55857
0.0310861
0.55857
0.0310861
0.55857
0.0310861
0.55857
0.0310861
0.55857
0.0310861
0.55857
0.0310861
0.55857
0.0310861
-1.80759
0.0310861
-1.80759
0.0310861
-1.67075
0.0310861
-1.67075
0.0310861
-1.67075
0.0310861
-1.67075
0.0310861
-1.67075
0.0310861
-1.67075
0.0310861
-1.67075
0.0310861
-1.67075
0.0310861
-1.67075
0.0310861
-1.67075
0.0310861
-1.67075
0.0310861
-1.67075
0.0310861
-1.67075
0.0310861
-1.67075
0.0310861
-1.67075
0.0310861
-1.67075
0.0310861
-1.67075
0.0310861
-1.67075
0.0310861
-1.67075
0.0310861
1.25367
0.0310861
1.25367
0.0310861
1.01064
0.0310861
1.01064
0.0310861
1.01064
0.0310861
1.01064
0.0310861
1.01064
0.0310861
1.01064
0.0310861
1.01064
0.0310861
1.01064
0.0310861
-1.89409
0.0310861
-1.89409
0.0310861
-1.89409
0.0310861
-1.89409
0.0310861
-1.89409
0.0310861
-1.89409
0.0310861
-1.89409
0.0310861
-1.89409
0.0310861
-1.89409
0.0310861
-1.89409
0.0310861
-1.89409
0.0310861
-1.89409
0.0310861
-1.89409
0.0310861
-1.89409
0.0310861
-1.89409
0.0310861
-1.89409
0.0310861
-1.89409
0.0310861
-1.89409
0.0310861
-1.89409
0.0310861
-1.89409
0.0310861
-1.89409
0.0310861
-1.89409
0.0310861
-1.89409
0.0310861
-1.89409
0.0310861
1.31431
0.0310861
1.31431
0.0310861
1.31431
0.0310861
1.31431
0.0310861
0.313463
0.0310861
0.313463
0.0310861
0.313463
0.0310861
0.313463
0.0310861
0.313463
0.0310861
0.313463
0.0310861
0.313463
0.0310861
0.313463
0.0310861
0.313463
0.0310861
0.313463
0.0310861
0.313463
0.0310861
0.313463
0.0310861
0.313463
0.0310861
0.313463
0.0310861
0.313463
0.0310861
0.313463
0.0310861
0.313463
0.0310861
0.313463
0.0310861
0.313463
0.0310861
0.313463
0.0310861
0.313463
0.0310861
0.0985814
0.0310861
0.0985814
0.0310861
0.0985814
0.0310861
0.0985814
0.0310861
0.0985814
0.0310861
0.0985814
0.0310861
0.0985814
0.0310861
0.0985814
0.0310861
0.0985814
0.0310861
0.0985814
0.0310861
0.0985814
0.0310861
0.0985814
0.0310861
0.0985814
0.0310861
0.0985814
0.0310861
0.0985814
0.0310861
0.0985814
0.0310861
0.0985814
0.0310861
0.0985814
0.0310861
0.0985814
0.0310861
0.0985814
0.0310861
0.0985814
0.0310861
0.0985814
0.0310861
0.0985814
0.000586504
0.0985814
0.000586504
0.0985814
0.000586504
0.0985814
0.000586504
0.0985814
0.000586504
0.0985814
0.000586504
0.0985814
0.000586504
0.0985814
0.000586504
0.0985814
0.000586504
0.0985814
0.000586504
0.0985814
0.000586504
0.0985814
0.000586504
0.0985814
0.000586504
0.0985814
0.000586504
0.0985814
0.000586504
0.0985814
0.000586504
0.0985814
0.000586504
0.0985814
0.000586504
0.0985814
0.000586504
0.0985814
0.000586504
0.0985814
0.000586504
0.0985814
0.000586504
0.0985814
0.000586504
0.0985814
0.000586504
0.0985814
0.000586504
0.0985814
0.000586504
0.0985814
0.000586504
0.0985814
0.000586504
0.0985814
0.000586504
0.0985814
0.000586504
0.0985814
0.000586504
0.0985814
0.000586504
0.0985814
0.000586504
0.0985814
0.000586504
0.0985814
0.000586504
0.0985814
0.000586504
0.0985814
0.000586504
0.0985814
0.000586504
0.0985814
0.000586504
0.0985814
0.000586504
0.0985814
0.000586504
0.0985814
0.000586504
0.0985814
0.000586504
0.0985814
0.000586504
0.0985814
0.000586504
0.0985814
0.000586504
0.0985814
0.000586504
0.0985814
0.000586504
0.0985814
0.000586504
0.0985814
0.000586504
0.0985814
0.000586504
0.0985814
0.000586504
0.0985814
0.000586504
0.0985814
0.000586504
0.0985814
0.000586504
0.0985814
0.000586504
0.0985814
0.000586504
0.0985814
0.000586504
0.0985814
0.000586504
0.0985814
0.000586504
0.0985814
0.000586504
0.0985814
0.000586504
0.0985814
0.000586504
0.0985814
0.000586504
0.0985814
0.000586504
0.0985814
0.000586504
-1.0351
0.000586504
-1.0351
0.000586504
-1.0351
0.000586504
-1.0351
0.000586504
-1.0351
0.000586504
-1.0351
0.000586504
-1.0351
0.000586504
-1.0351
0.000586504
-1.04004
0.000586504
-1.04004
0.000586504
-1.04004
0.000586504
-1.04004
0.000586504
-1.04004
0.000586504
-1.04004
0.000586504
-1.04004
0.000586504
-1.04004
0.000586504
-1.04004
0.000586504
-1.04004
0.000586504
-1.04004
0.000586504
-1.04004
0.000586504
0.421506
0.000586504
0.421506
0.000586504
0.421506
0.000586504
0.421506
0.000586504
0.526438
0.000586504
0.526438
0.000586504
0.526438
0.000586504
0.526438
0.000586504
0.526438
0.000586504
0.526438
0.000586504
0.526438
0.000586504
0.526438
0.000586504
0.526438
0.000586504
0.526438
0.000586504
0.526438
0.000586504
0.526438
0.000586504
0.526438
0.000586504
0.526438
0.000586504
0.526438
0.000586504
0.526438
0.000586504
0.526438
0.000586504
0.526438
0.000586504
0.526438
0.000586504
0.526438
0.000586504
0.526438
0.000586504
0.526438
0.000586504
0.526438
0.000586504
0.526438
0.000586504
0.526438
0.000586504
0.526438
0.000586504
0.526438
0.000586504
0.526438
0.000586504
0.526438
0.000586504
0.526438
0.000586504
0.526438
0.000586504
0.526438
0.000586504
0.526438
0.000586504
0.526438
0.000586504
0.526438
0.000586504
0.526438
0.000586504
0.526438
0.000586504
0.526438
0.000586504
0.526438
0.000586504
0.526438
0.000586504
0.526438
0.000586504
0.526438
0.000586504
0.526438
0.000586504
0.526438
0.000586504
0.526438
0.000586504
-1.04264
0.000586504
-1.04264
0.000586504
-1.04264
0.000586504
-1.04264
0.000586504
-1.04264
0.000586504
-1.04264
0.000586504
-1.04264
0.000586504
-1.04264
0.000586504
-1.04264
0.000586504
-1.04264
0.000586504
-1.04264
0.000586504
-1.04264
0.000586504
-1.04264
0.000586504
-1.04264
0.000586504
-1.04264
0.000586504
1.69521
0.000586504
1.69521
0.000586504
1.69521
0.000586504
1.69521
0.000586504
1.69521
0.000586504
1.19744
0.000586504
1.19744
0.000586504
1.19744
0.000586504
1.19744
0.000586504
1.19744
0.000586504
1.19744
0.000586504
1.19744
0.000586504
1.19744
0.000586504
0.426645
0.000586504
0.426645
0.000586504
1.62914
0.000586504
1.62914
0.000586504
-0.550516
0.000586504
-0.550516
0.000586504
-0.550516
0.000586504
-0.550516
0.000586504
-0.550516
0.000586504
-0.550516
0.000586504
-0.550516
0.000586504
-0.124628
0.000586504
-0.124628
0.000586504
-0.124628
0.000586504
-0.124628
0.000586504
-0.124628
0.000586504
-0.124628
0.000586504
-0.124628
0.000586504
-0.124628
0.000586504
-0.124628
0.000586504
-0.124628
0.000586504
-0.124628
0.000586504
0.0110588
0.000586504
0.0110588
0.000586504
0.0110588
0.000586504
0.0110588
0.000586504
0.0110588
0.000586504
0.0110588
0.000586504
0.0110588
0.000586504
0.0110588
0.000586504
0.0110588
0.000586504
0.0110588
0.000586504
0.0110588
0.000586504
0.0110588
0.000586504
0.0110588
0.000586504
0.0110588
0.000586504
0.0110588
0.000586504
0.0110588
0.000586504
0.0110588
0.000586504
0.0110588
0.000586504
0.0110588
0.000586504
0.0110588
0.000586504
0.0110588
0.000586504
0.0110588
0.000586504
0.0110588
0.000586504
0.0110588
0.000586504
0.0110588
0.000586504
0.0110588
0.000586504
0.0110588
0.000586504
0.0110588
0.000586504
0.0110588
0.000586504
0.0110588
0.000586504
0.0110588
0.000586504
0.0110588
0.000586504
0.0110588
0.000586504
0.0110588
0.000586504
0.0110588
0.000586504
0.0110588
0.000586504
0.0110588
0.000586504
1.5677
0.000586504
1.5677
0.000586504
1.5677
0.000586504
1.5677
0.000586504
1.5677
0.000586504
-0.542543
0.000586504
-0.542543
0.000586504
-0.542543
0.000586504
-0.542543
0.000586504
-0.542543
0.000586504
-0.542543
0.000586504
-0.542543
0.000586504
-0.542543
0.000586504
-0.542543
0.000586504
-0.542543
0.000586504
-0.542543
0.000586504
-0.542543
0.000586504
-0.542543
0.000586504
-0.542543
0.000586504
-0.542543
0.000586504
-0.542543
0.000586504
-0.570576
0.000586504
-0.570576
0.000586504
-0.570576
0.000586504
-0.570576
0.000586504
-0.570576
0.000586504
-0.570576
0.000586504
-0.179313
0.000586504
-0.179313
0.000586504
-0.179313
0.000586504
-0.179313
0.000586504
-0.179313
0.000586504
-0.179313
0.000586504
-0.179313
0.000586504
-0.179313
0.000586504
-0.179313
0.000586504
-0.179313
0.000586504
-0.179313
0.000586504
-0.179313
0.000586504
-0.179313
0.000586504
-0.179313
0.000586504
-0.179313
0.000586504
-0.179313
0.000586504
-0.179313
0.000586504
-0.179313
0.000586504
-0.179313
0.000586504
0.274788
0.000586504
0.274788
0.000586504
0.274788
0.000586504
0.274788
0.272989
-0.605854
0.272989
-0.605854
0.272989
-0.605854
0.272989
-0.605854
0.272989
-0.605854
0.272989
-0.605854
0.272989
0.0488948
0.272989
0.0488948
0.272989
0.0488948
0.272989
0.0488948
0.272989
0.0488948
0.272989
0.0488948
0.272989
0.0488948
0.272989
0.0488948
0.272989
0.0488948
0.272989
0.0488948
0.272989
0.0488948
0.272989
0.0488948
0.272989
0.0488948
0.272989
0.0488948
0.272989
0.0488948
0.272989
0.0488948
0.272989
0.0488948
0.272989
0.0488948
0.272989
0.0488948
0.272989
0.0488948
0.272989
0.0488948
0.272989
0.0488948
0.272989
0.0488948
0.272989
0.0488948
0.272989
0.0488948
0.272989
0.0488948
0.272989
0.0488948
0.272989
0.0488948
0.272989
0.0488948
0.272989
0.0488948
0.272989
0.0488948
0.272989
0.0488948
0.272989
0.0488948
0.272989
0.0488948
0.272989
0.0488948
0.272989
0.0488948
0.272989
0.0488948
0.272989
0.0488948
0.272989
0.0488948
0.272989
0.0488948
0.272989
0.0488948
0.272989
0.0488948
0.272989
0.0488948
0.272989
0.0488948
0.272989
0.0488948
0.272989
0.0488948
0.272989
0.0488948
0.272989
0.0488948
0.272989
0.0488948
-0.844088
0.0488948
-0.844088
0.0488948
-0.844088
0.0488948
-0.844088
0.0488948
-0.844088
0.0488948
-0.844088
0.0488948
-0.844088
0.0488948
-0.844088
0.0488948
-0.844088
0.0488948
-0.844088
0.0488948
-0.844088
0.0488948
-0.844088
0.0488948
-0.844088
0.0488948
-0.844088
0.0488948
-0.844088
0.0488948
-0.844088
0.0488948
0.716762
0.0488948
0.716762
0.0488948
0.716762
0.0488948
0.716762
0.0488948
0.716762
0.0488948
0.716762
0.0488948
0.716762
0.0488948
0.716762
0.0488948
0.716762
0.0488948
0.716762
0.0488948
0.716762
0.0488948
0.716762
0.0488948
0.716762
0.0488948
1.72916
0.0488948
1.72916
0.0488948
1.72916
0.0488948
1.72916
0.0488948
1.72916
0.0488948
1.72916
0.0488948
1.72916
0.0488948
1.72916
0.0488948
1.72916
0.0488948
1.72916
0.0488948
1.72916
0.0488948
1.72916
0.0488948
1.72916
0.0488948
1.72916
0.0488948
-0.970324
0.0488948
-0.970324
0.0488948
-0.970324
0.0488948
-0.970324
0.0488948
-0.970324
0.0488948
-0.970324
0.0488948
-0.970324
0.0488948
-0.970324
0.0488948
-2.10378
0.0488948
-2.10378
0.0488948
-2.10378
0.0488948
1.38426
0.0488948
1.38426
0.0488948
1.38426
0.0488948
1.38426
0.0488948
1.38426
0.0488948
1.38426
0.0488948
1.38426
0.0488948
1.38426
0.0488948
1.38426
0.0488948
1.38426
0.0488948
1.38426
0.0488948
1.38426
0.0488948
1.38426
0.0488948
1.38426
0.0488948
1.38426
0.0488948
1.38426
0.0488948
1.38426
0.0488948
1.38426
0.0488948
1.38426
0.0488948
1.38426
0.0488948
1.38426
0.0488948
1.38426
0.0488948
1.17533
0.0488948
1.21712
0.0488948
1.21712
0.0488948
1.21712
0.0488948
1.69591
0.0488948
1.69591
0.0488948
1.69591
0.0488948
1.69591
0.0488948
1.69591
0.0488948
1.69591
0.0488948
1.69591
0.0488948
-0.315308
0.0488948
-0.315308
0.0488948
-0.315308
0.0488948
-0.315308
0.0488948
-0.315308
0.0488948
-0.315308
0.0488948
-0.315308
0.0488948
-0.315308
0.0488948
-0.315308
0.0488948
-0.315308
0.0488948
-0.315308
0.0488948
-0.315308
0.0488948
-0.315308
0.0488948
-0.315308
0.0488948
-0.315308
0.0488948
-0.315308
0.0488948
-0.315308
0.0488948
-0.315308
0.0488948
-0.315308
0.0488948
-0.315308
0.0488948
-0.315308
0.0488948
-0.279843
0.0488948
-0.279843
0.0488948
-0.279843
0.0488948
-0.279843
0.0488948
-0.279843
0.0488948
-0.279843
0.0488948
-0.279843
0.0488948
-0.279843
0.0488948
-0.279843
0.0488948
-0.279843
0.0488948
-0.279843
0.0488948
-0.279843
0.0488948
-0.279843
0.0488948
-0.279843
0.0488948
-0.279843
0.0488948
-0.279843
0.0488948
-0.279843
0.0488948
-0.279843
0.0488948
0.797965
0.0488948
0.797965
0.0488948
0.797965
0.0488948
0.797965
0.0488948
0.797965
0.0488948
0.797965
0.0488948
0.797965
0.0488948
0.797965
0.0488948
0.797965
0.0488948
0.797965
0.0488948
0.797965
0.0488948
0.797965
0.0488948
0.797965
0.0488948
0.797965
0.0488948
0.797965
0.0488948
0.797965
0.0488948
0.797965
0.0488948
0.797965
0.0488948
0.797965
0.0488948
-1.47948
0.0488948
-1.47948
0.0488948
-1.47948
0.0488948
-1.47948
0.0488948
-1.47948
0.0488948
-1.47948
0.0488948
-1.47948
0.0488948
-1.47948
0.0488948
-1.47948
0.0488948
-1.47948
0.0488948
-1.47948
0.0488948
-1.47948
0.0488948
-1.47948
0.0488948
-1.47948
0.0488948
-1.47948
0.0488948
0.564856
0.0488948
0.564856
0.0488948
0.564856
0.0488948
0.564856
0.0488948
0.564856
0.0488948
0.564856
0.0488948
0.564856
0.0488948
0.564856
-0.0724573
0.564856
-0.0724573
0.313122
-0.0724573
0.313122
-0.0724573
0.313122
-0.0724573
0.313122
-0.0724573
0.711936
-0.0724573
0.711936
-0.0724573
0.711936
-0.0724573
0.711936
-0.0724573
0.711936
-0.0724573
0.711936
-0.0724573
0.711936
-0.0724573
0.711936
-0.0724573
0.711936
-0.0724573
0.711936
-0.0724573
0.711936
-0.0724573
0.711936
-0.0724573
0.711936
-0.0724573
0.711936
-0.0724573
0.711936
-0.0724573
0.711936
-0.0724573
0.711936
-0.0724573
0.711936
-0.0724573
0.711936
-0.0724573
0.711936
-0.0724573
0.711936
-0.0724573
0.711936
-0.0724573
0.711936
-0.0724573
-0.337694
-0.0724573
-0.337694
-0.0724573
-0.337694
-0.0724573
-0.337694
-0.0724573
-0.337694
-0.0724573
-0.337694
-0.0724573
-0.337694
-0.0724573
-0.337694
-0.0724573
-0.337694
-0.0724573
-0.337694
-0.0724573
-0.337694
-0.0724573
-0.337694
-0.0724573
-0.337694
-0.0724573
-0.337694
-0.0724573
-0.337694
-0.0724573
-0.337694
-0.0724573
-0.337694
-0.0724573
-0.337694
-0.0724573
-0.337694
-0.0724573
-0.337694
-0.0724573
-0.337694
-0.0724573
-0.337694
-0.0724573
-0.337694
-0.0724573
-0.337694
-0.0724573
-0.337694
-0.0724573
-0.337694
-0.0724573
-0.337694
-0.0724573
-0.337694
-0.0724573
-0.337694
-0.0724573
-0.337694
-0.0724573
-0.337694
-0.0724573
-0.337694
-0.0724573
-0.337694
-0.0724573
-0.337694
-0.0724573
-0.337694
-0.0724573
-0.337694
-0.0724573
-0.337694
-0.0724573
-0.337694
-0.0724573
-0.337694
-0.0724573
-0.337694
-0.0724573
-0.337694
-0.0724573
-0.337694
-0.0724573
-0.337694
-0.0724573
-0.337694
-0.0724573
-0.337694
-0.0724573
-0.337694
-0.0724573
-0.337694
-0.0724573
-0.337694
-0.0724573
-0.337694
-0.0724573
-0.337694
-0.0724573
-0.337694
-0.0724573
-0.337694
-0.0724573
-0.337694
-0.0724573
-0.337694
-0.0724573
-0.337694
-0.0724573
-0.337694
-0.0724573
-0.337694
-0.0724573
-0.337694
-0.0724573
-0.337694
-0.0724573
-0.337694
-0.0724573
-0.337694
-0.0724573
-0.337694
-0.0724573
-0.337694
-0.0724573
-0.337694
-0.0724573
-0.337694
-0.0724573
-0.337694
-0.0724573
0.934043
-0.0724573
0.934043
-0.0724573
0.934043
-0.0724573
0.934043
-0.0724573
0.934043
-0.0724573
0.934043
-0.0724573
0.934043
-0.0724573
0.934043
-0.0724573
0.729991
-0.0724573
0.729991
-0.0724573
0.729991
-0.0724573
0.729991
-0.0724573
0.729991
-0.0724573
0.729991
-0.0724573
0.729991
-0.0724573
0.729991
-0.0724573
0.729991
-0.0724573
0.729991
-0.0724573
0.729991
-0.0724573
0.729991
-0.0724573
0.729991
-0.0724573
0.729991
-0.0724573
0.729991
-0.0724573
0.729991
-0.0724573
0.729991
-0.0724573
0.729991
-0.0724573
0.729991
-0.0724573
0.729991
-0.0724573
-0.259068
-0.0724573
-0.259068
-0.0724573
-0.259068
-0.0724573
-0.259068
-0.0724573
-0.259068
-0.0724573
-0.259068
-0.0724573
-0.259068
-0.0724573
-0.259068
-0.0724573
-0.259068
-0.0724573
-0.259068
-0.0724573
-0.259068
-0.0724573
-0.259068
-0.0724573
-0.259068
-0.0724573
-0.259068
-0.0724573
-0.259068
-0.0724573
-0.259068
-0.0724573
-0.259068
-0.0724573
-0.259068
-0.0724573
-0.259068
-0.0724573
-0.259068
-0.0724573
-0.259068
-0.0724573
-0.259068
-0.0724573
-0.259068
-0.0724573
-0.259068
-0.0724573
-0.259068
-0.0724573
-0.259068
-0.0724573
-0.259068
-0.0724573
-0.259068
-0.0724573
-0.259068
-0.0724573
-0.259068
-0.0724573
-0.259068
-0.0724573
-0.259068
-0.0724573
-0.259068
-0.0724573
-0.259068
-0.0724573
-0.545707
-0.0724573
-0.545707
-0.0724573
-0.545707
-0.0724573
-0.545707
-0.0724573
-0.545707
-0.0724573
-0.545707
-0.0724573
-0.545707
-0.0724573
-0.545707
-0.0724573
-0.545707
-0.0724573
-0.545707
-0.0724573
-0.545707
-0.0724573
-0.545707
-0.0724573
-0.545707
-0.0724573
-0.545707
-0.0724573
-0.545707
-0.0724573
-0.545707
-0.0724573
-0.545707
-0.0724573
-0.545707
-0.0724573
-0.545707
-0.0724573
-0.545707
-0.0724573
-0.545707
-0.0724573
-0.545707
-0.0724573
-0.545707
-0.0724573
-0.545707
-0.0724573
-0.545707
-0.0724573
-0.545707
-0.0724573
-0.545707
-0.0724573
-0.545707
-0.0724573
-0.545707
-0.0724573
-0.545707
-0.0724573
-0.545707
-0.0724573
-0.545707
-0.0724573
-0.545707
-0.0724573
-0.545707
-0.0724573
-0.545707
-0.0724573
-0.545707
-0.0724573
-0.545707
-0.0724573
-0.545707
-0.0724573
-0.545707
-0.0724573
-0.545707
-0.0724573
-0.545707
-0.0724573
-0.545707
-0.0724573
-0.545707
-0.0724573
-0.545707
-0.0724573
-0.545707
-0.0724573
-0.545707
-0.0724573
0.651713
-0.0724573
0.651713
-0.0724573
0.651713
-0.0724573
0.651713
-0.0724573
0.651713
-0.0724573
0.651713
-0.0724573
0.651713
-0.0724573
0.651713
-0.0724573
0.651713
-0.0724573
0.651713
-0.0724573
0.651713
-0.0724573
0.651713
-0.0724573
0.651713
-0.0724573
0.651713
-0.0724573
0.651713
-0.0724573
0.651713
-0.0724573
0.651713
-0.0724573
0.651713
-0.0724573
0.651713
-0.0724573
0.651713
-0.0724573
0.651713
-0.0724573
0.651713
-0.0724573
0.651713
-0.0724573
0.651713
-0.0724573
0.651713
-0.0724573
0.651713
-0.0724573
0.651713
-0.0724573
0.651713
-0.0724573
0.651713
-0.126436
0.651713
-0.126436
0.651713
-0.126436
0.651713
-0.126436
0.651713
-0.126436
0.651713
-0.126436
0.651713
-0.126436
0.651713
-0.126436
0.651713
-0.126436
0.651713
-0.126436
0.651713
-0.126436
0.651713
-0.126436
0.651713
-0.126436
0.651713
-0.126436
0.651713
-0.126436
0.651713
-0.126436
0.0379554
-0.126436
0.0379554
-0.126436
0.0379554
-0.126436
0.0379554
-0.126436
-0.849573
-0.126436
-0.849573
-0.126436
-0.849573
-0.126436
-0.849573
-0.126436
-0.849573
-0.126436
-0.849573
-0.126436
-0.849573
-0.126436
-0.849573
-0.126436
-0.849573
-0.126436
-0.849573
-0.126436
-0.849573
-0.126436
-0.849573
-0.126436
-0.849573
-0.126436
-0.849573
-0.126436
-0.849573
-0.126436
-0.849573
-0.126436
-0.849573
-0.126436
-0.849573
-0.126436
-0.849573
-0.126436
-0.849573
-0.126436
-0.849573
-0.126436
-0.849573
-0.126436
-0.849573
-0.126436
-0.849573
-0.126436
-0.849573
-0.126436
-0.849573
-0.126436
-0.849573
-0.126436
-0.849573
-0.126436
-0.849573
-0.126436
-0.849573
-0.126436
-0.849573
-0.126436
-0.849573
-0.126436
-0.849573
-0.126436
-0.849573
-0.126436
-0.849573
-0.126436
-0.849573
-0.126436
-0.849573
-0.126436
-0.849573
-0.126436
-0.849573
-0.126436
-0.849573
-0.126436
-0.849573
-0.126436
-0.849573
-0.126436
-0.849573
-0.126436
-0.849573
-0.126436
-0.849573
-0.126436
-0.849573
-0.126436
-0.623559
-0.126436
-0.623559
-0.126436
-0.623559
-0.126436
-0.623559
-0.126436
-0.623559
-0.126436
-0.623559
-0.126436
-0.623559
-0.126436
-0.623559
-0.126436
-0.623559
-0.126436
-0.623559
-0.126436
-0.623559
-0.126436
-0.623559
-0.126436
-0.623559
-0.126436
0.339126
-0.126436
0.339126
-0.126436
0.339126
-0.126436
0.339126
-0.126436
0.339126
-0.126436
0.339126
-0.126436
0.339126
-0.126436
0.233028
-0.126436
0.233028
-0.126436
0.233028
-0.126436
0.233028
-0.126436
0.233028
-0.126436
0.233028
-0.126436
0.233028
-0.126436
0.233028
-0.126436
0.233028
-0.126436
0.233028
-0.126436
0.233028
-0.126436
0.233028
-0.126436
0.233028
-0.126436
0.233028
-0.126436
0.233028
-0.126436
0.233028
-0.126436
0.233028
-0.126436
0.233028
0.841228
0.233028
0.841228
0.233028
0.841228
0.233028
0.841228
0.233028
0.841228
0.233028
0.841228
0.233028
0.841228
0.233028
0.841228
0.233028
0.841228
0.233028
0.841228
0.233028
0.841228
0.233028
0.841228
0.233028
0.841228
0.233028
0.199865
0.233028
0.199865
0.233028
0.199865
0.233028
0.199865
0.233028
0.199865
0.233028
0.199865
0.233028
0.199865
0.233028
0.199865
0.233028
0.199865
0.233028
0.199865
0.233028
0.199865
0.233028
0.199865
0.233028
0.199865
0.233028
0.199865
0.233028
0.199865
0.233028
0.199865
0.233028
0.199865
0.233028
0.199865
0.233028
0.199865
0.233028
0.199865
0.233028
0.199865
0.233028
0.199865
0.233028
0.199865
0.233028
0.199865
0.233028
0.199865
0.233028
0.199865
0.233028
0.199865
0.233028
0.199865
0.233028
0.199865
0.233028
0.199865
0.233028
0.199865
0.233028
0.199865
0.233028
0.199865
0.233028
0.199865
0.233028
0.199865
0.233028
0.199865
0.233028
0.199865
0.233028
0.199865
0.233028
0.199865
0.233028
0.199865
0.233028
0.199865
0.233028
-0.480378
0.233028
-0.480378
0.233028
-0.480378
0.233028
-0.480378
0.233028
-0.480378
0.233028
-0.480378
0.233028
-0.422431
0.233028
-0.422431
0.233028
-0.422431
0.233028
-0.422431
0.233028
-0.422431
0.233028
-0.422431
0.233028
-0.422431
0.233028
-0.422431
0.233028
-0.422431
0.233028
-0.422431
0.233028
-0.422431
0.233028
-0.422431
0.233028
0.213496
0.233028
0.213496
0.233028
0.213496
0.233028
0.213496
0.233028
0.213496
0.233028
0.213496
0.233028
0.213496
0.233028
0.213496
0.233028
0.213496
0.233028
0.213496
0.233028
0.213496
0.233028
0.213496
0.233028
0.213496
0.233028
0.213496
0.233028
0.213496
0.233028
0.213496
0.233028
0.213496
0.233028
0.213496
0.233028
0.213496
0.233028
0.213496
0.233028
0.213496
0.233028
0.213496
0.233028
0.213496
0.233028
0.213496
0.233028
0.213496
0.233028
0.213496
0.233028
0.213496
0.233028
0.213496
0.233028
0.213496
0.233028
0.213496
0.233028
0.213496
0.233028
0.213496
0.233028
0.213496
0.233028
0.213496
0.233028
0.213496
0.233028
0.213496
0.233028
0.213496
0.233028
0.213496
0.233028
0.213496
0.233028
0.213496
0.233028
0.213496
0.233028
0.213496
0.233028
0.213496
0.233028
0.213496
0.233028
0.213496
0.233028
0.213496
0.233028
0.213496
0.233028
0.213496
0.233028
0.213496
0.233028
0.564036
0.233028
0.564036
0.233028
0.564036
0.233028
0.564036
0.233028
0.564036
0.233028
0.564036
0.233028
0.564036
0.233028
0.564036
0.233028
0.564036
0.233028
0.564036
0.233028
0.564036
0.233028
0.564036
0.233028
0.564036
0.233028
0.564036
0.233028
0.564036
0.233028
0.564036
0.233028
0.579141
0.233028
0.579141
0.233028
0.579141
0.233028
0.579141
0.233028
0.579141
0.233028
0.579141
0.233028
0.579141
0.233028
0.579141
0.233028
0.579141
0.233028
0.579141
0.233028
0.579141
0.233028
0.579141
0.233028
0.579141
0.233028
0.579141
0.233028
0.579141
0.233028
0.961291
0.233028
0.961291
0.233028
0.961291
0.233028
0.961291
0.233028
0.961291
0.233028
0.961291
0.233028
0.961291
0.233028
0.961291
0.233028
0.961291
0.233028
0.961291
0.233028
0.961291
0.233028
0.961291
0.233028
0.961291
0.233028
0.961291
0.233028
0.961291
0.233028
-0.118912
0.233028
-0.118912
0.233028
-0.118912
0.233028
-0.118912
0.233028
-0.118912
0.233028
-0.118912
0.233028
-0.118912
0.233028
-0.118912
0.233028
-0.118912
0.233028
-0.118912
0.233028
-0.118912
0.233028
-0.118912
0.233028
-0.118912
0.233028
-0.118912
0.233028
-0.118912
0.233028
-0.118912
0.233028
-0.118912
0.233028
-0.118912
0.233028
-0.118912
0.233028
-0.118912
0.233028
-0.118912
0.233028
-0.118912
0.233028
-0.118912
0.233028
-0.118912
0.233028
-0.118912
0.233028
-0.118912
0.233028
-0.118912
0.233028
-0.118912
0.233028
-0.118912
0.233028
-0.118912
0.233028
-0.118912
-1.58675
-0.118912
-1.58675
-0.118912
-1.58675
-0.118912
-1.58675
-0.118912
-0.947461
-0.118912
-0.947461
-0.118912
-0.947461
-0.165794
-0.947461
-0.165794
-0.947461
-0.165794
-0.947461
-0.165794
-0.947461
-0.165794
-0.947461
-0.165794
-0.947461
-0.165794
-0.947461
-0.165794
-0.947461
-0.165794
-0.947461
-0.165794
-0.947461
-0.165794
-0.947461
-0.165794
-0.947461
-0.165794
-0.947461
-0.165794
-0.947461
-0.165794
-0.947461
-0.165794
-0.947461
-0.165794
-0.947461
-0.165794
-0.947461
-0.165794
1.02429
-0.165794
0.533943
-0.165794
0.533943
-0.165794
0.533943
-0.165794
0.533943
-0.165794
0.533943
-0.165794
0.533943
-0.165794
0.533943
-0.165794
0.533943
-0.165794
0.533943
-0.165794
0.533943
-0.165794
0.533943
-0.165794
0.533943
-0.165794
0.533943
-0.165794
0.533943
-0.165794
0.533943
-0.165794
0.533943
-0.165794
0.73254
-0.165794
0.73254
-0.165794
0.73254
-0.165794
0.73254
-0.165794
0.73254
-0.165794
0.73254
-0.165794
0.73254
-0.165794
0.73254
-0.165794
0.73254
-0.165794
0.73254
-0.165794
0.73254
-0.165794
0.73254
-0.165794
0.73254
-0.165794
0.73254
-0.165794
0.73254
-0.165794
0.73254
-0.165794
0.73254
-0.165794
0.73254
-0.165794
0.73254
-0.165794
0.73254
-0.165794
0.73254
-0.165794
0.73254
-0.165794
0.73254
-0.165794
0.73254
-0.165794
0.73254
-0.165794
0.73254
-0.165794
0.73254
-0.165794
0.73254
-0.165794
0.73254
-0.165794
0.73254
-0.165794
0.73254
-0.165794
0.73254
-0.165794
0.73254
-0.165794
0.73254
-0.165794
-0.751407
-0.165794
-0.751407
-0.165794
-0.751407
-0.165794
-0.751407
-0.165794
-0.751407
-0.165794
-0.751407
-0.165794
-0.751407
-0.165794
-0.751407
-0.165794
-0.751407
-0.165794
-0.751407
-0.165794
-0.751407
-0.165794
-0.751407
-0.165794
-0.751407
-0.165794
-0.751407
-0.165794
-0.751407
-0.165794
-0.751407
-0.165794
-0.751407
-0.165794
-1.27241
-0.165794
-1.27241
-0.165794
-1.24921
-0.165794
-1.24921
-0.165794
-1.24921
-0.165794
-1.24921
-0.165794
-1.24921
-0.165794
-1.24921
-0.165794
0.343645
-0.165794
0.343645
-0.165794
0.343645
-0.165794
0.343645
-0.165794
0.343645
-0.165794
0.343645
-0.165794
0.343645
-0.165794
0.343645
-0.165794
0.343645
0.0837361
0.343645
0.0837361
0.343645
0.0837361
0.343645
0.0837361
0.343645
0.0837361
0.343645
0.0837361
0.343645
0.0837361
0.343645
0.0837361
0.343645
0.0837361
0.343645
0.0837361
0.343645
0.0837361
0.343645
0.0837361
0.343645
0.0837361
0.343645
0.0837361
0.343645
0.0837361
0.343645
0.0837361
0.343645
0.0837361
0.343645
0.0837361
0.343645
0.0837361
0.343645
0.0837361
0.343645
0.0837361
0.343645
0.0837361
0.343645
0.0837361
0.343645
0.0837361
0.343645
0.0837361
0.343645
0.0837361
0.343645
0.0837361
0.343645
0.0837361
0.343645
0.0837361
0.343645
0.0837361
0.343645
0.0837361
0.343645
0.0837361
0.343645
0.0837361
0.343645
0.0837361
0.343645
0.0837361
0.343645
0.0837361
0.343645
0.0837361
0.343645
0.0837361
0.343645
0.0837361
0.343645
0.0837361
0.343645
0.0837361
0.343645
0.0837361
0.343645
0.0837361
0.343645
0.0837361
0.343645
0.0837361
0.343645
0.0837361
0.343645
0.0837361
0.343645
-0.225776
0.343645
-0.225776
0.343645
-0.225776
0.343645
-0.225776
0.343645
-0.225776
0.343645
-0.225776
0.343645
-0.225776
0.343645
-0.225776
0.343645
-0.225776
0.343645
-0.225776
0.343645
-0.225776
0.22703
-0.225776
0.22703
-0.225776
0.22703
-0.225776
0.22703
-0.225776
0.0134234
-0.225776
0.0134234
-0.225776
0.0134234
-0.225776
0.0134234
-0.225776
0.0134234
-0.225776
0.0134234
-0.225776
0.0134234
-0.225776
0.0134234
-0.225776
0.0134234
-0.225776
0.0134234
-0.225776
0.0134234
-0.225776
0.0134234
-0.225776
0.0134234
-0.225776
0.0134234
-0.225776
0.0134234
-0.225776
0.0134234
-0.225776
0.0134234
-0.225776
0.0134234
-0.225776
0.0134234
-0.225776
0.0134234
-0.225776
0.0134234
-0.225776
0.0134234
-0.225776
0.0134234
-0.225776
0.0134234
-0.225776
0.0134234
-0.225776
0.0134234
-0.225776
0.0134234
-0.225776
0.0134234
-0.225776
0.0134234
-0.225776
0.0134234
-0.225776
0.0134234
-0.225776
0.0134234
-0.225776
0.0134234
-0.225776
0.0134234
-0.225776
0.0134234
-0.225776
0.0134234
-0.225776
0.0134234
-0.225776
0.0134234
-0.225776
0.0134234
-0.225776
0.0134234
-0.225776
0.0134234
-0.225776
0.0134234
-0.225776
0.0134234
-0.225776
0.0134234
-0.225776
0.0134234
-0.225776
0.0134234
-0.225776
0.0134234
-0.225776
0.0134234
-0.225776
0.0134234
-0.225776
0.0134234
-0.225776
0.0134234
-0.225776
0.0134234
-0.225776
0.0134234
-0.225776
0.0134234
-0.225776
0.0134234
-0.225776
0.0134234
-0.225776
0.0134234
-0.225776
0.0134234
-0.225776
0.0134234
-0.225776
0.0134234
-0.225776
0.0134234
-0.225776
0.0134234
-0.225776
0.0134234
-0.225776
0.0134234
-0.225776
0.0134234
-0.225776
0.0134234
-0.225776
0.0134234
-0.225776
0.0134234
-0.225776
0.0134234
-0.225776
0.0134234
-0.225776
0.0134234
-0.225776
0.0134234
-0.225776
0.0134234
-0.225776
0.0134234
-0.225776
0.0134234
-0.225776
0.0134234
-0.225776
0.0134234
-0.225776
0.0134234
1.3063
0.0134234
1.3063
0.0134234
1.3063
0.0134234
1.3063
0.0134234
1.3063
0.0134234
1.3063
0.0134234
1.3063
0.0134234
1.3063
0.0134234
1.3063
0.0134234
1.3063
0.0134234
1.3063
0.0134234
1.3063
0.0134234
1.3063
0.0134234
1.3063
0.0134234
1.3063
0.0134234
1.3063
0.0134234
1.3063
0.0134234
1.3063
0.0134234
1.3063
0.0134234
1.3063
0.0134234
1.3063
0.0134234
1.3063
0.0134234
1.3063
0.0134234
1.3063
0.0134234
1.3063
0.0134234
1.3063
0.0134234
1.3063
0.0134234
1.3063
0.0134234
-1.2578
0.0134234
-1.2578
0.0134234
-1.2578
0.0134234
-1.2578
0.0134234
-1.2578
0.0134234
-1.2578
0.0134234
-1.2578
0.0134234
-1.2578
0.0134234
-1.2578
0.0134234
-1.2578
0.0134234
-1.2578
0.0134234
-1.2578
0.0134234
-1.2578
0.0134234
-1.2578
0.0134234
-1.2578
0.0134234
-1.2578
0.0134234
-1.2578
0.0134234
-1.2578
0.0134234
-1.2578
0.0134234
-1.2578
0.0134234
-1.2578
0.0134234
-1.2578
0.0134234
-1.2578
0.0134234
-1.2578
0.0134234
-1.2578
0.0134234
-1.2578
0.0134234
-1.2578
0.0134234
-1.2578
0.0134234
-1.2578
0.0134234
-1.2578
0.0134234
-1.2578
0.0134234
-1.2578
0.0134234
-1.2578
0.0134234
-1.2578
0.0134234
-1.2578
0.0134234
-1.2578
0.0134234
0.806793
0.0134234
0.806793
0.0134234
1.36638
0.0134234
1.36638
0.0134234
1.36638
0.0134234
1.36638
0.0134234
1.36638
0.0134234
1.36638
0.0134234
1.36638
0.0134234
1.36638
0.0134234
1.36638
0.0134234
1.36638
0.0134234
1.36638
0.0134234
1.36638
0.0134234
1.36638
0.0134234
1.36638
0.0134234
1.36638
0.0134234
1.36638
0.0134234
1.36638
0.0134234
1.36638
0.0134234
1.36638
0.0134234
1.36638
0.0134234
1.36638
0.0134234
1.36638
0.0134234
1.36638
0.0134234
1.36638
0.0134234
1.36638
0.0134234
1.36638
0.0134234
1.36638
0.0134234
1.36638
0.0134234
-0.747337
0.0134234
-0.747337
0.0134234
-0.747337
0.0134234
-0.747337
0.0134234
-0.747337
0.0134234
-0.747337
0.0134234
-0.747337
0.0134234
-0.747337
0.0134234
-0.747337
0.0134234
-0.747337
0.0134234
-0.747337
0.0134234
-0.747337
0.0134234
-0.747337
0.0134234
-0.747337
0.0134234
-2.18581
0.0134234
-2.18581
0.0134234
-2.18581
0.0134234
-2.18581
0.0134234
-2.18581
0.0134234
0.146969
0.0134234
0.146969
0.0134234
0.146969
0.0134234
0.146969
0.0134234
0.146969
0.0134234
0.146969
0.0134234
0.146969
0.0134234
0.146969
0.0134234
0.146969
0.0134234
0.146969
0.0134234
0.146969
0.0134234
0.146969
0.0134234
0.146969
0.0134234
0.146969
0.0134234
0.146969
0.0134234
0.146969
0.0134234
0.146969
0.0134234
0.146969
0.0134234
0.146969
0.0134234
0.146969
0.0134234
0.146969
0.0134234
0.660568
0.0134234
0.660568
0.0134234
0.660568
0.0134234
0.660568
0.0134234
0.660568
0.0134234
0.660568
0.0134234
0.660568
0.0134234
0.741117
0.0134234
0.741117
0.0134234
0.741117
0.0134234
0.741117
0.0134234
0.741117
0.0134234
0.741117
0.0134234
0.741117
0.0134234
0.741117
0.0134234
0.741117
0.0134234
0.741117
0.0134234
0.741117
0.0134234
0.741117
0.0134234
0.741117
0.0134234
0.741117
0.0134234
0.741117
0.0134234
0.741117
0.0134234
0.741117
0.0134234
0.741117
0.0134234
0.741117
0.0134234
0.741117
0.0134234
0.741117
0.0134234
0.741117
0.0134234
0.741117
0.0134234
0.741117
0.0134234
0.741117
0.0134234
0.741117
0.0134234
0.741117
0.0134234
0.741117
0.0134234
0.741117
0.0134234
0.741117
0.0134234
0.741117
0.0134234
0.741117
0.0134234
0.741117
0.0134234
0.741117
0.0134234
0.741117
0.0134234
0.741117
0.0134234
0.741117
0.0134234
0.741117
0.0134234
-0.00618298
0.0134234
-0.00618298
0.0134234
-0.00618298
0.0134234
0.489109
0.0134234
0.489109
0.0134234
0.489109
0.0134234
0.489109
0.0134234
0.489109
0.0134234
0.489109
0.0134234
0.489109
0.0134234
0.489109
0.0134234
0.489109
0.0134234
0.489109
0.0134234
0.489109
0.0134234
0.489109
0.0134234
0.489109
0.0134234
0.489109
0.0134234
0.489109
0.0134234
0.489109
0.0134234
0.489109
0.0134234
0.489109
0.0134234
0.489109
0.0134234
0.489109
0.0134234
0.489109
0.0134234
0.489109
0.0134234
0.489109
0.0134234
0.489109
0.0134234
0.489109
0.0134234
0.489109
0.0134234
0.489109
0.0134234
0.489109
0.0134234
0.489109
0.0134234
0.489109
0.0134234
0.489109
0.0134234
0.489109
0.0134234
0.489109
0.0134234
0.489109
0.0134234
0.489109
0.0134234
0.489109
0.0134234
0.489109
0.0134234
-0.350449
0.0134234
-0.350449
0.0134234
-0.494545
0.0134234
-0.494545
0.0134234
-0.494545
0.280346
-0.494545
0.280346
-0.494545
-0.046988
-0.494545
-0.046988
-0.695232
-0.046988
-0.695232
-0.046988
-0.695232
-0.046988
-0.695232
-0.046988
-0.695232
-0.046988
-0.695232
-0.046988
-0.695232
-0.046988
-0.695232
-0.046988
-0.695232
-0.046988
-0.695232
-0.046988
-0.695232
-0.046988
-0.695232
-0.046988
-0.695232
-0.046988
-0.695232
-0.046988
0.822223
-0.046988
0.822223
-0.046988
1.24778
-0.046988
1.24778
-0.046988
1.24778
-0.046988
1.24778
-0.046988
1.24778
-0.046988
1.24778
-0.046988
1.24778
-0.046988
1.27223
-0.046988
0.715943
-0.046988
0.715943
-0.046988
0.715943
-0.046988
0.715943
-0.046988
0.715943
-0.046988
0.715943
-0.046988
0.715943
-0.046988
0.715943
-0.046988
0.715943
-0.046988
0.715943
-0.046988
0.715943
-0.046988
0.715943
-0.046988
0.715943
-0.046988
0.715943
-0.046988
0.715943
-0.046988
0.715943
-0.046988
0.715943
-0.046988
-0.709733
-0.046988
-0.709733
-0.046988
-0.709733
-0.046988
0.230983
-0.046988
0.230983
-0.046988
0.230983
-0.046988
0.230983
-0.046988
0.230983
-0.046988
0.230983
-0.046988
0.230983
-0.046988
0.230983
-0.046988
-3.74524
-0.046988
-3.74524
-0.046988
-3.74524
-0.046988
-3.74524
-0.046988
-0.23735
-0.046988
-0.23735
-0.046988
-0.23735
-0.046988
-0.23735
-0.046988
-0.23735
-0.046988
-0.23735
-0.046988
-0.23735
-0.046988
-0.23735
-0.046988
-0.23735
-0.046988
-0.23735
-0.046988
-0.23735
-0.046988
-0.23735
-0.046988
-0.23735
-0.046988
-0.23735
-0.046988
-0.428181
-0.046988
-0.428181
-0.046988
-0.428181
-0.046988
-0.428181
-0.046988
-0.428181
-0.046988
-0.428181
-0.046988
-0.428181
-0.046988
-0.428181
-0.046988
-0.428181
-0.046988
-0.428181
-0.046988
-0.428181
-0.046988
-0.428181
-0.046988
-0.428181
-0.046988
-0.428181
-0.046988
-0.428181
-0.046988
-0.286221
-0.046988
-0.286221
-0.046988
-0.286221
-0.046988
-0.286221
-0.046988
-0.286221
-0.046988
-0.286221
-0.046988
-0.286221
-0.046988
-0.286221
-0.046988
-0.286221
-0.046988
-0.286221
-0.046988
-0.286221
-0.046988
-0.286221
-0.046988
-0.286221
-0.046988
-0.286221
-0.046988
-0.286221
-0.046988
-0.286221
-0.046988
-0.286221
-0.046988
-0.286221
-0.046988
-0.286221
-0.046988
-0.286221
-0.046988
-0.286221
-0.046988
-0.286221
-0.046988
-0.286221
-0.046988
-0.286221
-0.046988
0.117194
-0.046988
0.0584604
-0.046988
0.0584604
-0.046988
0.0584604
-0.046988
0.0584604
-0.046988
0.0584604
-0.046988
0.0584604
1.05363
0.0584604
1.05363
0.0584604
-0.99217
0.0584604
-0.99217
0.0584604
-0.99217
0.0584604
-0.99217
0.0584604
-0.99217
0.0584604
-0.99217
0.0584604
-0.99217
0.0584604
-0.99217
0.0584604
-0.99217
0.0584604
-0.99217
0.0584604
-0.99217
0.0584604
-1.09744
0.0584604
-1.09744
0.0584604
-1.09744
0.0584604
-1.09744
0.0584604
-1.09744
0.0584604
-1.09744
0.0584604
-1.09744
0.0584604
-1.09744
0.0584604
-1.09744
0.0584604
-1.09744
0.0584604
-1.09744
0.0584604
2.01029
0.0584604
2.01029
0.0584604
-1.72794
0.0584604
-1.72794
0.0584604
-1.72794
0.0584604
-1.72794
0.0584604
-1.72794
0.0584604
-1.72794
0.0584604
-1.72794
0.0584604
-1.72794
0.0584604
-1.72794
0.0584604
-1.72794
0.0584604
-1.72794
0.0584604
-1.72794
0.0584604
-1.72794
0.0584604
-1.72794
0.0584604
-1.72794
0.0584604
-1.72794
0.0584604
0.0504919
0.0584604
0.0504919
0.0584604
0.0504919
0.0584604
0.0504919
0.0584604
0.0504919
0.0584604
0.0504919
0.0584604
0.0504919
0.0584604
0.0504919
0.0584604
0.0504919
0.0584604
0.0504919
0.0584604
0.0504919
0.0584604
0.0504919
0.0584604
0.0504919
0.0584604
0.0504919
0.0584604
0.0504919
0.0584604
0.0504919
0.0584604
0.0504919
0.0584604
0.0504919
0.0584604
0.0504919
0.0584604
0.0504919
0.0584604
0.0504919
-1.17988
0.0504919
-1.17988
0.0504919
-1.17988
0.0504919
-0.752606
0.0504919
-0.752606
0.0504919
-0.752606
0.0504919
-0.752606
0.0504919
-0.752606
0.0504919
-0.752606
0.0504919
-0.752606
0.0504919
-0.752606
0.0504919
-0.752606
0.0504919
-0.752606
0.0504919
-0.752606
0.0504919
-0.752606
0.0504919
-0.752606
0.0504919
-0.752606
0.0504919
-0.752606
0.0504919
-0.752606
0.0504919
-0.752606
0.0504919
-0.752606
0.0504919
-0.752606
0.0504919
-0.752606
0.0504919
-0.752606
0.0504919
-0.752606
0.0504919
-0.752606
0.0504919
-0.752606
0.0504919
-0.752606
0.0504919
-0.752606
0.0504919
-0.752606
0.0504919
-0.752606
0.0504919
-0.752606
0.0504919
-0.752606
0.0504919
-0.752606
0.0504919
-0.752606
0.0504919
-0.752606
0.0504919
0.53169
0.0504919
0.53169
0.0504919
0.53169
0.0504919
0.53169
0.0504919
0.53169
0.0504919
1.3198
0.0504919
1.3198
0.0504919
1.3198
0.0504919
1.1191
0.0504919
1.2794
0.0504919
1.2794
0.0504919
1.2794
0.0504919
1.2794
0.0504919
1.2794
0.0504919
0.789929
0.0504919
0.789929
0.0504919
0.789929
0.0504919
0.789929
0.0504919
0.789929
0.0504919
0.789929
0.0504919
0.789929
0.0504919
0.789929
0.0504919
0.789929
0.0504919
0.789929
0.0504919
0.789929
0.0504919
0.789929
0.0504919
0.789929
0.0504919
0.789929
0.0504919
0.789929
0.0504919
0.789929
0.0504919
0.789929
0.0504919
0.789929
0.0504919
0.789929
0.0504919
0.789929
0.0504919
0.789929
0.0504919
0.789929
0.0504919
0.789929
0.0504919
0.789929
0.0504919
0.789929
0.0368509
0.789929
0.0368509
0.789929
0.0368509
0.262484
0.0368509
0.262484
0.0368509
0.262484
0.0368509
0.262484
0.0368509
0.262484
0.0368509
0.262484
0.0368509
0.262484
0.0368509
0.262484
0.0368509
0.262484
0.0368509
0.262484
0.0368509
0.262484
0.0368509
0.262484
0.0368509
-1.02561
0.0368509
-1.02561
0.0368509
-1.02561
0.0368509
-1.02561
0.0368509
0.626201
0.0368509
0.626201
0.0368509
0.626201
0.0368509
0.626201
0.0368509
0.626201
0.0368509
0.626201
0.0368509
0.626201
0.0368509
0.626201
0.0368509
0.626201
0.0368509
0.626201
0.0368509
0.626201
0.0368509
0.626201
0.0368509
0.626201
0.0368509
0.626201
0.0368509
0.626201
0.0368509
0.626201
0.0368509
0.626201
0.0368509
0.626201
0.0368509
0.626201
0.0368509
0.626201
0.0368509
0.626201
0.0368509
0.626201
0.0368509
0.626201
0.0368509
0.626201
0.0368509
0.626201
0.0368509
0.626201
0.0368509
0.626201
0.0368509
0.626201
0.0368509
0.626201
0.0368509
0.626201
0.0368509
0.626201
0.0368509
0.626201
0.0368509
0.626201
0.0368509
0.626201
0.0368509
0.626201
0.0368509
0.626201
0.0368509
0.626201
0.0368509
0.626201
0.0368509
0.626201
0.0368509
0.626201
0.0368509
0.279681
0.0368509
0.279681
0.0368509
0.279681
0.0368509
0.279681
0.0368509
0.279681
0.0368509
0.279681
0.0368509
0.612652
0.0368509
0.612652
0.0368509
0.612652
0.0368509
0.612652
0.0368509
0.612652
0.0368509
0.612652
0.0368509
0.612652
0.0368509
0.612652
0.0368509
0.612652
0.0368509
0.612652
0.0368509
0.612652
0.0368509
0.612652
0.0368509
0.612652
0.0368509
0.612652
0.0368509
0.612652
0.0368509
0.612652
0.0368509
0.612652
0.0368509
0.612652
0.0368509
0.612652
0.0368509
0.612652
0.0368509
0.612652
0.0368509
0.612652
0.0368509
0.612652
0.0368509
0.612652
0.0368509
0.612652
0.0368509
0.612652
0.0368509
0.612652
0.0368509
0.612652
0.0368509
0.612652
0.0368509
0.612652
0.0368509
0.612652
0.0368509
0.612652
0.0368509
0.612652
0.0368509
0.612652
0.0368509
0.612652
0.0368509
0.612652
0.0368509
0.612652
0.0368509
0.612652
0.0368509
0.612652
0.242788
0.612652
0.242788
0.612652
0.242788
0.612652
0.242788
0.612652
0.242788
0.612652
0.242788
0.612652
-0.0309457
0.612652
-0.0309457
0.612652
-0.0309457
0.612652
-0.0309457
0.612652
-0.0309457
0.612652
-0.0309457
0.612652
-0.0309457
0.612652
-0.0309457
0.612652
-0.0309457
0.612652
-0.0309457
0.612652
-0.0309457
0.612652
-0.0309457
0.612652
-0.0309457
0.612652
-0.0309457
0.612652
-0.0309457
0.612652
-0.0309457
0.612652
-0.0309457
0.612652
-0.0309457
0.612652
-0.0309457
0.612652
-0.0309457
0.612652
-0.0309457
0.612652
-0.0309457
0.612652
-0.0309457
0.612652
-0.0309457
0.612652
-0.0309457
0.612652
-0.0309457
0.612652
-0.0309457
0.612652
-0.0309457
-1.49219
-0.0309457
-1.49219
-0.0309457
-1.49219
-0.0309457
-1.49219
-0.0309457
-1.49219
-0.0309457
1.242
-0.0309457
1.242
-0.0309457
1.242
-0.0309457
1.242
-0.0309457
1.242
-0.0309457
1.242
-0.0309457
1.242
-0.0309457
1.242
-0.0309457
1.242
-0.0309457
1.242
-0.0309457
1.242
-0.0309457
1.242
-0.0309457
1.242
-0.0309457
1.242
-0.0309457
1.242
-0.0309457
1.242
-0.0309457
1.242
-0.0309457
1.242
-0.0309457
1.242
-0.0309457
1.242
-0.0309457
1.242
-0.0309457
1.242
-0.0309457
1.242
-0.0309457
1.242
-0.0309457
1.242
-0.0309457
1.242
-0.0309457
1.242
-0.0309457
1.242
-0.0309457
1.242
-0.0309457
1.242
-0.0309457
1.242
-0.0309457
1.242
-0.0309457
0.33101
-0.0309457
0.33101
-0.0309457
0.33101
-0.0309457
0.33101
-0.0309457
0.33101
-0.0309457
0.33101
-0.0309457
0.33101
-0.0309457
0.33101
-0.0309457
0.33101
-0.0309457
0.33101
-0.0309457
0.33101
-0.0309457
0.33101
-0.0309457
0.33101
-0.0309457
0.33101
-0.0309457
0.33101
-0.0309457
0.33101
-0.0309457
0.33101
-0.0309457
0.33101
-0.0309457
0.33101
-0.0309457
0.33101
-0.0309457
0.33101
-0.0309457
0.33101
-0.0309457
0.33101
-0.0309457
0.33101
-0.0309457
0.33101
-0.0309457
0.33101
-0.0309457
0.33101
-0.0309457
0.33101
-0.0309457
0.33101
-0.0309457
0.33101
-0.0309457
0.33101
-0.0309457
-0.225591
-0.0309457
-0.225591
-0.0309457
-0.225591
-0.0309457
-0.225591
-0.0309457
-0.225591
-0.0309457
-0.225591
-0.0309457
-0.225591
-0.0309457
-0.225591
-0.0309457
-0.225591
-0.0309457
-0.225591
-0.0309457
-0.225591
-0.0309457
-0.225591
-0.0309457
-0.225591
-0.0309457
-0.225591
-0.0309457
-0.225591
-0.0309457
-0.225591
-0.0309457
-0.225591
-0.0309457
-0.225591
-0.0309457
-0.225591
0.0884093
-0.251087
0.0884093
-0.251087
0.0884093
-0.251087
0.0884093
-0.251087
0.0884093
-0.251087
0.0884093
-0.251087
0.0884093
-0.251087
0.0884093
-0.251087
0.0884093
-0.251087
0.0884093
-0.251087
0.0884093
-0.251087
0.0884093
-0.251087
0.0884093
-0.251087
0.0884093
-0.251087
0.0884093
-0.251087
0.0884093
-0.251087
0.0884093
-0.251087
0.0884093
-0.251087
0.0884093
-0.251087
0.0884093
-0.251087
0.0884093
-0.251087
0.0884093
-0.251087
0.0884093
-0.251087
0.0884093
-0.251087
0.0884093
-0.251087
0.0884093
-0.251087
0.0884093
-0.251087
0.0884093
-0.251087
0.0884093
-0.251087
0.0884093
-1.24437
0.0884093
-0.846008
0.0884093
-0.846008
0.0884093
-0.846008
0.0884093
-0.846008
0.0884093
-0.846008
0.0884093
-0.846008
0.0884093
-0.846008
0.0884093
-0.846008
0.0884093
-0.846008
0.0884093
-0.846008
0.0884093
-0.846008
0.0884093
-0.846008
0.0884093
-2.45767
0.0884093
-2.45767
0.0884093
-2.45767
0.0884093
-2.45767
0.0884093
-2.45767
0.0884093
-2.45767
0.0884093
-2.45767
0.0884093
-2.45767
0.0884093
-2.33402
0.0884093
1.91161
0.0884093
1.91161
0.0884093
1.91161
0.0884093
1.91161
0.0884093
1.91161
0.0884093
1.91161
0.0884093
1.91161
0.0884093
1.91161
0.0884093
1.91161
0.0884093
1.91161
0.0884093
1.91161
0.0884093
1.91161
0.0884093
1.91161
0.0884093
0.53035
0.0884093
0.137227
-0.0822931
0.137227
-0.0822931
0.137227
-0.0822931
0.137227
-0.0822931
0.137227
-0.0822931
0.137227
-0.0822931
0.137227
-0.0822931
0.137227
-0.0822931
0.137227
-0.0822931
0.893599
-0.0822931
0.893599
-0.0822931
0.893599
-0.0822931
0.893599
-0.0822931
0.893599
-0.0822931
0.893599
-0.0822931
0.893599
-0.0822931
0.893599
-0.0822931
0.893599
-0.0822931
0.893599
-0.0822931
0.893599
-0.0822931
0.893599
-0.0822931
0.893599
-0.0822931
0.893599
-0.0822931
0.893599
-0.0822931
0.893599
-0.0822931
0.893599
-0.0822931
0.893599
-0.0822931
-1.0894
-0.0822931
-1.0894
-0.0822931
-1.0894
-0.0822931
-1.0894
-0.0822931
-1.0894
-0.0822931
-1.0894
-0.0822931
-1.0894
-0.0822931
-1.0894
-0.0822931
-1.0894
-0.0822931
-1.0894
-0.0822931
-1.0894
-0.0822931
-1.0894
-0.0822931
-1.0894
-0.0822931
-1.0894
-0.0822931
-1.0894
-0.0822931
-1.0894
-0.0822931
-1.0894
-0.0822931
-1.0894
-0.0822931
-1.30333
-0.0822931
-1.30333
-0.0822931
-1.30333
-0.0822931
-1.30333
-0.0822931
-1.30333
-0.0822931
-1.30333
-0.0822931
-1.30333
-0.0822931
-1.30333
-0.0822931
-1.30333
-0.0822931
-1.30333
-0.0822931
-1.30333
-0.0822931
-1.30333
-0.0822931
-1.30333
-0.0822931
-1.30333
-0.0822931
-1.30333
-0.0822931
-1.30333
-0.0822931
-1.30333
-0.0822931
-1.30333
-0.0822931
-1.30333
-0.0822931
-1.30333
-0.0822931
-1.30333
-0.0822931
-1.30333
-0.0822931
-1.30333
-0.0822931
-1.30333
-0.0822931
-1.30333
-0.0822931
-1.30333
-0.0822931
-1.30333
-0.0822931
-1.30333
-0.0822931
-1.30333
-0.0822931
-1.30333
-0.0822931
-1.30333
-0.0822931
-1.30333
-0.0822931
-1.30333
-0.0822931
-1.30333
-0.0822931
-1.30333
-0.0822931
0.869008
-0.0822931
0.869008
-0.0822931
0.869008
-0.0822931
0.869008
-0.0822931
0.869008
-0.0822931
0.869008
-0.0822931
0.869008
-0.0822931
0.869008
-0.0822931
0.869008
-0.0822931
0.869008
-0.0822931
0.869008
-0.0822931
0.869008
-0.0822931
0.1994
-0.0822931
0.1994
-0.0822931
0.233281
-0.0822931
0.233281
-0.0822931
0.233281
-0.0822931
0.233281
-0.0822931
0.233281
-0.0822931
0.233281
-0.0822931
0.233281
-0.0822931
0.233281
-0.0822931
0.233281
-0.0822931
0.233281
-0.0822931
0.233281
-0.0822931
0.233281
-0.0822931
0.233281
-0.0822931
0.233281
-0.0822931
-1.26908
-0.0822931
-1.26908
-0.0822931
-1.26908
-0.0822931
-0.578713
-0.0822931
-0.578713
-0.0822931
-0.578713
-0.0822931
-0.578713
-0.0822931
-0.578713
-0.0822931
-0.578713
-0.0822931
-0.578713
-0.0822931
-0.578713
-0.0822931
-0.739266
-0.0822931
-0.739266
-0.0822931
-0.739266
-0.0822931
-0.739266
-0.0822931
-0.739266
-0.0822931
-0.739266
-0.0822931
-0.739266
-0.0822931
-0.739266
-0.0822931
-0.739266
-0.0822931
-0.739266
-0.0822931
-0.739266
-0.0822931
-0.739266
-0.0822931
0.579448
-0.0822931
0.579448
-0.0822931
0.579448
-0.0822931
0.579448
-0.0822931
0.579448
-0.0822931
0.579448
-0.0822931
0.579448
-0.0822931
0.579448
-0.0822931
0.579448
-0.0822931
0.579448
-0.0822931
0.579448
-0.0822931
0.579448
-0.0822931
0.579448
-0.0822931
0.579448
-0.0822931
0.579448
-0.0822931
0.579448
-0.0822931
0.579448
0.0163751
0.579448
0.0163751
0.579448
0.0163751
0.579448
0.0163751
0.579448
0.0163751
0.579448
0.0163751
0.579448
0.0163751
0.579448
0.0163751
0.579448
0.0163751
0.579448
0.0163751
0.579448
0.0163751
0.579448
0.0163751
0.579448
0.0163751
0.579448
0.0163751
0.579448
0.0163751
0.579448
0.0163751
0.579448
0.0163751
0.579448
0.0163751
0.579448
0.0163751
0.579448
-0.345989
0.579448
-0.345989
0.579448
-0.345989
0.579448
-0.345989
0.579448
-0.345989
0.579448
-0.345989
0.579448
-0.345989
0.579448
-0.345989
0.579448
-0.345989
0.579448
-0.345989
0.579448
-0.345989
0.579448
-0.345989
0.579448
-0.345989
0.579448
-0.345989
0.579448
-0.345989
0.579448
-0.345989
0.579448
-0.345989
0.579448
-0.345989
0.579448
-0.345989
0.579448
-0.345989
0.579448
-0.345989
0.579448
-0.345989
0.579448
-0.345989
0.579448
-0.345989
0.579448
-0.345989
0.579448
-0.345989
0.579448
-0.345989
0.579448
-0.345989
0.579448
-0.345989
0.579448
-0.345989
0.579448
-0.345989
0.579448
-0.345989
0.579448
-0.345989
0.579448
-0.345989
0.579448
-0.345989
0.579448
-0.345989
0.579448
-0.345989
0.579448
-0.345989
0.579448
-0.345989
0.579448
-0.345989
0.579448
-0.345989
0.579448
-0.345989
0.579448
-0.345989
0.579448
-0.345989
0.579448
-0.345989
0.579448
-0.345989
0.579448
-0.345989
0.579448
-0.345989
0.579448
-0.345989
0.579448
-0.345989
0.579448
-0.345989
0.579448
-0.345989
0.579448
-0.345989
-0.207068
-0.345989
-0.207068
-0.345989
-0.207068
-0.345989
-0.207068
-0.345989
-0.207068
-0.345989
-0.207068
-0.345989
-0.207068
-0.345989
-0.207068
-0.345989
-0.207068
-0.345989
-0.207068
-0.345989
-0.207068
-0.345989
-0.207068
-0.345989
-0.207068
-0.345989
-0.207068
-0.345989
-0.207068
-0.345989
-0.207068
-0.345989
-0.207068
-0.345989
-0.207068
-0.345989
-0.207068
-0.345989
-0.207068
-0.345989
-0.207068
-0.345989
-0.207068
-0.345989
-0.207068
-0.345989
-0.207068
-0.345989
-0.207068
-0.345989
-0.207068
-0.345989
-0.207068
-0.345989
-0.207068
-0.345989
-0.207068
-0.345989
-0.207068
0.545082
-0.207068
0.545082
-0.207068
0.545082
-0.207068
0.545082
-0.207068
0.545082
-0.207068
0.545082
-0.207068
0.545082
-0.207068
0.545082
-0.207068
-1.30489
-0.207068
-1.30489
-0.207068
-1.30489
-0.207068
-1.30489
-0.207068
-1.30489
-0.207068
-1.30489
-0.207068
-1.30489
-0.207068
-1.30489
-0.207068
-1.30489
-0.207068
-1.30489
-0.207068
-1.30489
-0.207068
-1.30489
-0.207068
-1.30489
-0.207068
-1.30489
-0.207068
-1.30489
-0.207068
-1.30489
-0.207068
-0.38088
-0.207068
-0.38088
-0.207068
-0.38088
-0.207068
-0.38088
-0.207068
-0.38088
-0.207068
-0.38088
-0.207068
-0.38088
-0.207068
-0.38088
-0.207068
-0.38088
-0.207068
-0.38088
-0.207068
-0.38088
-0.207068
-0.38088
-0.207068
-0.38088
-0.207068
-0.38088
-0.207068
-0.38088
-0.207068
-0.38088
-0.207068
-0.38088
-0.207068
-0.38088
-0.207068
-0.38088
-0.207068
-0.38088
-0.207068
-0.38088
-0.207068
-0.38088
-0.207068
-0.38088
-0.207068
-0.38088
-0.207068
-0.38088
-0.207068
-0.38088
-0.207068
-0.38088
-0.207068
-0.38088
-0.207068
-0.38088
-0.207068
-0.38088
-0.207068
-0.38088
-0.207068
-0.38088
-0.207068
-0.38088
-0.207068
-0.38088
-0.207068
-0.38088
-0.207068
-0.38088
-0.207068
-0.38088
-0.207068
-0.38088
-0.207068
-0.38088
-0.207068
-0.38088
-0.207068
-0.38088
-0.207068
-0.38088
-0.207068
-0.818748
-0.207068
-0.818748
-0.207068
-0.818748
-0.207068
-0.818748
-0.207068
-0.818748
-0.207068
-0.818748
-0.207068
-0.818748
-0.207068
-0.818748
-0.207068
-0.818748
-0.207068
-0.818748
-0.207068
-0.818748
-0.207068
-0.818748
-0.207068
-0.818748
-0.207068
-0.818748
-0.207068
-0.818748
-0.207068
-0.925489
-0.207068
-0.925489
-0.207068
-0.925489
-0.207068
-0.925489
-0.207068
-0.925489
-0.207068
-0.925489
-0.207068
-0.925489
-0.207068
-0.925489
-0.207068
-0.925489
-0.207068
-0.925489
-0.207068
-0.925489
-0.207068
-0.925489
-0.207068
-0.925489
-0.163425
-0.925489
-0.163425
-0.925489
-0.163425
-0.925489
-0.163425
-0.925489
-0.163425
-0.925489
-0.163425
-0.925489
-0.163425
-0.925489
-0.163425
-0.925489
-0.163425
-0.925489
-0.163425
-0.925489
-0.163425
-0.925489
-0.163425
-0.925489
-0.163425
-0.925489
-0.163425
-0.925489
-0.163425
-0.925489
-0.163425
-0.925489
-0.163425
-0.925489
-0.163425
-0.925489
-0.163425
-0.925489
-0.163425
-0.925489
-0.163425
-0.214813
-0.163425
-0.214813
-0.163425
-0.214813
-0.163425
-0.214813
-0.163425
-0.214813
-0.163425
-0.214813
-0.163425
0.118431
-0.163425
0.118431
-0.163425
0.118431
-0.163425
0.118431
-0.163425
0.118431
-0.163425
0.118431
-0.163425
0.118431
-0.163425
0.118431
-0.163425
0.118431
0.451087
0.118431
0.451087
0.118431
0.451087
0.118431
0.451087
0.118431
0.451087
0.118431
0.451087
0.118431
0.451087
0.118431
-0.486616
0.118431
-0.486616
0.118431
-0.486616
0.118431
-0.486616
0.118431
-0.486616
0.118431
-0.486616
0.118431
-0.486616
0.118431
-0.486616
0.118431
-0.486616
0.118431
-0.486616
0.118431
-0.486616
0.118431
-0.486616
-0.134226
-0.486616
-0.134226
-0.486616
-0.134226
-0.486616
-0.134226
-0.486616
-0.134226
-0.486616
-0.134226
-0.486616
-0.134226
-0.486616
-0.134226
-0.486616
-0.134226
-0.486616
-0.134226
-0.486616
-0.134226
-0.486616
-0.134226
-0.486616
-0.134226
-0.486616
-0.134226
-0.486616
-0.134226
-0.486616
-0.134226
-0.486616
-0.134226
-0.486616
-0.134226
-0.486616
-0.134226
-0.486616
-0.134226
-0.486616
-0.134226
-0.486616
-0.134226
-0.486616
-0.134226
-0.486616
-0.134226
-0.486616
-0.134226
-0.486616
-0.134226
-0.486616
-0.134226
-0.394589
-0.134226
-0.394589
-0.134226
-0.394589
-0.134226
-0.394589
-0.134226
-0.394589
-0.134226
-0.394589
-0.134226
-0.394589
-0.134226
-0.394589
-0.134226
0.0225601
-0.134226
0.0225601
-0.134226
0.0225601
-0.134226
0.0225601
-0.134226
0.0225601
-0.134226
0.0225601
-0.134226
0.0225601
-0.134226
0.0225601
-0.134226
0.0225601
-0.134226
0.0225601
-0.134226
0.0225601
-0.134226
0.0225601
-0.134226
0.0225601
-0.134226
0.0225601
-0.134226
0.0225601
-0.134226
0.0225601
-0.134226
0.0225601
-0.134226
0.0225601
-0.134226
0.0225601
-0.134226
0.0225601
-0.134226
0.0225601
-0.134226
0.0225601
-0.134226
-0.605955
-0.134226
-0.605955
-0.134226
-0.605955
-0.134226
-0.605955
-0.134226
-0.605955
-0.134226
0.508685
-0.134226
0.508685
-0.134226
0.508685
-0.134226
0.508685
-0.134226
0.508685
-0.134226
0.508685
-0.134226
0.508685
-0.134226
0.508685
-0.134226
0.508685
-0.134226
0.508685
-0.134226
0.508685
-0.134226
0.508685
-0.134226
0.508685
-0.134226
0.508685
-0.134226
0.543299
-0.134226
0.543299
-0.134226
0.543299
-0.134226
0.543299
-0.0133352
0.543299
-0.0133352
0.543299
-0.0133352
0.543299
-0.0133352
0.543299
-0.0133352
0.543299
-0.0133352
0.543299
-0.0133352
0.732572
-0.0133352
0.732572
-0.0133352
0.732572
-0.0133352
-0.0196487
-0.0133352
-0.0196487
-0.0133352
-0.0196487
-0.0133352
-0.0196487
-0.0133352
-0.0196487
-0.487151
-0.0196487
-0.487151
-0.0196487
-0.487151
-0.0196487
-0.487151
-0.0196487
-0.487151
-0.0196487
-0.487151
-0.0196487
-0.487151
-0.0196487
-0.49836
-0.0196487
-0.49836
-0.0196487
-0.49836
-0.0196487
-0.49836
-0.0196487
-0.49836
-0.0196487
-0.49836
-0.0196487
-0.49836
-0.0196487
-0.49836
-0.0196487
-0.49836
-0.0196487
-0.49836
-0.0196487
-0.49836
-0.0196487
-0.49836
-0.0196487
-0.49836
-0.0196487
-0.49836
-0.0196487
-0.49836
-0.0196487
-0.49836
-0.0196487
-0.49836
-0.0196487
-0.49836
-0.0196487
-0.49836
-0.0196487
-0.49836
-0.0196487
-0.49836
-0.0196487
-0.49836
-0.0196487
-0.49836
-0.0196487
-0.49836
-0.0196487
-0.49836
-0.0196487
-0.49836
-0.0196487
-0.49836
-0.0196487
-0.49836
-0.0196487
-0.49836
-0.0196487
-0.49836
-0.0196487
-0.49836
-0.0196487
-0.49836
0.0870493
-0.49836
0.0870493
-0.49836
0.0870493
-0.49836
0.0870493
-0.49836
0.0870493
-0.49836
0.0870493
-0.49836
0.0870493
-0.49836
0.0870493
-0.49836
0.0870493
-0.78903
0.0870493
-0.78903
0.0870493
-0.216077
0.0870493
-0.216077
0.0870493
-0.216077
0.0870493
-0.216077
0.0870493
-0.216077
0.0870493
-0.216077
0.0870493
-0.216077
0.0870493
-0.216077
0.0870493
-0.216077
0.0870493
-0.216077
-0.326088
-0.216077
-0.326088
-0.216077
-0.326088
-0.216077
-0.0780334
-0.216077
-0.0780334
-0.216077
-0.0780334
-0.216077
-0.0780334
-0.216077
-0.0780334
-0.216077
-0.0780334
-0.216077
-0.0780334
-0.216077
-0.0780334
-0.216077
-0.0780334
-0.216077
-0.0780334
-0.216077
-0.0780334
-0.216077
-0.0780334
-0.216077
-0.0780334
-0.216077
-0.0780334
-0.216077
-0.0780334
-0.216077
-0.0780334
-0.216077
-0.0780334
-0.216077
-0.0780334
-0.216077
-0.0780334
-0.216077
-0.0780334
-0.216077
-0.0780334
-0.216077
-0.0780334
-0.216077
-0.0780334
-0.216077
-0.0780334
-0.216077
-0.0780334
-0.216077
-0.0780334
-0.216077
-0.0780334
-0.216077
-0.0780334
-0.216077
-0.0780334
-0.216077
-0.0780334
-0.216077
-0.0780334
-0.216077
-0.0780334
-0.216077
-0.0780334
-0.216077
-0.0780334
-0.216077
-0.0780334
-0.216077
-0.0780334
-0.216077
-0.0780334
1.09614
-0.0780334
1.09614
-0.0780334
1.09614
-0.0780334
1.09614
-0.0780334
1.09614
-0.0780334
1.09614
-0.0780334
1.09614
-0.0780334
1.09614
-0.0780334
1.09614
-0.0780334
-1.1888
-0.0780334
-1.1888
-0.0780334
-1.1888
-0.0780334
-1.1888
-0.0780334
-1.1888
-0.0780334
-1.1888
-0.0780334
-1.1888
-0.0780334
-1.1888
-0.0780334
-0.136566
-0.0780334
-0.136566
-0.0780334
-0.136566
-0.0780334
-0.136566
-0.0780334
-0.136566
-0.0780334
-0.136566
-0.0780334
-0.136566
-0.0780334
-0.136566
-0.0780334
-0.136566
-0.0780334
-0.136566
-0.0780334
-0.136566
-0.0780334
-0.136566
-0.0780334
-0.136566
-0.0780334
0.0450145
-0.0780334
0.0450145
-0.0780334
-1.13434
-0.0780334
-1.13434
-0.0780334
-1.13434
-0.0780334
-1.13434
-0.0780334
-1.13434
-0.0780334
-0.949089
-0.0780334
-0.949089
-0.0780334
-0.949089
-0.0780334
-0.949089
-0.0780334
-0.949089
-0.0780334
-0.949089
-0.0780334
-0.949089
-0.0780334
-0.949089
-0.0780334
-0.949089
-0.0780334
-0.949089
-0.0780334
-0.949089
-0.0780334
-0.949089
-0.0780334
-0.949089
-0.0780334
-0.949089
-0.0780334
-0.949089
-0.0780334
-0.949089
-0.0780334
-0.949089
-0.0780334
-0.949089
-0.0780334
-0.949089
-0.0780334
-0.949089
-0.0780334
-0.949089
-0.0780334
-0.949089
-0.0780334
-0.949089
-0.0780334
-0.949089
-0.0780334
-0.949089
-0.0780334
-0.949089
-0.0780334
-0.949089
-0.0780334
-0.949089
-0.0780334
-0.949089
-0.0780334
-0.949089
-0.0780334
-0.949089
-0.0780334
-0.949089
-0.0780334
-0.949089
-0.0780334
1.40729
-0.0780334
1.40729
-0.0780334
1.40729
-0.0780334
1.40729
-0.0780334
1.40729
-0.0780334
1.40729
-0.0780334
1.40729
-0.0780334
-0.907094
-0.0780334
-0.907094
-0.0780334
-0.907094
-0.0780334
-0.907094
-0.0780334
-0.907094
-0.0780334
-0.907094
-0.0780334
-0.907094
-0.0780334
-0.907094
-0.0780334
-0.907094
-0.0780334
-0.907094
-0.0780334
-0.907094
-0.0780334
-0.907094
-0.0780334
-0.907094
-0.0780334
-0.907094
-0.0780334
-0.907094
-0.0780334
-0.907094
-0.0780334
-0.907094
-0.0780334
-0.907094
-0.0780334
-0.907094
-0.0780334
-0.907094
-0.0780334
-0.907094
-0.0780334
-0.907094
-0.0780334
-0.907094
-0.0780334
-0.907094
-0.0780334
-0.907094
-0.0780334
-0.907094
-0.0780334
-0.907094
-0.0780334
0.849428
-0.0780334
0.849428
-0.0780334
0.849428
-0.0780334
0.849428
-0.0780334
0.849428
-0.0780334
0.849428
-0.0780334
0.849428
-0.0780334
0.849428
-0.0780334
0.849428
-0.0780334
0.849428
-0.0780334
0.849428
-0.0780334
0.849428
-0.0780334
0.849428
-0.0780334
0.849428
-0.0780334
0.849428
-0.0780334
0.849428
-0.0780334
0.849428
-0.0780334
0.849428
-0.0780334
0.849428
-0.0780334
0.849428
-0.0780334
0.849428
-0.0780334
0.849428
-0.0780334
0.849428
-0.0780334
0.849428
-0.0780334
0.849428
-0.0780334
-0.667243
-0.0780334
-0.667243
-0.0780334
-0.667243
-0.0780334
-0.667243
-0.0780334
0.321699
-0.0780334
0.321699
-0.0780334
0.321699
-0.0780334
0.321699
-0.0780334
0.321699
-0.0780334
0.321699
-0.0780334
-0.225975
0.580189
-0.225975
0.580189
-0.225975
0.580189
-0.225975
0.580189
-0.225975
0.580189
-0.225975
0.580189
-0.225975
0.580189
-0.225975
0.580189
-0.225975
0.580189
-0.225975
0.580189
-0.225975
0.63566
-0.225975
0.63566
-0.225975
0.63566
-0.225975
0.63566
-0.225975
-0.49205
-0.225975
-0.49205
-0.225975
-0.49205
-0.225975
-0.49205
-0.225975
-0.49205
-0.225975
0.804862
-0.225975
0.804862
-0.225975
0.804862
-0.225975
0.804862
-0.225975
0.804862
-0.225975
0.804862
-0.225975
0.804862
-0.225975
0.804862
-0.225975
-0.32897
-0.225975
-0.32897
-0.225975
-0.32897
-0.225975
-0.32897
-0.225975
-0.32897
-0.225975
-0.32897
-0.225975
-0.32897
-0.225975
-0.32897
-0.225975
-0.32897
-0.225975
-0.32897
-0.225975
-0.32897
-0.225975
-0.32897
-0.225975
-0.32897
-0.225975
-0.32897
-0.225975
-0.32897
-0.225975
-0.32897
-0.225975
-0.32897
-0.225975
-0.32897
-0.225975
-0.32897
-0.225975
-0.32897
-0.225975
-0.32897
-0.225975
-0.32897
-0.225975
-0.32897
-0.225975
-0.32897
-0.225975
-0.32897
-0.225975
-0.32897
-0.225975
-0.32897
-0.225975
-0.32897
-0.225975
-0.32897
-0.225975
-0.32897
-0.225975
-0.32897
-0.225975
-0.32897
-0.225975
-0.32897
-0.225975
-0.32897
-0.225975
-0.32897
-0.225975
-0.32897
-0.225975
-0.32897
-0.225975
-0.32897
-0.225975
-0.32897
-0.225975
-0.32897
-0.225975
-0.32897
-0.225975
-0.32897
-0.225975
-0.32897
-0.225975
-0.32897
-0.225975
-0.32897
-0.225975
-0.32897
-0.225975
-0.32897
-0.225975
-0.32897
-0.225975
-0.32897
-0.225975
-0.32897
-0.225975
-0.32897
-0.225975
-0.32897
-0.225975
-0.32897
-0.225975
-0.32897
-0.225975
-0.32897
-0.225975
-0.32897
-0.225975
-0.32897
-0.225975
-0.32897
-0.225975
-0.32897
-0.475031
-0.32897
-0.475031
-0.32897
-0.475031
-0.32897
-0.475031
-0.32897
-0.475031
-0.32897
-0.475031
-0.32897
-0.475031
-0.32897
-0.475031
-0.32897
-0.475031
-0.32897
-0.475031
-0.32897
-0.475031
-0.32897
0.303982
-0.32897
0.303982
-0.32897
0.303982
-0.32897
0.303982
-0.32897
0.303982
-0.32897
0.303982
-0.32897
0.303982
-0.32897
0.303982
-0.32897
0.303982
-0.32897
0.303982
-0.32897
0.303982
-0.32897
0.303982
-0.32897
0.303982
-0.32897
0.303982
-0.32897
0.303982
-0.32897
0.303982
-0.32897
0.303982
-0.32897
0.303982
-0.32897
0.303982
-0.32897
0.303982
-0.32897
0.303982
-0.32897
0.303982
-0.32897
0.303982
-0.32897
0.303982
-0.32897
0.303982
-0.32897
0.303982
-0.32897
0.303982
-0.32897
0.303982
-0.32897
0.303982
-0.32897
0.303982
-0.32897
0.303982
-0.32897
0.303982
-0.32897
0.303982
-0.32897
0.303982
-0.32897
0.303982
-0.32897
0.303982
-0.467916
0.303982
-0.467916
0.303982
-0.467916
0.303982
-0.467916
0.303982
-0.467916
0.303982
-0.467916
0.303982
-0.467916
0.303982
-0.467916
0.303982
-0.467916
0.303982
-0.467916
0.303982
-0.467916
0.303982
-0.467916
0.303982
-0.467916
0.303982
-0.467916
0.303982
-0.467916
0.303982
-0.249426
0.303982
-0.249426
0.303982
-0.249426
0.303982
-0.249426
0.303982
-0.249426
0.149994
-0.249426
0.149994
-0.249426
0.149994
-0.249426
0.149994
-0.249426
0.149994
-0.249426
0.149994
-0.249426
0.149994
-0.249426
0.149994
-0.249426
0.149994
-0.249426
0.149994
-0.249426
0.149994
-0.249426
0.149994
-0.249426
0.149994
-0.249426
0.149994
-0.249426
0.149994
-0.249426
0.149994
-0.249426
0.149994
-0.249426
0.149994
-0.249426
0.149994
-0.249426
0.149994
-0.249426
0.149994
-0.249426
0.149994
-0.249426
0.149994
-0.249426
0.149994
-0.249426
0.149994
-0.249426
0.149994
-0.249426
0.149994
-0.249426
0.149994
-0.249426
0.149994
-0.249426
0.149994
-0.249426
0.149994
-0.249426
0.149994
-0.249426
-0.507693
-0.249426
-0.507693
-0.249426
-0.507693
-0.249426
-0.507693
-0.249426
-0.507693
-0.249426
-0.507693
-0.249426
-0.586529
-0.249426
-0.586529
-0.249426
-0.586529
-0.249426
-0.586529
-0.249426
-0.586529
-0.249426
-0.586529
-0.249426
-0.586529
-0.249426
-0.586529
-0.249426
-0.586529
-0.249426
-0.586529
-0.249426
-0.586529
-0.249426
-0.586529
-0.249426
-0.586529
-0.249426
-0.586529
-0.117955
-0.586529
-0.117955
-0.586529
-0.117955
-0.586529
-0.117955
0.060278
-0.117955
0.060278
-0.117955
0.060278
0.0784415
0.060278
0.0784415
0.060278
0.0784415
0.060278
0.0784415
0.060278
0.0784415
0.060278
0.0784415
-0.241504
0.0784415
-0.241504
0.0784415
-0.241504
0.0784415
-0.241504
0.0784415
-0.241504
0.0784415
-0.241504
0.0784415
-0.241504
0.0784415
-0.241504
0.0784415
-0.241504
0.0784415
-0.241504
0.0784415
-0.241504
0.0784415
-0.241504
0.0784415
-0.241504
0.0784415
-0.241504
0.0784415
-1.12148
0.0784415
-1.12148
0.0784415
-1.12148
0.0784415
-1.12148
0.0784415
-1.12148
0.0784415
-1.12148
0.0784415
-1.12148
0.0784415
-1.12148
0.0784415
-1.12148
0.0784415
-1.12148
0.0784415
-1.12148
0.0784415
-1.12148
0.0784415
-1.12148
0.0784415
-1.12148
0.0784415
-1.12148
0.0784415
-1.12148
0.0784415
-1.12148
0.0784415
0.182851
0.0784415
0.182851
0.0784415
0.182851
0.0784415
0.25675
0.0784415
0.25675
0.0784415
0.25675
0.0784415
0.25675
0.0784415
0.25675
0.0784415
0.25675
0.0784415
0.25675
0.0784415
0.25675
0.0784415
0.25675
0.0784415
0.10842
0.0784415
0.10842
0.0784415
0.10842
0.0784415
0.10842
0.0784415
0.10842
0.0784415
0.10842
0.0784415
0.10842
0.0784415
0.10842
-0.0133214
0.10842
-0.0133214
0.10842
-0.0133214
0.10842
-0.0133214
-0.179115
-0.229215
-0.179115
-0.229215
-0.179115
-0.229215
-0.179115
-0.229215
-0.179115
-0.229215
-0.179115
-0.229215
-0.179115
-0.229215
-0.179115
-0.229215
-0.179115
-0.229215
-0.179115
-0.229215
-0.179115
-0.229215
-0.179115
-0.229215
-0.222677
-0.229215
-0.222677
-0.229215
-0.222677
-0.229215
-0.222677
-0.229215
-0.222677
-0.229215
-0.222677
-0.229215
-0.222677
-0.229215
-0.222677
-0.229215
-0.222677
-0.229215
-0.222677
-0.229215
-0.222677
-0.229215
-0.222677
-0.229215
-0.222677
-0.229215
-0.222677
-0.229215
-0.222677
-0.229215
-0.222677
-0.229215
-0.222677
-0.229215
-0.222677
-0.229215
-0.222677
-0.229215
-0.222677
-0.229215
-0.222677
-0.229215
-0.222677
-0.229215
-0.222677
-0.229215
-0.222677
-0.229215
-0.222677
-0.229215
-0.222677
-0.229215
0.340907
-0.229215
0.340907
-0.229215
0.340907
-0.229215
0.340907
-0.229215
0.340907
-0.229215
0.340907
-0.229215
0.340907
-0.229215
0.340907
-0.229215
0.340907
-0.229215
0.340907
-0.229215
0.340907
-0.229215
0.340907
-0.229215
0.340907
-0.229215
0.340907
-0.229215
0.340907
-0.229215
0.340907
-0.229215
0.340907
-0.229215
0.340907
-0.229215
0.340907
-0.229215
0.340907
-0.229215
0.340907
-0.229215
0.340907
-0.229215
0.340907
-0.229215
0.340907
-0.229215
0.340907
-0.229215
0.340907
-0.229215
0.340907
-0.229215
0.340907
-0.229215
0.340907
-0.229215
0.340907
-0.229215
0.382754
-0.229215
0.382754
-0.229215
0.382754
-0.229215
0.382754
-0.229215
0.382754
-0.229215
0.382754
-0.229215
0.382754
-0.229215
0.382754
-0.229215
0.382754
-0.229215
0.382754
-0.229215
0.382754
-0.229215
0.382754
0.179882
0.382754
0.179882
0.382754
0.179882
0.382754
0.179882
0.382754
0.179882
0.382754
0.179882
0.382754
0.179882
0.382754
0.179882
0.382754
0.179882
0.382754
0.179882
0.382754
0.179882
0.382754
0.179882
0.382754
0.179882
0.382754
0.179882
0.382754
0.179882
0.382754
0.179882
0.382754
0.179882
0.382754
0.179882
0.382754
0.179882
0.382754
0.179882
0.382754
0.179882
0.382754
0.179882
0.382754
0.179882
0.382754
0.179882
0.382754
0.179882
0.382754
0.179882
0.382754
0.179882
0.382754
0.179882
0.382754
0.166544
0.278056
0.166544
0.278056
0.166544
0.278056
0.166544
0.278056
0.166544
0.278056
0.166544
0.278056
0.166544
0.278056
0.166544
0.278056
0.166544
0.278056
0.166544
0.278056
0.166544
0.278056
0.166544
0.278056
0.166544
0.278056
0.166544
0.278056
0.166544
0.278056
0.166544
0.278056
0.166544
0.278056
0.166544
0.278056
0.166544
0.278056
0.166544
0.278056
0.166544
0.278056
0.166544
0.278056
0.166544
0.278056
0.166544
0.278056
0.166544
0.243369
0.166544
0.243369
0.166544
0.243369
0.166544
-0.420998
0.166544
-0.420998
0.166544
-0.420998
0.166544
-0.420998
0.166544
-0.420998
0.166544
-0.420998
0.166544
-0.420998
0.166544
-0.420998
0.166544
-0.420998
0.166544
-0.420998
0.166544
-0.420998
0.166544
-0.420998
0.166544
-0.420998
0.166544
-0.420998
0.166544
-0.420998
0.166544
-0.420998
0.166544
-0.420998
0.166544
-0.420998
0.166544
-0.420998
0.166544
-0.420998
0.166544
-0.420998
0.166544
-0.420998
0.166544
-0.420998
0.166544
-0.420998
0.166544
-0.420998
0.159487
-0.420998
0.159487
-0.420998
0.159487
-0.420998
0.159487
-0.420998
0.159487
-0.420998
0.159487
-0.420998
0.159487
-0.420998
0.159487
-0.420998
0.159487
-0.420998
0.159487
-0.420998
0.159487
-0.420998
0.159487
-0.420998
0.159487
-0.420998
0.159487
-0.420998
0.159487
-0.420998
0.159487
-0.420998
0.159487
-0.420998
0.159487
-0.420998
0.159487
-0.420998
0.159487
-0.420998
0.159487
-0.420998
0.159487
-0.420998
0.159487
0.867304
0.159487
0.867304
0.159487
0.867304
0.159487
0.867304
0.159487
-0.492459
0.159487
-0.492459
0.159487
-0.492459
0.159487
-0.492459
0.159487
-0.492459
0.159487
-0.492459
0.159487
-0.492459
0.159487
-0.492459
0.159487
-0.492459
0.159487
-0.492459
0.159487
-0.492459
0.159487
-0.492459
0.159487
-0.492459
0.159487
-0.492459
0.159487
-0.492459
0.159487
-0.492459
0.159487
-0.492459
0.159487
-0.492459
0.159487
-0.492459
0.159487
-0.492459
0.159487
-0.492459
0.159487
-0.492459
0.159487
-0.492459
0.159487
-0.492459
0.159487
-0.492459
0.159487
-0.492459
0.159487
-0.492459
0.159487
-0.492459
0.159487
-0.492459
0.159487
-0.492459
0.159487
-0.492459
0.159487
-0.492459
0.159487
-0.492459
0.159487
-0.492459
0.159487
-0.492459
0.159487
-0.492459
0.159487
-0.492459
0.159487
-0.492459
0.159487
-0.492459
0.159487
-0.492459
0.159487
-0.492459
0.159487
-0.492459
0.159487
-0.492459
0.159487
-0.492459
0.159487
-0.492459
0.159487
-0.492459
0.159487
-0.492459
0.159487
-0.492459
0.159487
-0.492459
0.159487
0.369274
0.159487
0.369274
0.159487
0.369274
0.159487
0.369274
0.159487
0.369274
0.159487
0.369274
0.159487
0.369274
0.159487
0.369274
0.159487
0.369274
0.159487
0.369274
0.159487
0.369274
0.159487
0.369274
0.159487
0.369274
0.159487
0.369274
0.159487
0.369274
0.159487
0.369274
0.159487
0.369274
0.159487
0.369274
0.159487
0.369274
0.159487
0.369274
0.159487
0.369274
0.159487
0.369274
0.159487
0.369274
0.159487
0.369274
0.159487
0.369274
0.159487
0.369274
0.159487
0.369274
0.159487
0.369274
0.159487
0.369274
0.159487
0.369274
0.159487
0.369274
0.159487
0.369274
0.159487
0.369274
0.159487
0.369274
0.159487
0.369274
0.159487
0.162168
0.159487
0.162168
0.159487
0.162168
0.159487
0.193767
0.159487
0.193767
0.159487
0.193767
0.159487
0.193767
0.159487
0.193767
-0.0586524
0.193767
-0.0586524
0.193767
-0.338653
0.193767
-0.338653
0.193767
-0.338653
0.193767
-0.338653
0.193767
0.378517
0.193767
0.378517
0.193767
0.378517
0.193767
0.378517
0.14603
0.378517
0.14603
0.378517
0.14603
0.378517
0.14603
0.378517
0.14603
0.378517
0.14603
0.378517
0.14603
0.19302
0.14603
0.19302
0.14603
0.19302
0.14603
0.19302
0.14603
0.19302
0.14603
0.19302
0.14603
0.19302
0.14603
0.19302
0.14603
0.19302
0.14603
0.19302
0.14603
0.19302
0.14603
0.19302
0.14603
0.19302
0.14603
0.19302
0.14603
0.19302
0.14603
0.19302
0.14603
0.19302
0.14603
0.19302
0.14603
0.19302
0.14603
0.19302
0.14603
0.19302
0.14603
0.19302
0.14603
0.19302
0.14603
0.19302
0.14603
0.19302
0.14603
0.19302
0.14603
0.19302
-0.382845
0.19302
-0.382845
0.19302
-0.382845
0.19302
-0.382845
0.19302
-0.382845
0.19302
-0.382845
0.19302
-0.382845
0.19302
-0.382845
0.19302
-0.382845
0.19302
-0.382845
0.19302
-0.382845
0.19302
-0.382845
0.19302
-0.382845
0.19302
-0.382845
0.19302
0.925884
0.19302
0.925884
0.19302
0.925884
0.19302
0.925884
0.19302
-0.751868
0.19302
-0.751868
0.19302
-0.751868
0.19302
-0.751868
0.19302
-0.751868
0.19302
-0.751868
0.19302
-0.751868
0.19302
-0.751868
0.19302
-0.751868
0.19302
-0.751868
0.19302
-0.751868
0.19302
-0.751868
0.19302
-0.751868
0.19302
-0.751868
0.19302
-0.751868
0.19302
-0.751868
0.19302
-3.19628e-05
0.19302
-3.19628e-05
0.19302
-3.19628e-05
0.19302
-3.19628e-05
0.19302
-3.19628e-05
0.19302
-3.19628e-05
0.19302
-3.19628e-05
-0.978063
-3.19628e-05
-0.978063
-3.19628e-05
-0.978063
-3.19628e-05
-0.978063
-3.19628e-05
-0.978063
-3.19628e-05
-0.978063
-3.19628e-05
-0.978063
-3.19628e-05
-0.978063
-3.19628e-05
-0.978063
-3.19628e-05
-1.1472
-3.19628e-05
-1.1472
-3.19628e-05
-1.1472
-3.19628e-05
-1.1472
-3.19628e-05
-1.1472
-3.19628e-05
-1.1472
-3.19628e-05
-1.1472
-3.19628e-05
-1.1472
-3.19628e-05
-1.1472
-3.19628e-05
-1.1472
-3.19628e-05
-1.1472
-3.19628e-05
-1.1472
-3.19628e-05
-1.1472
-3.19628e-05
-1.1472
-3.19628e-05
-1.1472
-3.19628e-05
-1.1472
-3.19628e-05
-1.1472
-3.19628e-05
-1.1472
-3.19628e-05
-1.1472
-3.19628e-05
-1.1472
-3.19628e-05
-1.1472
-3.19628e-05
-1.1472
-3.19628e-05
-1.1472
-3.19628e-05
-1.1472
-3.19628e-05
2.25196
-3.19628e-05
2.25196
-3.19628e-05
2.25196
-3.19628e-05
2.25196
-3.19628e-05
2.25196
-3.19628e-05
2.25196
-3.19628e-05
2.25196
-3.19628e-05
2.25196
-3.19628e-05
2.25196
-3.19628e-05
2.25196
-3.19628e-05
1.40452
-3.19628e-05
1.40452
-3.19628e-05
1.40452
-3.19628e-05
1.40452
-3.19628e-05
0.0837364
-3.19628e-05
0.0837364
-3.19628e-05
0.0837364
-3.19628e-05
0.0837364
-3.19628e-05
0.0837364
-3.19628e-05
1.39022
-3.19628e-05
1.39022
-3.19628e-05
1.39022
-3.19628e-05
1.39022
-3.19628e-05
1.39022
-3.19628e-05
1.39022
-3.19628e-05
1.39022
-3.19628e-05
1.39022
-3.19628e-05
1.39022
-3.19628e-05
1.39022
-3.19628e-05
1.39022
-3.19628e-05
1.39022
-3.19628e-05
1.39022
-3.19628e-05
1.39022
-3.19628e-05
1.39022
-3.19628e-05
1.39022
-3.19628e-05
1.39022
-3.19628e-05
1.39022
-3.19628e-05
1.39022
-3.19628e-05
1.39022
-3.19628e-05
1.39022
-3.19628e-05
1.39022
-3.19628e-05
1.39022
-3.19628e-05
1.39022
-3.19628e-05
1.39022
-3.19628e-05
1.39022
-3.19628e-05
1.39022
-3.19628e-05
1.39022
-3.19628e-05
1.34654
-3.19628e-05
1.34654
-3.19628e-05
1.34654
-3.19628e-05
1.34654
-3.19628e-05
1.34654
-3.19628e-05
1.34654
-3.19628e-05
1.34654
-3.19628e-05
1.34654
-3.19628e-05
2.58561
-3.19628e-05
2.58561
-3.19628e-05
2.58561
-3.19628e-05
2.58561
-3.19628e-05
2.58561
-3.19628e-05
2.58561
-3.19628e-05
2.58561
-3.19628e-05
2.58561
-3.19628e-05
2.58561
-3.19628e-05
2.58561
-3.19628e-05
2.58561
-3.19628e-05
2.58561
-3.19628e-05
2.58561
-3.19628e-05
2.58561
-3.19628e-05
2.58561
-3.19628e-05
2.58561
-3.19628e-05
2.58561
-3.19628e-05
2.58561
-3.19628e-05
2.58561
-3.19628e-05
2.58561
-3.19628e-05
0.769637
-3.19628e-05
0.769637
-3.19628e-05
-1.11871
-3.19628e-05
-1.11871
-3.19628e-05
-1.11871
-3.19628e-05
-1.11871
-3.19628e-05
-1.11871
-3.19628e-05
-1.11871
-3.19628e-05
-1.11871
-3.19628e-05
-1.11871
-3.19628e-05
-1.11871
-3.19628e-05
-1.11871
-3.19628e-05
-1.11871
-3.19628e-05
-1.11871
-3.19628e-05
-1.11871
-3.19628e-05
-1.11871
-3.19628e-05
-1.11871
-3.19628e-05
0.130762
-3.19628e-05
0.130762
-3.19628e-05
0.130762
-3.19628e-05
0.130762
-3.19628e-05
0.130762
-3.19628e-05
0.130762
-3.19628e-05
0.130762
-3.19628e-05
0.130762
-3.19628e-05
0.130762
-3.19628e-05
0.130762
-3.19628e-05
0.130762
-3.19628e-05
0.130762
-3.19628e-05
0.130762
-3.19628e-05
0.130762
-3.19628e-05
-1.10722
-3.19628e-05
-1.10722
-3.19628e-05
-1.10722
-3.19628e-05
-1.10722
-3.19628e-05
-1.10722
-3.19628e-05
-1.10722
-3.19628e-05
-1.10722
-3.19628e-05
-1.10722
-3.19628e-05
-1.10722
-3.19628e-05
-1.10722
-3.19628e-05
-1.10722
-3.19628e-05
-1.10722
-3.19628e-05
-1.10722
-3.19628e-05
-1.10722
-3.19628e-05
-1.10722
-3.19628e-05
-1.10722
-3.19628e-05
-1.10722
-3.19628e-05
-1.10722
-3.19628e-05
-1.10722
-3.19628e-05
-1.10722
-3.19628e-05
1.62937
-3.19628e-05
1.62937
-3.19628e-05
1.62937
-3.19628e-05
1.17611
-3.19628e-05
1.17611
-3.19628e-05
1.17611
-3.19628e-05
0.00732
-3.19628e-05
0.00732
-3.19628e-05
0.00732
-3.19628e-05
1.42088
-3.19628e-05
1.42088
-3.19628e-05
1.42088
-3.19628e-05
1.42088
-3.19628e-05
1.42088
-3.19628e-05
1.42088
-3.19628e-05
1.42088
-3.19628e-05
1.42088
-3.19628e-05
1.42088
-3.19628e-05
1.42088
-3.19628e-05
1.42088
-3.19628e-05
1.42088
-3.19628e-05
1.42088
-3.19628e-05
1.42088
-3.19628e-05
1.42088
-3.19628e-05
1.42088
-3.19628e-05
1.42088
-3.19628e-05
1.42088
-3.19628e-05
1.42088
-3.19628e-05
1.42088
-3.19628e-05
1.42088
-3.19628e-05
1.42088
-3.19628e-05
1.42088
-3.19628e-05
1.42088
-3.19628e-05
1.42088
-3.19628e-05
1.42088
-3.19628e-05
1.42088
-3.19628e-05
1.42088
-3.19628e-05
1.42088
-3.19628e-05
1.42088
-3.19628e-05
0.902909
-3.19628e-05
0.902909
-3.19628e-05
0.902909
-3.19628e-05
0.902909
-3.19628e-05
0.902909
-3.19628e-05
0.902909
-3.19628e-05
0.902909
-3.19628e-05
0.902909
-3.19628e-05
0.902909
-3.19628e-05
0.902909
-3.19628e-05
0.902909
-3.19628e-05
0.902909
-3.19628e-05
0.902909
-3.19628e-05
0.902909
-3.19628e-05
0.902909
-3.19628e-05
0.902909
-3.19628e-05
0.902909
-3.19628e-05
0.902909
-3.19628e-05
0.902909
-3.19628e-05
0.902909
-3.19628e-05
0.902909
-3.19628e-05
0.902909
-3.19628e-05
0.902909
-3.19628e-05
0.902909
-3.19628e-05
0.902909
-3.19628e-05
0.902909
-3.19628e-05
0.902909
-3.19628e-05
1.96501
-3.19628e-05
1.96501
-3.19628e-05
1.96501
-3.19628e-05
1.96501
-3.19628e-05
1.96501
-3.19628e-05
1.96501
-3.19628e-05
1.96501
-3.19628e-05
1.96501
-3.19628e-05
1.96501
-3.19628e-05
1.96501
-3.19628e-05
1.96501
-3.19628e-05
1.96501
-3.19628e-05
0.559225
-3.19628e-05
0.559225
-3.19628e-05
0.559225
-3.19628e-05
0.559225
-3.19628e-05
0.559225
-3.19628e-05
0.559225
-3.19628e-05
0.559225
-0.331492
0.559225
-0.331492
0.559225
-0.331492
0.559225
-0.331492
0.559225
-0.331492
0.559225
-0.331492
0.559225
-0.331492
0.559225
-0.331492
0.559225
-0.331492
0.559225
-0.331492
0.559225
-0.331492
0.559225
-0.331492
0.559225
-0.331492
0.559225
-0.331492
0.559225
-0.331492
0.559225
-0.331492
0.559225
-0.331492
0.559225
-0.331492
0.559225
-0.331492
0.559225
-0.331492
0.559225
-0.331492
0.559225
-0.331492
0.559225
-0.331492
0.559225
-0.331492
0.559225
-0.331492
0.559225
-0.331492
0.559225
-0.331492
0.559225
-0.331492
0.559225
-0.331492
0.559225
-0.331492
0.559225
-0.331492
0.559225
-0.331492
0.559225
-0.331492
0.559225
-0.331492
0.559225
-0.331492
0.559225
-0.331492
0.559225
-0.331492
0.559225
-0.331492
0.559225
-0.331492
0.559225
-0.331492
0.559225
-0.331492
0.559225
-0.331492
0.559225
-0.331492
0.559225
-0.331492
0.559225
-0.331492
0.559225
-0.331492
0.559225
-0.331492
0.559225
-0.331492
0.559225
-0.331492
0.559225
-0.331492
0.559225
-0.331492
0.559225
-0.331492
0.559225
-0.331492
0.559225
-0.331492
0.559225
-0.331492
0.559225
-0.331492
0.559225
-0.331492
0.559225
-0.331492
0.559225
-0.331492
0.559225
-0.331492
0.559225
-0.331492
0.559225
-0.331492
0.559225
-0.331492
-0.527498
-0.331492
-0.527498
-0.331492
-0.527498
-0.331492
-0.527498
-0.287581
-0.527498
-0.287581
-0.527498
-0.287581
-0.527498
-0.287581
-0.527498
-0.287581
-0.527498
-0.287581
-0.527498
-0.287581
-0.527498
-0.287581
-0.527498
-0.287581
-0.527498
-0.287581
-0.527498
-0.287581
-0.527498
-0.287581
-0.527498
-0.287581
-0.527498
-0.287581
-0.527498
-0.287581
-0.527498
-0.287581
-0.527498
-0.287581
-0.527498
-0.287581
-0.527498
-0.287581
-0.527498
-0.287581
-0.527498
-0.287581
-0.527498
-0.287581
-0.527498
-0.287581
-0.527498
-0.287581
-0.527498
-0.287581
-0.527498
-0.287581
-0.527498
-0.287581
-0.527498
-0.287581
-0.527498
-0.287581
-0.527498
-0.287581
-0.527498
-0.287581
acc = 0.03325
