1.3299
-0.0427797
1.3299
-0.0260397
1.3299
-0.0757693
1.13764
-0.0757693
1.20495
-0.0757693
1.31909
-0.0757693
1.31909
-0.0757693
1.31909
-0.0757693
0.967242
-0.0757693
0.878364
-0.0757693
1.00417
0.0468555
1.31315
0.072105
1.14829
0.072105
0.917155
0.072105
1.01169
-0.0446517
0.955412
-0.0446517
0.960645
-0.0446517
1.34639
-0.0943039
0.944548
-0.0198818
0.641399
-0.0198818
0.641399
-0.0422032
0.464114
0.16596
0.244235
-0.203518
0.14086
-0.274691
0.272574
-0.118974
0.607764
-0.137425
0.301595
-0.332344
0.268872
-0.332344
0.268872
-0.0490864
-0.0835835
0.014043
-0.471387
0.176592
-0.608255
0.117256
-0.954501
0.117256
-0.884072
0.117256
-0.884072
-0.0951764
-0.994334
0.10339
-0.819723
-0.0931781
-1.05796
-0.0931781
-1.40452
-0.0931781
-1.09852
-0.00477717
-1.0083
0.0573652
-0.701208
0.0167077
-0.705025
-0.00837953
-0.705025
-0.00837953
-0.615442
-0.00837953
-0.615925
-0.00837953
-0.716127
-0.0366517
-0.368185
0.328114
-0.368185
-0.113074
-0.624948
0.0481386
-0.144489
-0.0454975
0.0168017
-0.258664
0.0168017
-0.375523
0.274383
-0.375523
0.274383
-0.375523
0.149602
-0.706838
0.0721623
-0.296003
0.0721623
-0.296003
-0.186192
-0.301875
0.128154
-0.301875
-0.247871
-0.0985181
-0.505778
-0.0985181
-0.993181
-0.0985181
-0.935698
-0.100668
-0.734653
-0.100668
-0.493651
-0.100668
-0.032471
-0.0226906
0.242923
0.303282
0.0950299
0.0141861
-0.161272
0.149948
-0.541082
0.110292
-0.176177
0.300917
-0.113363
0.367851
0.0979628
0.0340932
0.269717
0.0340932
-0.0794326
-0.211786
0.225016
-0.663857
0.225016
-0.277622
0.012224
-0.698996
0.012224
-0.331804
-0.0536594
-0.539591
-0.26039
-0.951441
0.155444
-0.798974
-0.23679
-0.479807
-0.118173
-0.440339
-0.530002
-0.344406
-0.358626
0.0982488
-0.354053
0.168843
-0.354053
0.359401
-0.140064
0.710557
-0.140064
0.545153
-0.164846
0.545153
-0.164846
0.652888
-0.0102028
0.241001
0.131164
-0.121684
0.131164
-0.00829841
0.321302
-0.00829841
0.657373
-0.0957025
0.187722
-0.379939
-0.133618
0.0348064
0.341103
-0.307174
0.341103
-0.0599641
0.587577
-0.0599641
0.587577
-0.0599641
0.587577
-0.0599641
0.587577
-0.0599641
0.2661
-0.0270269
0.0040246
0.168042
0.162002
0.653396
-0.0789293
0.262049
-0.159542
-0.0913584
0.19959
0.266125
0.19959
0.281888
0.19959
0.401572
0.19959
0.0888173
-0.264489
-0.167862
-0.264489
0.0917483
-0.429517
-0.173117
-0.402964
0.297169
-0.402964
-0.186525
-0.419427
-0.161068
-0.419427
-0.433501
0.0335821
-0.410171
0.22441
-0.633945
0.30319
-0.633945
0.239569
-0.633945
-0.118449
-0.633945
-0.118449
-0.750076
-0.118449
-0.750076
-0.118449
-0.750076
-0.0896691
-0.824784
-0.0896691
-1.16044
-0.0896691
-1.54948
-0.0896691
-1.64808
-0.0896691
-1.29152
-0.07444
-1.70116
-0.07444
-1.92046
-0.07444
-1.92046
-0.07444
-1.49194
-0.07444
-1.34146
-0.07444
-1.27007
-0.07444
-1.00993
-0.07444
-0.993192
0.0125838
-0.60651
0.140529
-0.168194
0.0117685
-0.499979
0.068881
-0.499979
-0.138549
-0.520444
0.168356
-0.617979
0.168356
-0.474238
0.134059
-0.234347
0.134059
0.201828
0.625614
0.131825
0.400507
0.131825
0.688661
0.0458117
0.396863
-0.196416
0.396863
-0.281028
0.546686
-0.281028
0.480075
-0.281028
0.015249
-0.0215618
0.272671
0.460813
0.272671
0.156239
0.406352
0.00422675
0.407482
0.0239346
0.336246
0.0239346
0.455744
0.0239346
0.870188
0.0239346
0.594851
-0.0676303
0.784809
0.00116011
0.610258
0.00116011
0.873937
0.128865
1.06357
0.127692
1.06357
-0.148849
1.01792
-0.148849
1.01792
0.0316859
0.653573
0.0316859
0.427452
0.0316859
0.640226
-0.0895494
0.972193
0.0671648
1.25936
0.0671648
1.67238
0.0671648
1.4764
-0.0802183
1.4764
-0.0802183
1.72987
-0.0802183
1.73812
-0.0802183
1.73812
-0.0802183
1.90626
-0.0802183
1.90626
-0.0802183
1.89445
-0.0802183
1.96649
0.0720022
1.57005
0.0720022
1.57005
0.0720022
1.09273
-0.0860337
1.50288
-0.0860337
1.19708
-0.0860337
0.723575
-0.232927
0.728207
-0.232927
0.741952
-0.232927
0.543691
0.181542
0.543691
0.181542
0.553711
-0.297996
0.53553
-0.105962
0.461845
-0.105962
0.0624578
0.168048
0.149271
0.55664
0.149271
0.541679
0.149271
0.612447
0.149271
0.395018
0.0137515
0.565863
0.0137515
0.377819
0.320335
-0.117414
-0.000418888
0.250467
-0.427772
-0.104297
-0.397893
-0.104297
-0.804291
-0.102829
-0.963742
0.027589
-0.87016
0.027589
-1.14925
0.0484605
-1.14925
0.0635614
-1.29898
-0.00262087
-0.886683
-0.00262087
-0.504305
0.420344
-0.00869324
0.56554
-0.00869324
0.566362
-0.00869324
0.070382
-0.158175
0.398871
0.118393
-0.0740596
-0.192779
-0.536263
-0.192779
-0.0739708
0.071499
0.103218
0.486553
0.0285873
0.636623
-0.00292737
0.772816
-0.00292737
0.465911
-0.00292737
0.48491
0.0351408
0.383619
0.0739604
0.824191
0.0739604
0.824191
0.0739604
1.25089
0.0739604
1.25089
0.0592402
1.62869
0.0592402
1.41921
0.0592402
1.02483
-0.0393166
1.38504
-0.0393166
1.38504
-0.0393166
1.01271
-0.0393166
1.23943
-0.0673467
1.42977
-0.0673467
1.0075
0.00529197
0.55076
0.00529197
0.914872
0.00529197
0.500697
0.00529197
0.225945
-0.0272806
-0.264853
0.38479
0.0916734
0.119396
-0.222783
0.044968
-0.0283658
0.150584
0.143001
0.278134
0.370094
0.33804
0.29955
0.106771
0.31623
0.0960198
0.154613
-0.156296
-0.339765
0.166512
-0.200625
0.136017
-0.200625
0.0913136
-0.200625
0.0913136
0.236215
-0.398654
-0.129971
-0.448148
-0.129971
-0.516882
-0.0764835
-0.607148
-0.00803575
-0.639383
-0.00803575
-0.862055
-0.00803575
-0.828458
-0.144817
-0.762571
0.161975
-0.762571
-0.20802
-0.762571
-0.20802
-0.887315
0.181035
-0.432902
0.0805955
-0.0524107
0.0228427
-0.323852
-0.12801
0.0725759
-0.186901
0.120012
-0.613487
-0.224345
-0.195834
0.178205
-0.541445
0.098227
-0.595318
-0.177566
-0.328269
0.154556
-0.822907
0.201631
-0.957291
-0.20071
-1.03054
-0.20071
-0.75542
-0.20071
-0.75542
0.176603
-0.75542
0.176603
-0.75542
0.176603
-0.554836
0.054179
-0.444545
-0.16722
-0.163594
-0.16722
-0.163594
0.0901169
-0.378487
0.0901169
-0.508533
0.0901169
-0.041976
-0.346688
-0.041976
-0.288974
0.0180684
-0.355464
-0.175464
-0.167155
-0.402996
-0.167155
-0.402996
-0.0338243
-0.287533
0.262866
-0.287533
0.420412
-0.287533
0.498566
-0.287533
0.498566
-0.287533
0.425264
-0.287533
0.475622
-0.287533
0.537814
-0.287533
0.338588
-0.0706387
0.186007
0.152568
0.670167
0.152568
0.510163
0.152568
0.860737
0.0155805
1.35705
0.0155805
1.57983
0.0155805
1.21552
0.0155805
1.45924
0.0155805
1.12717
0.0155805
1.27634
0.0155805
1.28627
0.0155805
0.848844
0.134528
1.24475
0.134528
0.877174
0.134528
0.387435
0.524616
0.387435
0.242954
-0.0436343
0.19238
0.132429
-0.0545342
-0.333983
0.346705
0.012467
0.592228
0.012467
0.597117
0.012467
0.304062
0.129531
-0.140024
0.500294
-0.140024
0.500294
-0.140024
0.236929
-0.350357
0.6793
-0.370734
0.6793
-0.262344
0.778015
-0.262344
0.778015
-0.262344
0.34801
-0.492009
0.282714
-0.414191
0.184215
-0.644103
0.15885
-0.77671
0.15885
-0.370197
-0.0298785
0.0921418
0.219579
0.0921418
0.506586
-0.134206
0.673661
0.14718
0.591843
-0.109426
0.591843
-0.173315
0.374563
0.0197401
0.299216
-0.17085
0.239167
0.202535
0.361885
0.202535
0.178936
0.552086
-0.0230257
0.124356
0.0971481
0.124356
0.0961731
-0.361406
0.426133
-0.226496
-0.0322556
-0.479322
-0.0747118
-0.279444
-0.148455
-0.756416
0.120834
-0.637788
-0.0342913
-1.0819
-0.0342913
-1.48299
-0.0342913
-1.09025
-0.0342913
-1.06925
-0.0342913
-1.47682
-0.0342913
-1.54271
-0.0943414
-1.57763
-0.0943414
-1.08342
0.00716454
-1.48199
0.00716454
-1.08103
0.00716454
-1.08103
0.00716454
-1.01952
0.00716454
-0.874189
0.00716454
-0.874189
0.00716454
-1.17886
-0.0820323
-1.3502
-0.0820323
-1.3502
-0.0820323
-1.60111
-0.0820323
-1.60111
-0.0820323
-1.60111
-0.0820323
-1.50817
0.0253505
-1.50817
-0.136692
-1.58872
-0.136692
-1.31244
-0.136692
-1.31244
-0.136692
-0.930338
0.201
-0.674841
0.150483
-0.432412
0.30916
-0.432412
0.332959
-0.432412
0.396123
-0.432412
0.181924
-0.457839
-0.159202
-0.416091
-0.0870935
-0.267483
0.293138
-0.137761
0.015824
0.254312
-0.340423
0.254312
-0.270563
-0.0155428
0.00811312
-0.027725
0.46692
-0.027725
0.686919
-0.00891237
1.03543
-0.00891237
1.17601
-0.00891237
1.29685
-0.0775044
1.15587
-0.0775044
1.02068
-0.0775044
0.545494
-0.0775044
0.719191
-0.0775044
0.340132
-0.046015
-0.0912152
-0.137936
-0.102787
-0.128301
-0.189281
0.0480305
-0.321843
0.264405
-0.607066
0.0952932
-0.607066
0.0952932
-1.05692
0.0952932
-0.566433
0.0952932
-0.139018
0.273429
-0.139018
-0.153125
-0.608127
-0.153125
-0.648554
-0.139465
-0.192798
-0.139465
-0.318597
-0.139465
-0.164023
-0.0330325
0.134166
0.180963
-0.19501
0.180963
-0.0940827
0.0862564
-0.235383
-0.000387512
0.209356
-0.000387512
0.243638
-0.000387512
0.578601
0.115955
0.213423
0.00224775
0.261099
0.361418
0.261099
0.417008
0.261099
-0.0488836
0.147303
-0.15719
0.306503
-0.364304
0.306503
-0.00182394
0.456076
-0.00182394
0.871789
-0.00182394
0.871789
-0.00182394
0.964086
-0.00182394
0.964086
-0.00182394
0.567881
0.0282224
0.13675
0.0502775
0.335303
0.40905
-0.128198
0.78832
-0.279687
0.78832
0.0733139
0.409462
0.0733139
0.797029
0.17946
0.376858
0.248885
0.376858
-0.115164
0.166541
-0.439862
0.0621422
-0.562849
-0.120748
-0.746833
-0.120748
-0.52954
-0.120748
-0.230543
-0.200917
-0.0927555
0.0685804
0.00545976
-0.240781
-0.10343
0.0745086
0.165279
0.21802
-0.112582
0.263124
-0.0327639
-0.0645614
0.377249
-0.0645614
0.510052
-0.0645614
0.453712
-0.0645614
0.605056
-0.0645614
0.605056
-0.0645614
0.421141
-0.0645614
0.422309
-0.0645614
0.519968
-0.0645614
0.0742759
-0.438915
0.0742759
-0.507624
0.0952378
-0.507624
0.454377
-0.507624
0.196384
-0.968413
0.196384
-0.711889
0.196384
-0.516848
0.196384
-0.437402
-0.193864
-0.293176
-0.438461
0.187809
-0.22592
0.187809
0.0047483
0.679509
0.0506192
0.362699
0.136551
-0.118327
0.158054
-0.543752
-0.20567
-0.724209
0.193674
-0.724209
-0.0883194
-0.724209
-0.124627
-0.82641
-0.124627
-0.396194
-0.124627
-0.748576
-0.124627
-1.0753
0.073329
-1.08897
0.073329
-0.879403
0.073329
-0.971235
0.073329
-0.55468
0.073329
-0.158229
0.260012
-0.190284
0.616821
-0.190284
0.290475
-0.543304
0.290475
-0.379146
0.100379
-0.588775
0.100379
-0.84313
0.100379
-0.84313
0.100379
-0.9201
-0.199603
-0.7161
0.068469
-0.298344
-0.154732
-0.0159065
-0.510296
0.267156
-0.332775
0.267156
-0.434452
0.40193
-0.181324
0.410841
-0.371085
0.410841
-0.151726
0.410841
-0.151726
0.468044
-0.151726
0.409201
-0.151726
0.0355573
-0.0260754
-0.246526
-0.0260754
-0.0394551
0.21156
0.443301
0.243547
0.375063
-0.0613801
0.366778
0.123466
0.238261
0.618577
0.212635
0.343966
0.235362
0.343966
0.313724
0.378568
0.0582024
0.352493
0.121392
0.0468718
0.270263
0.23554
0.293706
0.23554
0.230749
0.465645
0.296936
0.65718
-0.012628
0.476001
-0.012628
0.781619
0.153662
0.990051
-0.00287657
1.34057
-0.00287657
1.50103
-0.00287657
1.78514
-0.00287657
1.85975
-0.00287657
1.62751
-0.00287657
1.57706
0.024397
1.58515
0.024397
1.15986
0.024397
0.794324
0.024397
0.382865
0.024397
0.260751
0.24034
0.554858
0.109341
0.554858
0.0311086
1.01518
0.0311086
0.904382
-0.0244348
0.835385
-0.104176
0.354557
-0.104176
-0.0956678
-0.416606
0.176621
-0.200032
0.438656
-0.200032
0.0357805
-0.149119
0.460576
-0.149119
0.460576
-0.149119
0.460576
-0.073953
0.83589
-0.073953
0.786988
-0.0338289
0.85568
-0.0338289
0.927813
-0.0480528
0.730466
0.0209886
0.6811
0.0209886
0.192793
0.047725
0.192279
0.187558
0.0917338
0.264816
-0.307303
0.421674
-0.178266
0.156826
-0.155736
-0.310457
-0.186948
-0.196683
0.26282
-0.196683
-0.0995878
-0.00405766
0.342516
0.196811
-0.00835551
-0.230766
-0.369925
-0.477878
-0.369925
-0.122509
-0.819527
-0.122509
-0.327915
-0.122509
-0.502434
-0.562847
-0.502434
-0.562847
-0.502434
-0.259181
-0.502434
-0.259181
-0.212798
-0.162593
0.104688
0.276135
0.265669
0.122748
0.00468734
0.251845
-0.478065
0.130473
-0.478065
-0.236559
-0.478065
0.115712
-0.489663
0.0190825
-0.148862
0.0190825
-0.554795
0.0190825
-0.126163
0.233599
-0.126163
-0.20005
0.326356
-0.20005
0.0678381
-0.0719286
-0.311435
-0.362888
-0.220416
-0.362888
0.0378073
-0.122556
0.0284052
-0.615173
-0.0686226
-0.465407
-0.0686226
-0.351419
-0.0686226
-0.118247
-0.519986
-0.118247
-0.519986
-0.256261
-0.284977
-0.256261
-0.550889
-0.176485
-0.550889
-0.176485
-0.550889
0.178209
-0.509527
0.178209
-0.509527
0.178209
-0.641988
0.178209
-0.537641
0.0317573
-0.203807
-0.240772
0.278378
0.197138
0.278378
0.0613627
0.0756195
0.3679
-0.142277
0.708996
-0.142277
0.708996
0.0428809
0.276116
0.0428809
0.359156
0.137207
0.359156
0.397173
0.138186
0.274591
-0.220257
0.560845
0.0118713
0.163429
0.0169098
0.325575
0.0169098
0.507818
0.0169098
0.635722
-0.143823
0.240697
-0.134039
0.27819
-0.339289
-0.213708
-0.319965
-0.0820069
-0.271965
-0.0820069
0.191855
-0.113778
-0.0814373
-0.586033
-0.157642
-0.586033
0.117682
-0.586033
0.291207
-0.586033
0.0122612
-0.312829
-0.37822
-0.311079
-0.134093
-0.208962
-0.134093
-0.59568
-0.134093
-0.20674
-0.134093
-0.20674
0.118489
-0.534694
-0.195646
-0.321499
-0.514059
-0.321499
-0.514059
-0.321499
-0.373281
-0.321499
0.0150082
-0.0932235
0.227447
0.333395
-0.155622
0.55306
-0.167323
0.25144
-0.00223962
0.641815
-0.00223962
0.387628
0.130255
0.387628
0.159059
0.742402
0.159059
0.736974
0.130866
1.15784
0.130866
1.29289
-0.102853
1.07016
-0.102853
0.776271
-0.102853
0.644782
-0.102853
0.559003
-0.102853
0.0837308
-0.174009
-0.363545
-0.174009
-0.363545
0.152718
-0.302659
0.131619
-0.685241
0.131619
-0.209867
-0.205326
-0.209867
-0.111457
0.0329302
0.136701
0.340918
-0.0616344
0.819744
-0.0616344
0.731808
-0.118116
0.272812
-0.118116
0.33288
-0.0859772
0.314971
-0.191329
0.479991
-0.191329
0.580038
-0.263863
0.553965
-0.154475
0.422213
-0.0655592
0.664238
-0.231782
0.268467
-0.231782
0.214722
0.184402
-0.258449
0.0146409
-0.335821
-0.0242406
-0.12603
0.424334
-0.129018
-0.0751386
-0.27935
-0.0751386
0.133126
0.174162
-0.29274
-0.0324199
-0.325445
-0.0844987
-0.684059
0.122203
-0.538465
-0.125755
-0.454705
-0.125755
-0.4854
-0.044684
-0.4854
-0.044684
-0.522728
-0.044684
-0.679097
-0.044684
-0.333298
-0.0905157
-0.048148
-0.413676
0.298473
-0.509422
0.298473
-0.287923
-0.0399381
-0.176664
-0.196172
-0.176382
-0.591871
-0.176382
-0.525536
-0.0142676
-0.0311518
0.444605
-0.0311518
0.757916
0.00213494
0.747076
0.00213494
0.550993
0.00213494
0.550993
0.00213494
0.565405
0.224789
0.0925527
0.224109
0.0925527
0.1177
-0.0894975
0.125067
-0.0894975
0.157098
-0.356428
0.157098
-0.313302
0.157098
-0.313302
-0.150893
-0.592372
-0.150893
-0.568236
-0.232244
-0.521202
0.176703
-0.338382
-0.30926
-0.338382
-0.30926
0.147122
-0.311999
0.147122
-0.311999
0.147122
-0.23938
0.147122
-0.0882014
0.147122
-0.365251
0.284565
-0.365251
0.284565
-0.396244
0.0769589
-0.396244
-0.0160623
-0.396244
-0.0160623
0.0033208
0.419246
0.145183
0.419246
0.18461
0.689624
0.18461
0.500789
0.281899
0.500789
0.281899
0.0531907
0.512675
0.0531907
0.3556
-0.35402
-0.0263889
-0.812158
0.160371
-1.22579
0.160371
-0.743349
0.160371
-0.743349
0.0497866
-0.513906
-0.0508914
-0.243579
0.0639513
-0.243579
0.0639513
0.160352
-0.0607039
0.00970699
-0.433991
0.00970699
-0.12851
0.233168
-0.12851
0.208232
-0.12851
0.331063
-0.340964
0.331063
-0.0774999
0.331063
-0.135613
0.189504
-0.450265
-0.27751
-0.595257
-0.27751
-0.208791
0.0233581
-0.451491
0.0233581
-0.157284
0.321334
-0.157284
0.405946
-0.288135
0.245104
-0.288135
-0.147034
-0.171142
0.117641
0.182638
0.475806
0.182638
0.903603
0.182638
0.635095
-0.175959
0.635095
0.0140519
0.851582
0.0140519
1.32541
0.0140519
1.75149
0.0140519
1.7194
0.0140519
1.80291
0.0140519
1.62111
0.0140519
1.62111
0.0140519
1.94153
0.0140519
1.91482
0.0140519
1.4863
0.0140519
1.45604
0.0140519
1.05722
0.0140519
1.05722
0.0140519
1.05722
0.0710843
0.576204
0.130084
0.229025
-0.0978972
0.229025
-0.0764987
0.29317
0.131948
0.29317
-0.279697
0.112158
-0.173645
-0.0969342
-0.171981
-0.227788
-0.171981
0.161456
0.157425
-0.11974
0.131842
-0.450115
0.131842
-0.441847
-0.203865
-0.441847
-0.203865
-0.0297753
0.0597188
0.272709
0.0597188
0.396049
0.400435
0.396049
0.400435
0.396049
0.400435
0.396049
0.400435
-0.099288
0.455163
-0.166405
0.296202
-0.166405
0.575165
-0.166405
0.575165
-0.166405
0.574415
-0.166405
0.134956
-0.0386047
0.201234
0.0806242
0.249004
0.145995
-0.012818
-0.161111
-0.012818
-0.33101
0.114017
-0.33101
0.167384
-0.163139
-0.0873358
-0.0850705
0.307419
-0.0187734
-0.0938785
0.32652
-0.0938785
-0.00788874
-0.357506
-0.00788874
-0.343015
0.200253
-0.343015
-0.100479
-0.262572
-0.276653
-0.1522
-0.276653
-0.0329337
0.0607267
-0.0699113
0.427372
0.0788116
0.452083
-0.090023
0.0664468
-0.217018
-0.0909833
-0.366005
0.2851
-0.27824
0.234637
-0.623418
0.07822
-0.385805
-0.144602
-0.387646
-0.144602
-0.113763
-0.394497
-0.113763
-0.450718
-0.00122348
-0.375691
0.17237
-0.375691
0.0304067
-0.554335
0.0304067
-0.802451
-0.108742
-0.952575
-0.108742
-0.817249
-0.0554652
-1.24503
-0.0554652
-1.00923
-0.0554652
-1.00923
-0.0554652
-0.666302
0.0902064
-0.666302
-0.0758411
-0.985971
-0.0758411
-0.776566
-0.0758411
-0.776566
-0.0758411
-1.25656
-0.0758411
-0.80602
0.0518438
-0.51393
0.0518438
-0.442768
0.000283033
0.0504412
0.493512
0.0504412
0.522787
0.0504412
0.784418
0.130619
0.322953
0.27947
0.322953
0.29444
0.114067
0.418033
0.114067
0.591242
0.114067
0.352794
0.114067
0.583145
-0.0383736
0.301019
-0.152067
0.367865
0.0820208
-0.0135475
-0.0963887
-0.393893
-0.101813
-0.273622
0.118618
-0.564672
0.118618
-0.752255
-0.0192265
-0.432118
-0.0192265
-0.0706973
0.291233
-0.0706973
0.54816
-0.321415
0.791567
0.119183
1.15997
0.119183
0.882318
0.119183
0.793745
0.119183
0.348241
0.119183
0.0709027
-0.00833205
-0.236826
0.110325
-0.236826
-0.278569
-0.0560969
-0.369377
-0.0560969
-0.439091
0.22947
-0.350626
0.0613929
-0.350626
0.0832285
-0.350626
-0.37598
-0.209642
0.0970404
-0.209642
-0.213676
-0.225939
-0.213676
-0.225939
0.0848414
-0.348584
-0.264374
-0.804043
0.0758073
-0.630516
0.0758073
-0.401977
0.0758073
-0.595384
0.0758073
-0.729772
0.0758073
-0.272203
-0.341244
-0.272203
-0.0610335
0.0387029
0.132632
-0.275805
0.0639592
-0.289968
-0.257794
-0.336308
-0.0639695
-0.336308
0.416098
-0.336308
0.213963
0.12756
0.213963
0.450363
0.356036
0.450363
0.37
0.450363
0.1513
0.294836
-0.20181
0.0397881
-0.282688
0.0115064
-0.439943
0.184565
-0.0204379
0.0483667
0.397839
-0.132509
0.511674
-0.132509
0.48934
-0.132509
0.48934
-0.132509
0.458463
-0.132509
0.458463
-0.132509
0.747089
-0.0760261
0.482656
-0.0760261
0.0741312
0.0361278
0.395388
-0.025445
0.124699
0.0669431
-0.324036
0.367233
-0.18734
0.516793
-0.18734
0.361694
0.0702946
0.627357
-0.0121742
0.845631
-0.0121742
0.549682
-0.0121742
0.858947
-0.0887955
0.858947
-0.0887955
0.432878
-0.0887955
0.407347
-0.282873
0.407347
-0.0980958
0.414387
-0.0980958
-0.00796335
-0.436588
-0.00796335
-0.436588
-0.00796335
-0.165648
0.334144
-0.165648
0.334144
0.0264733
0.665056
0.0264733
0.314213
0.33579
0.314213
0.33579
0.0163377
0.413931
0.0519084
0.202634
0.343607
-0.146771
0.0368959
0.327337
-0.00064098
-0.0176958
-0.284625
0.327219
-0.284625
-0.13108
-0.522979
-0.13108
-0.746559
0.0549204
-0.534538
0.0286416
-1.02437
0.00804559
-0.91518
-0.141872
-0.91518
-0.182805
-0.569304
-0.0161273
-0.442097
-0.0161273
-0.442097
-0.0161273
-0.32873
-0.362472
-0.26777
-0.362472
-0.26777
-0.362472
-0.26777
-0.362472
0.0263809
-0.185619
0.259626
0.246993
0.259626
-0.13937
0.259626
-0.0229381
0.0699088
0.133227
-0.0322467
-0.0799406
-0.0322467
0.0208476
0.393526
-0.427523
0.0242193
-0.240397
-0.380776
-0.129691
0.0534297
-0.205983
0.0534297
0.24538
0.0534297
-0.120877
-0.309353
-0.421517
-0.423412
-0.421517
-0.109241
-0.708639
-0.109241
-0.997951
-0.109241
-0.997951
0.0311852
-0.883161
0.0311852
-0.39522
0.0311852
-0.222359
0.127525
0.0599514
0.457462
0.0599514
0.442255
0.0599514
0.0717573
0.28782
-0.203369
0.28782
0.260445
0.28782
0.260445
0.28782
0.329295
0.345355
-0.0901245
0.503585
-0.0901245
0.616603
0.0596078
0.506501
0.0230338
0.954929
0.0230338
0.938159
0.0230338
0.938159
0.0230338
1.32566
0.0230338
1.06803
0.0230338
1.05365
0.0402616
0.750075
0.0853917
0.291978
0.0853917
0.291978
0.0853917
-0.042259
0.522333
0.0792417
0.41836
0.0792417
0.317242
0.0358756
0.41787
-0.0176494
0.529508
-0.24614
0.355574
-0.24614
0.258661
-0.24614
0.258661
-0.00341466
-0.0700126
-0.140054
0.245463
-0.140054
-0.0378851
-0.164894
-0.0378851
0.095334
-0.473229
0.132304
-0.373165
0.353777
-0.373165
-0.0643599
-0.584404
-0.080113
-0.0854303
-0.37879
-0.0854303
-0.173486
-0.547133
-0.173486
-0.217519
-0.471834
-0.217519
-0.471834
-0.159357
-0.373962
-0.159357
0.0471565
-0.159357
0.0204273
0.0356876
-0.158794
-0.160805
0.116889
-0.171218
0.261554
-0.0711936
0.565257
-0.0711936
0.565257
0.20049
0.313463
0.20049
0.313463
0.656983
0.207486
0.404141
0.251536
0.363925
-0.143021
0.364996
-0.143021
0.509097
0.073887
0.265386
-0.235976
0.153034
-0.0662264
0.263677
-0.519594
0.271838
-0.519594
0.19863
-0.511011
0.0611944
-0.434
0.435034
-0.434
0.435034
-0.309172
0.00664423
-0.16236
-0.440813
-0.16236
-0.137881
0.0649952
-0.353961
0.0649952
-0.334108
-0.101751
-0.671676
-0.101751
-0.671676
-0.101751
-0.335564
-0.0758099
-0.00600047
-0.517576
0.453245
-0.517576
0.131253
-0.352012
0.115191
-0.100026
-0.0783481
0.120044
-0.040393
-0.309379
0.0942204
0.0292378
0.349498
0.300798
0.349498
-0.114357
0.133557
-0.587553
-0.108263
-1.05161
-0.108263
-1.05161
0.089631
-0.936506
0.089631
-0.87168
0.089631
-0.545366
0.327946
-0.266087
0.421907
-0.20035
0.057407
0.292012
0.107283
0.292012
0.107283
-0.167463
0.0410936
-0.348843
0.28259
-0.348843
0.155455
-0.0263679
0.300666
-0.105641
0.325502
-0.107418
0.31602
-0.110203
0.31602
-0.152498
0.31602
-0.152498
0.129209
0.0776566
0.568402
0.0776566
0.491336
0.183934
0.491336
0.183934
0.147979
-0.223896
-0.297087
-0.621393
-0.297087
-0.32244
-0.297087
-0.296993
-0.297087
-0.0417016
-0.381341
-0.0417016
-0.108258
-0.0330828
0.0338795
0.0374595
0.211151
-0.0787901
0.600107
-0.0787901
0.913934
-0.0787901
0.913934
0.00256483
0.673653
0.00256483
1.14554
0.00256483
1.14554
-0.223899
1.14554
-0.223899
1.14554
0.260861
1.03899
0.00587624
1.03899
0.00587624
1.03899
-0.0345657
0.726825
-0.0345657
1.18687
-0.0345657
0.714569
-0.0345657
0.77536
-0.0345657
0.77536
-0.0345657
0.82381
0.00530446
0.985212
0.00530446
1.39437
0.00530446
1.39437
0.0737062
1.11204
-0.120374
0.678159
-0.120374
0.764052
-0.120374
0.764052
-0.207032
0.764052
0.0573972
0.480216
-0.428896
0.0197061
-0.861574
-0.119736
-0.362464
0.229585
-0.362464
0.241708
-0.362464
0.274579
-0.367829
0.112155
-0.102837
-0.0754215
-0.340136
0.155155
-0.625627
-0.129269
-0.892149
-0.129269
-1.2452
-0.129269
-1.2452
0.0984971
-0.852352
0.0984971
-0.499338
-0.216498
-0.329656
-0.116916
-0.440044
0.224001
0.00607852
0.671817
0.00607852
0.302561
0.119841
-0.0864878
0.390388
-0.0152944
0.468979
-0.0152944
0.501201
-0.0152944
0.703055
-0.0152944
0.379938
0.241302
-0.0798624
0.387411
-0.0798624
0.0379743
-0.234397
-0.0757201
-0.296373
-0.340832
-0.443494
-0.321216
-0.196799
0.091886
-0.507767
0.091886
-0.697009
0.091886
-0.676335
0.202729
-0.676335
0.0899156
-0.504248
-0.361109
-0.0463332
-0.233854
-0.0385427
-0.24408
-0.00790495
-0.413848
-0.132648
-0.526499
-0.305867
-0.156883
-0.305867
-0.211513
-0.305867
0.0706995
-0.687811
0.0706995
-0.334105
0.0434596
-0.649304
0.103565
-0.316518
0.441466
0.140318
0.516378
0.140318
0.153988
-0.121339
0.579871
-0.193223
0.290081
-0.0461751
0.0236589
0.029456
-0.264346
0.46359
-0.264346
0.46359
-0.264346
0.703762
-0.264346
0.703762
-0.118149
0.274683
-0.118149
0.00552181
0.158353
-0.300408
0.158353
-0.300408
-0.270305
-0.0838271
-0.457619
-0.0838271
-0.756574
-0.153495
-0.756574
-0.153495
-0.324429
0.113642
0.0262735
-0.149945
0.432797
-0.321394
-0.0265244
-0.718915
0.105297
-0.766763
0.343651
-0.766763
0.343651
-0.309023
0.0323693
-0.777162
0.0323693
-0.943181
0.0323693
-0.943181
0.0323693
-0.466134
0.135459
-0.576668
0.135459
-0.260306
0.125362
-0.21303
0.397737
0.0777463
0.397737
0.0777463
0.017583
0.219174
0.017583
0.585719
0.0266617
0.199427
0.485355
0.199427
0.104706
0.267797
0.349089
0.410629
0.349089
0.601832
0.349089
0.516631
0.348692
0.13601
0.731133
-0.173777
1.06335
-0.111476
0.797096
-0.0159667
0.797096
-0.0159667
1.01188
-0.0159667
1.43062
-0.0159667
1.12435
-0.0159667
0.776506
-0.0159667
0.57213
-0.0159667
0.587389
-0.0159667
0.170654
0.237535
-0.235526
0.0493461
-0.199969
0.337861
-0.199969
0.398278
-0.140593
0.313043
-0.140593
0.484121
-0.140593
0.457827
-0.037916
0.759013
-0.273056
0.722031
0.0612549
0.701897
0.0612549
0.777475
-0.100385
0.813338
0.0814823
0.41477
0.0814823
0.41477
-0.248136
0.131151
-0.666957
-0.19405
-0.613654
0.302254
-0.449156
0.346841
-0.449156
0.124373
-0.495595
-0.245484
-0.495595
0.208465
-0.4662
-0.26189
-0.4662
-0.26189
0.0177367
-0.657731
-0.120913
-0.389579
-0.324787
-0.389579
-0.324787
-0.389579
-0.324787
-0.178166
0.16849
0.186428
0.641859
0.186428
0.641859
-0.247585
0.370872
0.020326
0.354988
0.143102
-0.035187
0.31738
-0.0951267
-0.146347
-0.331898
-0.359367
-0.331898
-0.511364
-0.0389037
-0.957026
-0.0389037
-0.616513
-0.0389037
-0.762391
-0.135596
-0.76327
0.00979655
-0.279677
0.00979655
-0.20485
-0.063939
0.282374
0.0772331
0.692587
0.0772331
0.237107
0.231118
0.214131
0.386271
-0.134552
0.574391
-0.134552
0.292083
-0.273309
0.567548
-0.273309
0.139301
-0.273309
-0.354965
-0.273309
-0.156166
-0.0680331
-0.208971
-0.0680331
-0.568381
-0.0680331
-0.749163
-0.0680331
-0.590417
-0.0680331
-0.770073
-0.0680331
-0.321946
0.00772607
-0.65594
0.00772607
-0.306473
-0.0639783
-0.432568
-0.0365218
-0.0539173
-0.272257
-0.0539173
-0.524896
-0.0539173
-0.145106
-0.245262
0.206287
-0.245262
-0.00967016
-0.245262
-0.0808958
0.055328
0.314323
-0.0472147
-0.117981
0.116777
0.0875363
-0.295358
-0.0716983
-0.40939
0.176038
-0.40939
0.167268
-0.40939
-0.0363483
-0.83179
-0.0250015
-0.399233
-0.0250015
-0.399233
-0.0250015
-0.256262
0.38169
-0.469455
0.255821
-0.469455
0.212639
-0.280386
0.212639
-0.280386
0.518092
-0.128479
0.181711
0.196363
0.450447
0.200518
0.450447
-0.111178
0.326638
0.0114684
0.259219
0.0114684
0.426241
0.0114684
0.351175
0.376026
0.0580074
0.501995
0.0580074
0.602094
0.0580074
0.655742
-0.0396495
0.384872
-0.0396495
0.432528
-0.0396495
0.861961
-0.0396495
1.08595
0.0725716
0.806688
0.0725716
0.992159
0.0725716
0.992159
0.0725716
0.992159
-0.0823354
1.00986
-0.0823354
0.616983
0.0582638
0.796971
0.0582638
0.615935
0.0582638
0.236706
-0.383924
-0.207369
-0.383924
-0.207369
-0.182039
0.044704
-0.0146866
0.293048
-0.0146866
0.212226
-0.0381663
0.0712749
-0.0381663
0.371234
-0.053907
0.580398
-0.258185
0.478278
-0.00990508
0.950568
-0.00990508
0.950568
-0.0752283
0.732769
-0.0752283
0.892966
-0.0752283
0.98891
-0.160501
0.552789
0.110938
0.502389
-0.167582
0.502389
-0.167582
0.238646
0.316288
0.384153
0.231366
0.384153
0.231366
0.384153
-0.162193
0.636762
-0.162193
0.299431
-0.199248
0.299431
-0.412541
0.0799978
-0.412541
0.0275164
-0.554381
-0.0568805
-1.01432
-0.0568805
-1.38508
-0.0568805
-1.07959
-0.0568805
-1.07959
-0.0568805
-0.584584
0.0907209
-0.604521
0.0907209
-0.599892
0.0907209
-0.65753
-0.0512185
-0.867481
-0.0512185
-0.891722
-0.0512185
-0.891722
0.0174044
-0.891722
0.00361553
-0.961072
0.00361553
-1.24129
0.00361553
-1.42915
-0.0983739
-1.42915
-0.0983739
-1.8351
-0.0983739
-1.8351
-0.0983739
-1.73318
-0.0983739
-1.51551
-0.0983739
-1.37757
-0.0983739
-1.28399
-0.0983739
-0.926005
-0.0983739
-0.693498
-0.0983739
-0.488583
-0.0983739
-0.739439
-0.0983739
-0.739439
-0.00873683
-0.739439
-0.00873683
-0.739439
0.0434982
-0.61071
0.147917
-0.431837
0.229018
-0.431837
0.334336
-0.431837
-0.118746
-0.471249
-0.118746
-0.874033
0.0351597
-1.26718
0.0351597
-1.26718
0.0351597
-1.74786
0.0351597
-1.52686
0.0351597
-1.14334
-0.0449026
-1.48919
-0.0693364
-1.57461
-0.0693364
-1.94057
-0.0693364
-1.91214
-0.0693364
-1.91214
-0.0693364
-1.55126
-0.0693364
-1.68526
-0.0693364
-1.67897
-0.0693364
-1.23641
-0.0693364
-0.839677
-0.0693364
-0.641513
-0.0693364
-0.830441
-0.0693364
-1.25035
-0.0693364
-1.10253
-0.0693364
-1.10253
0.0654124
-0.780957
0.22083
-0.780957
0.115484
-0.780957
0.115484
-0.398912
-0.113412
-0.136365
-0.113412
0.339748
-0.113412
0.165088
-0.0491117
-0.243193
0.0875766
-0.633792
0.0875766
-0.818818
0.0875766
-0.725135
0.0875766
-0.914843
-0.1357
-1.13299
0.0614064
-1.42123
0.0614064
-1.52365
0.0614064
-1.08291
0.0614064
-0.623784
0.0614064
-0.531814
0.0614064
-0.605199
0.0614064
-0.361647
0.0614064
-0.00875224
-0.0623634
-0.229704
-0.235431
-0.287383
-0.151451
-0.247245
-0.611797
-0.247245
-0.859167
-0.247245
-0.859167
0.112683
-1.11654
0.112683
-0.91857
0.112683
-1.03102
-0.18013
-0.677659
-0.18013
-0.677659
-0.18013
-0.72651
-0.18013
-0.72651
-0.0407871
-0.855792
0.165369
-0.780588
-0.1483
-1.04459
-0.1483
-1.2646
-0.1483
-1.26875
-0.1483
-0.938375
-0.1483
-0.938375
-0.1483
-1.09411
-0.0846082
-1.09411
0.0533999
-1.31453
-0.0303263
-1.53954
-0.0303263
-1.53954
-0.0303263
-1.54289
-0.0192987
-1.54289
-0.0192987
-1.58822
-0.0192987
-1.87747
-0.0192987
-1.87747
-0.0192987
-1.87747
0.0657297
-1.98431
0.0657297
-1.64112
-0.0874101
-1.64112
-0.0874101
-1.50716
-0.0874101
-1.7204
-0.0874101
-1.39924
-0.0874101
-1.49132
-0.0874101
-1.7201
-0.0874101
-1.80356
-0.0874101
-1.80356
-0.0874101
-1.31381
0.170457
-1.20811
0.170457
-1.23123
0.170457
-0.767348
0.170457
-0.767348
-0.147698
-0.408321
-0.147698
-0.19657
0.0701739
0.186883
0.0701739
0.021876
0.298984
0.521312
-0.0119288
0.633367
-0.0119288
0.734191
-0.0119288
1.05614
-0.0119288
1.24441
-0.0119288
1.47161
0.0247465
1.38672
0.0247465
1.16116
0.0247465
1.1218
0.0247465
1.1218
0.0247465
1.22553
0.00838214
1.06749
0.00838214
1.48789
0.00838214
1.82386
0.00838214
1.82519
0.00838214
2.10279
0.00838214
2.54649
0.00838214
2.38204
0.00838214
2.22566
-0.0655625
2.15259
-0.0655625
2.22177
-0.0655625
1.98815
-0.0655625
1.98815
0.00931797
1.65439
0.00931797
1.52633
0.00931797
1.36715
0.00931797
1.58765
0.00931797
1.48398
0.00931797
1.29908
0.00931797
0.853115
0.00931797
0.529779
-0.141313
0.529779
-0.141313
0.95232
-0.16405
0.95232
-0.16405
0.95232
-0.16405
0.95232
-0.16405
0.998798
-0.16405
0.804842
-0.16405
0.534604
-0.445836
0.534604
-0.293058
0.0807008
-0.187514
0.184362
-0.547981
0.184362
-0.547981
0.184362
-0.547981
-0.193587
-0.462307
-0.193587
-0.157257
-0.241194
0.0293022
-0.136864
0.0136407
-0.618365
0.0136407
-0.189501
-0.238086
0.268638
-0.238086
0.431331
-0.182832
0.431331
-0.182832
0.673523
-0.182832
0.47816
-0.396145
0.47816
-0.396145
0.326828
-0.396145
0.14756
-0.396145
0.14756
-0.396145
0.246116
-0.234801
-0.136517
0.0594882
-0.220536
-0.094452
-0.220536
-0.0634781
0.0381947
-0.0634781
-0.0297093
-0.251943
0.111513
-0.147314
0.249772
-0.147314
0.211195
-0.147314
-0.288106
-0.147314
-0.667845
0.136353
-0.667845
-0.194908
-0.687675
0.143107
-0.536189
0.143107
-0.962524
-0.053034
-0.825469
-0.135059
-0.825469
-0.135059
-0.825469
-0.135059
-0.781927
-0.135059
-0.77919
-0.285035
-0.438447
-0.143095
-0.936119
0.0502281
-0.902855
0.0502281
-0.933084
0.0502281
-0.677575
0.0502281
-0.291946
0.238157
-0.233732
0.238157
0.140997
-0.115394
-0.0401421
0.316032
-0.0959594
0.605654
-0.0959594
0.80679
0.169651
0.743414
0.169651
0.762679
0.0103662
0.359507
0.0103662
0.584014
0.189661
1.00823
0.189661
1.23791
0.189661
1.23791
-0.067721
0.895564
-0.067721
0.651702
0.217579
0.379433
0.353616
-0.0978054
0.212508
0.194619
0.0101575
0.0881367
0.269508
0.426324
0.264647
0.503848
0.181584
0.465594
0.181584
0.795686
-0.0966803
0.933147
-0.0966803
0.933147
0.067626
1.25488
0.067626
1.08675
0.067626
1.32479
-0.0417236
0.852959
0.118214
0.828373
0.0601197
0.526558
-0.135268
0.805644
0.00996071
0.329833
-0.0590554
-0.00626736
-0.0729938
-0.0848385
-0.184338
0.270034
-0.202754
0.270034
-0.202754
0.270034
-0.612907
0.0652348
-0.274618
0.31242
-0.274618
0.314926
-0.274618
0.462399
-0.268535
0.462399
-0.147571
0.631733
-0.147571
0.601102
-0.147571
0.517945
-0.0651358
0.447166
0.317511
0.294837
0.0924108
0.340665
0.153479
0.340665
-0.10389
0.372409
-0.10389
0.384923
-0.10389
0.859015
-0.10389
0.859015
-0.10389
0.647265
-0.10389
0.160939
-0.240304
-0.00692751
-0.483304
-0.381438
-0.176786
-0.624929
-0.112618
-0.135481
0.3418
-0.135481
0.83825
-0.135481
0.83825
-0.122414
0.567966
-0.191917
0.64606
-0.191917
0.900569
0.0196168
0.406784
-0.136737
0.0979239
0.0744073
0.153764
-0.344035
0.0696545
-0.580175
0.243933
-0.214208
0.243933
0.264646
0.243933
0.489584
0.243933
0.634064
0.11817
0.250311
-0.329121
0.186947
-0.699541
0.233532
-0.699541
0.233532
-0.604918
0.0455852
-0.691679
0.302658
-0.600909
0.0336407
-0.728033
0.0336407
-0.260704
0.176714
0.0458147
0.00510085
0.0859257
-0.395624
0.312107
-0.395624
0.228779
-0.14213
-0.0130717
0.33486
0.276294
0.123899
0.120083
0.173159
0.0199779
0.381133
-0.239761
0.381133
-0.0186821
0.629361
-0.0186821
0.39294
-0.0186821
0.0355361
0.00636361
0.404078
-0.188552
0.404078
0.00658607
0.229093
0.00658607
0.593697
0.00658607
0.284829
0.0997949
0.357182
0.0997949
0.501713
0.198886
0.0964982
-0.260334
-0.0673083
0.158257
0.139034
-0.0954623
0.353524
0.322585
0.128399
0.0307518
-0.170335
-0.330938
0.10748
-0.400329
0.177696
-0.310051
-0.00231954
-0.00103175
0.494178
-0.00103175
0.255615
-0.103599
0.152533
0.111931
-0.210629
0.111931
-0.0155293
0.312466
0.477938
0.312466
0.453224
0.312466
0.453224
0.0176898
0.64213
0.13575
0.724447
0.0566691
0.748743
0.0566691
0.39718
0.0566691
-0.0884559
0.422899
-0.323216
0.0556491
-0.700211
0.0556491
-0.900371
0.0556491
-1.08704
0.0771434
-0.618309
0.0771434
-1.01659
-0.0384719
-0.946414
-0.0384719
-0.946414
-0.0384719
-0.977952
-0.0384719
-1.12167
-0.0384719
-1.38969
-0.0384719
-1.38969
-0.158004
-1.38969
0.0139587
-1.38969
0.0139587
-1.17868
0.0139587
-1.67577
0.0139587
-1.70541
0.0139587
-1.73545
0.0139587
-1.63936
0.0139587
-1.45892
0.0139587
-1.86604
0.0139587
-2.17038
0.0139587
-1.8913
0.0139587
-1.99826
0.0139587
-1.59199
0.0139587
-1.38673
0.0139587
-1.05524
-0.11769
-1.09049
-0.11769
-1.11271
-0.158206
-1.11271
0.125907
-1.11271
0.125907
-1.11271
0.125907
-0.912619
0.125907
-0.511541
0.125907
-0.595269
-0.101866
-0.420531
-0.101866
-0.540092
0.0107143
-0.649222
-0.0152716
-0.996238
-0.0152716
-0.523136
-0.0152716
-0.970501
-0.0496047
-1.28949
-0.0496047
-1.33983
-0.0496047
-0.849356
-0.0496047
-0.849356
0.0906941
-1.03823
0.0906941
-1.06458
0.0906941
-1.46638
0.0906941
-1.39146
0.0906941
-1.71419
0.0906941
-1.44423
0.0906941
-1.20948
-0.0255297
-0.972546
-0.0255297
-0.488064
0.238058
-0.159298
0.0828715
-0.0405441
-0.16029
0.0877106
-0.383382
0.486143
-0.0958729
0.87725
0.246858
0.765512
-0.0896135
0.415304
-0.0896135
0.138894
0.401608
0.138894
0.65329
0.138894
0.982582
0.138894
0.982582
0.139156
1.4161
0.139156
1.09028
0.139156
1.1676
0.116482
1.16443
0.116482
0.798224
-0.13958
0.534332
-0.13958
0.515053
0.302713
0.515053
0.00961453
0.0991694
-0.266791
0.285744
-0.106109
-0.146056
-0.47616
-0.146056
-0.106927
-0.643765
-0.106927
-0.643864
-0.106927
-0.30535
-0.141832
-0.104704
-0.0289191
0.391645
-0.0289191
0.259965
0.279616
-0.109175
0.398944
0.128094
0.580042
0.128094
0.132137
0.128094
-0.119358
0.0792624
-0.161471
0.0792624
-0.170924
0.137771
0.247308
0.0894567
-0.0368275
0.0894567
-0.0368275
-0.0627786
-0.00598556
-0.0335477
-0.132681
0.369582
0.098422
0.480973
0.098422
0.386967
-0.122997
0.496957
-0.120898
0.139248
0.344419
0.139248
0.545276
0.139248
0.26458
-0.262592
-0.230294
-0.46942
-0.230294
-0.46942
-0.230294
-0.139554
0.0771492
-0.216579
0.130905
0.00934166
0.503004
0.00934166
0.952124
0.00934166
0.903756
0.0506109
0.73776
0.0506109
0.239735
-0.186912
0.633032
-0.186912
1.04481
-0.186912
1.04481
-0.186912
0.918907
-0.186912
0.620769
0.0531042
0.627874
0.174887
0.38117
-0.0763889
0.840014
-0.0763889
1.23945
0.0433608
1.23945
0.0433608
0.980898
0.0433608
1.22688
0.0433608
1.22688
0.0433608
1.22688
0.0433608
1.22688
0.0433608
1.22688
0.0433608
0.904856
0.0433608
0.904856
0.0433608
0.904856
0.0433608
0.476264
0.283819
0.476264
0.283819
0.476264
0.283819
0.476264
0.214951
0.00394127
-0.215342
0.369204
-0.157343
0.136382
-0.0729252
0.136382
0.126626
-0.0417466
0.280728
0.0199502
0.00504567
-0.404558
0.350322
-0.404558
0.31595
-0.387069
0.411765
-0.387069
0.0772092
-0.142181
-0.139832
0.334609
0.102862
-0.117444
-0.288229
0.151388
0.186108
0.255029
-0.113506
0.0236432
0.331413
-0.387086
0.331413
-0.418468
0.331413
-0.418468
0.331413
-0.418468
0.0768731
-0.560381
-0.120764
-0.705494
-0.120764
-0.94839
-0.104909
-1.05992
-0.104909
-1.05992
-0.0172978
-1.38228
-0.0172978
-1.27059
-0.0172978
-0.975233
-0.0979425
-0.500098
-0.0979425
-0.636864
-0.0979425
-0.638696
-0.0979425
-0.638696
-0.0979425
-0.781754
0.161294
-0.452131
0.222773
-0.694204
0.195989
-0.363278
0.168506
-0.396346
0.0282896
-0.344197
-0.32216
0.0426443
-0.129928
-0.0897528
-0.499622
-0.0897528
-0.509578
-0.0897528
-0.42997
-0.0607911
-0.0671239
-0.0235946
0.150321
0.235782
-0.250931
-0.0798321
0.133169
-0.315537
0.14238
-0.342587
-0.0320927
-0.0359457
-0.370514
-0.239588
-0.346351
-0.239588
-0.361767
-0.384118
-0.0519505
-0.0858857
0.360488
-0.0858857
0.0336487
0.0934105
0.160161
0.0498175
0.251314
-0.0420275
0.047177
-0.511862
0.167009
-0.785123
-0.000653561
-0.801618
-0.000653561
-0.939662
-0.000653561
-1.18078
-0.000653561
-1.13851
-0.199963
-1.12999
-0.199963
-0.936009
-0.199963
-0.833478
0.241995
-0.722836
-0.224846
-0.722836
-0.224846
-0.657788
-0.150375
-0.391864
-0.33962
-0.26206
0.0199929
0.0296428
-0.442692
0.390239
-0.620493
0.250534
-0.845903
-0.153045
-0.845903
-0.153045
-1.09439
-0.153045
-1.01613
-0.153045
-1.08222
-0.0329325
-1.08222
-0.0329325
-0.841227
0.0235507
-0.635513
0.0235507
-0.81221
0.138184
-0.633475
0.218957
-0.633475
0.258955
-0.447694
0.438712
-0.447694
0.258993
-0.447694
-0.200087
-0.447694
-0.242935
-0.588748
-0.070112
-0.440729
0.208893
-0.557487
0.208893
-0.651342
0.208893
-0.651342
0.208893
-0.400382
-0.072708
-0.29348
-0.072708
-0.236664
-0.0231747
-0.541069
-0.0231747
-0.541069
-0.0231747
-0.929731
-0.0231747
-0.740375
-0.0824143
-0.585248
-0.0824143
-0.190567
-0.0824143
-0.42458
-0.358221
-0.302394
-0.115739
-0.0803222
-0.22527
-0.0803222
-0.128009
0.0144911
-0.0688712
-0.186943
0.280876
-0.186943
0.0378059
-0.117139
0.43878
-0.117139
0.0756274
0.0978897
-0.235011
0.0978897
0.146038
0.0973355
0.367157
0.0973355
-0.0272522
-0.108602
0.429101
0.237955
0.429101
0.237955
-0.0693901
0.364285
0.135358
0.439373
0.135358
0.0502973
0.478767
0.237647
0.236084
0.26878
0.390699
0.26878
0.631791
0.26878
0.44221
0.26878
0.37431
0.26878
-0.0015352
-0.178087
-0.19016
-0.220292
-0.235016
-0.220292
-0.251686
0.12635
-0.464509
0.12635
-0.562998
0.12635
-0.527776
0.12635
-0.482857
0.12635
-0.482857
0.102227
-0.556399
-0.0452249
-0.193544
-0.218001
-0.225289
0.0376537
0.239535
0.0055313
-0.256458
-0.489696
0.186135
-0.489696
0.186135
-0.54944
0.186135
-0.442048
0.186135
-0.301179
-0.14167
0.0204595
0.129749
0.1182
0.603837
0.14064
0.622895
-0.0722968
0.187944
0.360842
-0.0324619
0.0272549
0.0308908
0.0610921
-0.113618
-0.362166
-0.113618
0.0508564
-0.0666703
0.462708
0.0308947
0.0877761
0.03872
-0.0492199
0.0731611
-0.502712
0.0731611
-0.0312231
-0.313633
-0.0537467
0.129687
-0.30256
0.225167
0.0339459
0.52945
0.0339459
0.987754
0.0339459
1.19815
0.0339459
1.29825
0.0339459
1.27572
0.0339459
1.27572
0.0339459
1.27572
0.0339459
1.38482
0.0339459
1.75703
0.0339459
1.4439
0.0339459
1.4439
0.0339459
1.01127
0.0339459
1.11214
0.0339459
1.33612
0.128085
1.01049
0.128085
0.870961
-0.015534
1.21229
-0.015534
0.812677
-0.015534
0.812677
-0.015534
0.818126
-0.0331468
0.737561
0.0225087
0.350703
0.0225087
-0.118212
-0.411894
-0.118212
-0.455669
-0.0370191
-0.362457
-0.0370191
-0.0962796
0.0189007
0.383527
0.0189007
0.396622
0.0189007
0.343889
-0.465747
0.355491
-0.384448
0.355491
0.0371554
0.668966
0.0371554
0.534171
0.00445749
0.753178
0.141502
0.680231
0.141502
0.512027
-0.125479
0.178475
-0.125479
-0.183755
-0.025376
0.294572
-0.025376
0.281972
-0.136055
0.106137
0.161347
0.106137
-0.00084982
0.056554
0.0695241
-0.431426
0.0695241
-0.00396939
-0.387299
-0.00396939
0.081937
-0.304834
0.520033
-0.129339
0.945257
-0.129339
0.776453
-0.0521122
0.600172
-0.0280731
0.519352
-0.0280731
0.519352
-0.0220674
0.796232
0.0639795
1.1639
0.0639795
0.851546
0.0353236
1.27371
0.0353236
0.99516
0.0353236
0.95683
0.13965
0.467083
0.13965
-0.00994431
0.605851
-0.00994431
0.256515
-0.43248
0.060069
-0.43248
0.173235
-0.480683
0.485434
-0.363453
0.500209
-0.363453
0.511709
-0.363453
0.511709
-0.363453
0.511709
-0.363453
0.511709
-0.363453
0.511709
-0.26663
0.511709
-0.26663
0.416873
0.211848
0.843809
0.0100308
0.373309
0.0100308
0.285416
-0.16538
0.285416
-0.356937
0.0269589
-0.542151
0.0269589
-0.91925
0.0269589
-0.982698
0.0269589
-0.919102
0.0269589
-0.583013
0.000406945
-0.122059
-0.115337
-0.0032081
-0.0879645
0.487232
-0.0879645
0.555265
0.207024
0.532924
0.242309
0.532924
-0.251923
0.581321
-0.251923
0.489474
-0.0499956
0.521807
-0.0499956
0.26116
-0.0499956
0.600427
0.168464
0.560578
-0.0784605
0.0805651
-0.0183613
0.207601
-0.0813751
0.666996
-0.0813751
1.10905
-0.0813751
1.39117
-0.0813751
1.11018
-0.0813751
1.01806
0.00603424
0.575251
0.404917
0.427537
-0.0924449
0.330607
0.0554049
0.197797
-0.0506502
0.42921
-0.123974
0.558993
-0.0927566
0.695918
-0.0927566
0.639163
-0.0927566
0.501941
-0.0927566
0.712333
-0.11745
0.492654
-0.11745
0.0540624
-0.478077
-0.0852542
-0.159818
0.098853
-0.0408557
0.521335
-0.0408557
0.812074
-0.0408557
1.18791
-0.0408557
1.08482
0.0666797
0.788929
0.0666797
0.586177
0.363523
0.679403
0.0301667
0.699651
0.0301667
1.05254
0.0301667
1.1596
0.0256275
1.1596
0.0256275
1.49284
0.0326302
1.93423
0.0326302
2.2447
0.0326302
2.27022
0.0326302
2.27022
0.0264907
2.27022
0.0264907
2.27022
-0.0805038
2.27022
-0.0805038
1.82334
0.089049
1.82334
0.0874974
1.85539
0.0874974
1.8014
0.0874974
1.54716
0.0874974
1.53919
0.0874974
1.36811
0.0874974
1.29554
0.0874974
1.29554
0.0874974
0.917377
0.0874974
0.862356
0.0874974
0.659431
0.0874974
0.673356
0.0874974
0.17837
0.220623
0.17837
0.644591
-0.0645229
0.777601
-0.0730204
0.660148
-0.0730204
1.14297
-0.0730204
0.948393
-0.0730204
0.622452
-0.0730204
0.954657
0.0145647
0.882811
0.101048
0.882811
0.10317
0.417526
-0.0431186
0.697844
-0.0431186
0.63068
-0.0105285
0.63068
0.0227052
0.235027
-0.115217
-0.167425
0.230806
-0.202622
0.0690267
-0.659526
-0.0515886
-0.461013
-0.086426
-0.0260697
-0.377273
0.207037
-0.108352
-0.0316867
-0.343115
0.295686
-0.477398
0.295686
-0.674056
0.184002
-0.674056
0.184002
-0.431512
-0.1181
0.0282568
0.240753
0.412567
0.313726
0.389128
0.111709
0.433294
0.204463
0.297833
0.302614
0.2245
-0.176579
0.0351411
0.200285
0.0351411
-0.00898601
-0.16574
0.293799
-0.32154
0.405152
-0.362716
0.405152
-0.362716
0.405152
-0.321312
0.405152
-0.26325
0.405152
-0.243247
0.624993
-0.0584954
0.965454
-0.0584954
1.14605
-0.0584954
0.932539
-0.0584954
0.728852
-0.0584954
0.940877
-0.0584954
1.23956
-0.0584954
1.15927
-0.0584954
0.971995
-0.0584954
0.771929
-0.0584954
0.320292
-0.286591
0.132924
0.0152902
-0.364758
0.297637
-0.218323
0.137538
-0.505594
0.25935
-0.505594
0.0200836
-0.563433
0.0200836
-0.20404
-0.0733735
0.135414
0.283521
0.52708
0.0155952
0.163443
-0.359746
0.0411024
-0.0467148
0.347839
-0.451997
0.347839
-0.230428
0.503527
0.152369
0.535005
0.240549
0.535005
-0.229506
0.383146
0.165837
0.851759
0.166547
0.923279
0.166547
1.10753
0.14184
1.29263
0.14184
1.29263
0.0647208
1.5993
0.0647208
1.7521
-0.0593066
1.7521
-0.0593066
1.26026
-0.0593066
1.00266
-0.0593066
1.00266
0.165858
1.00266
-0.0853951
1.00266
-0.0853951
1.37184
-0.121602
1.53585
-0.121602
1.3194
-0.121602
1.3194
-0.121602
1.24838
0.049826
1.31234
0.0359714
1.40937
0.0359714
1.33891
0.0359714
1.36046
0.0359714
1.4007
0.0359714
1.4007
-0.0893941
1.66695
-0.0893941
1.76138
-0.0893941
1.93522
-0.0893941
1.93522
-0.0893941
1.60932
-0.0893941
1.23498
-0.0893941
1.23498
-0.0893941
1.52511
-0.0893941
1.57087
-0.0399467
1.57087
-0.0399467
1.15589
-0.137302
0.929969
-0.137302
1.33431
-0.137302
0.842205
0.00318663
0.672993
0.198747
0.715135
-0.0984525
1.03797
0.083491
0.786951
0.237278
0.470044
0.0550459
0.501216
-0.335431
0.708692
-0.228338
0.399294
0.201088
0.291463
0.203745
0.220096
0.394025
0.42166
0.394025
0.0179295
0.347174
0.0179295
0.793285
0.136757
1.10053
0.136757
1.25401
0.136757
1.01655
-0.0574398
1.01655
-0.0574398
1.14184
-0.0574398
0.747975
0.118563
0.747975
-0.0022451
0.839354
0.108207
1.24998
-0.0949463
1.24998
-0.118412
1.24998
-0.118412
1.09984
-0.118412
0.626766
0.215353
0.626766
-0.180147
0.406894
-0.115623
0.0365317
-0.346015
0.0365317
-0.531893
-0.0311707
-0.670736
0.131763
-0.926307
-0.0138331
-0.576752
-0.188955
-0.576752
-0.188955
-0.179684
-0.14678
-0.643343
-0.14678
-0.904524
-0.14678
-0.849986
-0.14678
-0.978012
-0.14678
-0.978012
-0.14678
-0.624394
-0.11756
-0.396631
0.0598034
0.050841
-0.352182
0.050841
-0.715384
0.050841
-0.369163
0.050841
-0.278643
0.050841
-0.100452
0.54476
0.202973
0.578565
0.202973
0.578565
0.258519
0.110635
0.195605
0.255299
0.195605
-0.227067
0.0760932
-0.233672
0.017976
0.165609
-0.3551
-0.264816
-0.3551
-0.264816
-0.51108
-0.264816
-0.41021
0.191276
-0.37819
-0.159253
0.0327262
-0.0796988
0.0327262
-0.362367
0.0327262
-0.192812
-0.208923
-0.0300922
-0.434712
-0.178641
-0.327902
-0.22618
-0.0303463
0.249587
-0.0869548
-0.0662282
-0.425422
-0.427984
-0.271853
0.0270551
-0.404803
0.0270551
-0.362534
0.0270551
-0.587371
-0.224937
-0.197575
0.0617581
0.178599
0.19162
0.112647
-0.15806
-0.257259
-0.399527
-0.257259
-0.399527
-0.273622
-0.256387
-0.242313
-0.333459
-0.494951
-0.333459
-0.0109872
-0.701976
-0.0109872
-1.17195
-0.0109872
-1.47339
-0.0109872
-1.75877
-0.0109872
-2.14798
-0.0109872
-2.32698
-0.0109872
-2.64367
-0.0109872
-2.54039
-0.0109872
-2.59873
-0.0109872
-2.37255
-0.0109872
-2.37255
-0.0109872
-2.23331
-0.0109872
-2.23331
-0.0109872
-2.70893
-0.0109872
-2.22773
-0.0109872
-2.30736
-0.0109872
-2.27637
-0.0109872
-2.00372
0.0109853
-2.00372
0.0115623
-1.62606
0.0115623
-1.36468
0.0115623
-1.12415
0.0115623
-1.38313
0.0115623
-1.78241
0.0115623
-1.57633
0.0115623
-1.51429
0.0115623
-1.51429
-0.0866197
-1.51429
-0.0866197
-1.51429
-0.0866197
-1.19479
-0.0866197
-1.5167
-0.0866197
-1.52611
0.00195824
-1.05914
0.00195824
-0.969708
0.0540013
-0.562855
0.0935702
-0.562855
0.0935702
-0.656859
0.0935702
-0.236974
-0.347196
-0.419077
-0.347196
0.00532976
-0.244373
0.00532976
-0.612708
-0.041369
-0.455673
-0.041369
-0.703037
-0.041369
-1.16887
-0.173173
-1.03628
0.140223
-1.03628
0.140223
-1.26649
0.154958
-1.02668
-0.0593707
-0.733093
-0.0593707
-0.458185
-0.0593707
0.02943
-0.314123
0.02943
0.179535
0.02943
0.558955
0.02943
0.319131
0.234192
0.188972
0.516363
-0.0366138
0.516363
-0.24901
0.516363
-0.24901
0.0732619
0.15282
0.506563
0.0123522
0.680129
0.0123522
0.29892
0.0123522
0.63475
0.0123522
0.660185
0.0123522
0.844376
0.0123522
0.388649
-0.141322
0.161518
-0.0160833
0.514915
-0.0160833
0.849505
0.0858315
0.64511
-0.150369
0.985026
-0.103673
1.20984
-0.075849
0.793497
-0.075849
0.570416
-0.075849
0.570416
0.0117488
1.03054
0.0117488
1.03054
0.0231297
1.03054
0.0231297
0.752996
-0.0722715
0.77175
-0.0722715
0.485159
-0.140076
0.151644
0.16388
0.00897665
0.533502
-0.151083
0.8152
-0.194985
0.422191
0.0705087
0.132146
-0.306453
-0.113113
-0.603293
-0.413792
-0.423964
-0.185296
-0.368089
-0.185296
-0.226452
-0.185296
-0.147838
-0.132004
0.347774
-0.530235
0.347774
-0.530235
0.208687
-0.139078
-0.0781347
-0.139078
-0.334948
-0.136818
-0.334948
-0.1566
-0.573838
-0.1566
-0.542531
0.00618979
-0.760446
-0.0892861
-1.06338
-0.0892861
-1.06338
-0.0977954
-1.22512
-0.0977954
-1.48896
-0.0977954
-1.48896
-0.0977954
-1.21453
-0.0977954
-0.908127
-0.0977954
-0.561072
-0.0977954
-0.542236
-0.128062
-0.373197
-0.277269
-0.288337
0.144884
-0.73804
-0.0221549
-1.16782
-0.0221549
-1.53719
-0.0630233
-1.9263
-0.0630233
-2.11357
-0.0630233
-1.6807
-0.0630233
-1.6807
-0.000673247
-2.01821
-0.000673247
-2.42224
0.0464107
-2.74002
0.0464107
-2.3502
-0.0336737
-1.97703
-0.0336737
-1.70136
-0.0336737
-1.87627
-0.0336737
-1.97311
-0.0336737
-2.23136
-0.0336737
-2.36072
-0.0336737
-2.36072
-0.0336737
-2.36072
-0.0336737
-2.31374
-0.0336737
-2.31374
-0.0336737
-2.31374
-0.0336737
-1.94177
-0.0336737
-2.09195
-0.0336737
-2.09195
-0.0336737
-1.98091
-0.0336737
-2.10496
-0.0336737
-2.56907
-0.0336737
-2.58575
-0.0336737
-2.09519
-0.0336737
-2.12682
-0.0336737
-1.64907
-0.0336737
-1.93098
-0.0336737
-1.8376
-0.0466351
-1.8376
-0.0466351
-2.25023
-0.0466351
-2.3602
0.0131132
-2.3602
0.0473112
-2.3602
0.0473112
-2.05322
0.0473112
-2.05322
0.0473112
-1.78309
0.0473112
-1.42451
0.0473112
-1.35109
0.0473112
-1.19318
0.0473112
-0.88956
0.0473112
-0.517195
0.0473112
-0.720105
0.0473112
-0.586709
0.132922
-0.586709
0.132922
-0.586709
0.132922
-1.01752
0.132922
-1.17337
0.132922
-0.684595
0.132922
-0.411959
-0.0534397
-0.33898
0.0655042
0.0528452
-0.405008
0.185034
-0.516011
-0.14717
-0.642342
0.130436
-0.654714
0.130436
-0.917508
0.130436
-1.39297
0.130436
-0.985263
0.130436
-0.985263
-0.0883641
-0.985263
0.121029
-0.630199
-0.0602162
-0.821896
-0.0602162
-0.86868
-0.0602162
-0.468188
-0.0602162
-0.872772
-0.205759
-0.828532
-0.205759
-0.745234
-0.205759
-0.745234
0.095689
-0.612482
0.095689
-0.492557
0.095689
-0.154203
-0.131026
0.278621
-0.313261
0.302569
0.0258638
-0.0325126
-0.3353
-0.398714
-0.3353
-0.524243
0.117811
-0.256171
0.378416
-0.256171
0.174487
-0.083752
0.379896
0.072202
0.821306
0.072202
0.501615
0.072202
0.35498
0.072202
0.603284
-0.204452
0.371473
0.00127428
0.371473
0.0362403
0.753702
0.0362403
0.624402
0.0362403
0.411886
0.369288
0.236886
0.369288
-0.193907
0.192288
0.0145709
0.00473945
0.441965
0.00473945
0.0226267
0.289331
0.341427
0.289331
0.0501725
0.289331
0.0501725
-0.00727702
0.377211
-0.00727702
0.0395292
-0.256599
-0.146056
-0.0613636
-0.516582
0.0763591
-0.0274361
-0.226944
0.292725
0.0855782
0.785416
0.0855782
0.785416
0.0855782
0.708924
0.0855782
0.223228
0.293393
0.0310165
0.21092
-0.318051
-0.0234525
-0.383653
0.0893878
-0.124578
0.499687
-0.124578
0.0515793
-0.124578
-0.135774
0.0227036
-0.11943
0.135969
-0.256952
-0.12478
-0.194527
0.366696
-0.194527
0.470311
-0.383632
0.0909008
-0.686543
0.0909008
-0.917255
0.0909008
-1.02763
0.0909008
-1.27829
0.0909008
-1.71138
0.0909008
-1.71138
0.0909008
-1.71595
0.0909008
-1.35705
0.0786256
-1.17098
0.0786256
-1.28741
-0.107489
-1.28741
-0.107489
-1.28741
-0.107489
-1.49039
-0.107489
-1.15943
-0.0932226
-1.19009
-0.097975
-1.19009
-0.097975
-0.799254
-0.097975
-1.19018
-0.097975
-1.64944
-0.097975
-1.30906
-0.097975
-1.03705
0.0736181
-0.586311
-0.153068
-0.586311
0.0253922
-0.165855
0.487332
-0.0198465
-0.00904613
-0.481596
-0.00904613
-0.927852
-0.00904613
-1.13073
-0.00904613
-1.40241
-0.00904613
-1.1654
0.13834
-0.854445
0.13834
-0.571481
0.203563
-0.571481
0.212421
-0.571481
0.0582685
-0.58499
-0.219471
-0.58499
0.203035
-0.890523
0.203035
-0.410502
0.33571
-0.410502
0.33571
-0.410502
0.20352
-0.299999
0.20352
-0.679121
0.20352
-0.412225
0.0777289
-0.00198354
-0.105506
-0.0142811
-0.516234
-0.0468908
-0.1376
0.119062
0.179176
-0.325244
0.179176
-0.475128
0.179176
-0.761475
-0.168035
-0.49649
-0.168035
-0.49649
0.306873
-0.49649
0.0311188
-0.49173
0.0164592
-0.71752
0.0164592
-0.71752
0.0164592
-0.750879
0.0164592
-0.436552
-0.31338
-0.2209
0.108942
-0.399422
0.108942
-0.334083
0.108942
-0.59781
0.00855111
-0.370889
0.235413
-0.298152
0.235413
-0.136153
-0.0543168
-0.527435
0.0791047
-0.527435
-0.196507
-0.522915
-0.00486564
-0.0925614
-0.413401
-0.163952
-0.155145
0.126373
-0.155145
-0.333911
0.0479324
-0.225423
-0.176242
-0.463402
-0.455707
0.00145214
0.0148165
-0.00218584
0.291558
0.056171
0.687082
0.056171
0.687082
0.056171
0.564289
0.056171
0.54387
-0.169847
0.232865
-0.0392386
0.618718
0.0775643
0.870678
0.096818
0.523526
0.096818
0.179571
0.467187
-0.318197
0.777245
-0.316046
0.310462
-0.316046
0.579606
-0.446109
0.579606
-0.446109
0.290313
-0.446109
0.288191
-0.0512148
0.561172
-0.187715
0.561172
-0.236998
0.561172
0.0750316
0.756573
0.0750316
0.756573
-0.263494
0.756573
-0.263494
0.263195
-0.263494
0.152207
-0.243248
-0.140312
-0.186586
-0.0074445
-0.63447
-0.0074445
-0.977781
0.12539
-0.977781
0.141092
-0.977781
0.141092
-0.758695
0.141092
-0.758695
0.00774806
-0.986939
0.00774806
-1.10571
0.00774806
-0.862932
0.00774806
-1.12854
-0.0124644
-1.12854
-0.0124644
-1.02697
-0.0124644
-0.684225
-0.101093
-0.58967
0.0286984
-0.58967
0.0286984
-0.639511
0.0286984
-0.661692
0.0286984
-0.339619
-0.329878
-0.383889
-0.329878
-0.383889
-0.329878
-0.383889
-0.1314
-0.383889
-0.1314
-0.383889
-0.1314
-0.383889
-0.1314
-0.367464
-0.144228
-0.628959
0.0328365
-0.587092
0.0328365
-0.293981
0.25198
-0.293981
-0.152664
-0.0421646
-0.587418
-0.093703
-0.285317
-0.306371
0.195646
0.125896
-0.191555
-0.300322
-0.512465
0.064934
-0.210006
-0.0648743
-0.60008
-0.0648743
-0.236132
0.0455961
-0.590869
0.0455961
-0.259346
0.0925754
-0.337595
0.224969
-0.212696
-0.20317
-0.151889
-0.14656
0.176834
-0.029166
-0.0524009
0.377435
0.0230237
0.659553
-0.0143953
0.945644
-0.0143953
1.30304
-0.0143953
1.71921
-0.0143953
1.82676
-0.0143953
1.8705
-0.0143953
2.27302
-0.0143953
2.09256
-0.0143953
1.63736
0.00993167
1.85694
0.00993167
1.85694
0.00993167
1.83798
0.00993167
1.4497
0.00993167
1.41753
0.00993167
1.43938
0.00993167
1.47374
0.00993167
0.99464
-0.0376894
0.741933
0.160464
0.345576
-0.025596
0.475879
0.102576
0.856475
0.102576
0.816919
-0.0442003
0.873795
-0.0442003
0.873795
-0.0442003
0.839827
-0.0442003
0.51042
-0.0442003
0.647613
-0.0442003
0.490422
-0.0442003
0.813057
0.0938281
0.576443
-0.191694
0.562838
-0.203072
0.401087
0.127784
0.655369
-0.0509893
0.431653
0.0649434
0.481351
0.176641
0.556286
0.474506
0.337564
0.0397896
-0.0698568
-0.264978
-0.0686978
0.13556
-0.0686978
-0.124177
-0.41498
-0.124177
-0.41498
-0.0674051
-0.610304
-0.0674051
-0.541675
-0.0674051
-0.29062
0.0370736
0.0472023
0.521746
0.0806309
0.757901
-0.136344
0.757901
0.113926
0.895951
0.113926
0.895951
0.113926
0.946803
0.113926
1.27886
0.126645
1.27886
0.126645
1.26754
0.126645
1.20821
-0.154326
1.20821
-0.154326
1.25646
-0.154326
1.26471
0.0786607
1.46748
-0.106242
1.46748
-0.106242
1.26854
-0.106242
1.26854
-0.0859796
0.882109
-0.0859796
0.882109
-0.0859796
0.672221
-0.0859796
0.771721
-0.00669582
0.380164
-0.00669582
0.539512
-0.00669582
0.620572
-0.00669582
0.317812
-0.27929
0.317812
-0.0456917
0.054473
-0.501422
0.207175
-0.0171725
-0.0275257
0.294667
0.0587548
-0.0744777
0.0587548
0.13264
0.403118
0.13264
0.365832
-0.197909
0.509997
-0.197909
0.631469
-0.197909
0.213032
-0.197909
0.213032
0.0727054
0.400288
0.0727054
0.190359
0.0727054
0.334893
0.0727054
0.272469
0.1808
0.180236
0.00743502
-0.306132
0.207851
-0.210335
0.0830049
-0.170385
-0.0890466
0.282192
0.0279644
0.0552099
0.102751
0.293256
0.544777
0.293256
0.544777
-0.0947422
0.484926
-0.0947422
0.202885
-0.563366
0.201924
-0.563366
0.0719901
-0.850647
0.0719901
-1.17713
-0.131262
-1.17504
-0.131262
-1.17504
-0.131262
-0.732969
-0.131262
-0.70181
-0.224539
-0.676403
-0.224539
-0.975675
-0.224539
-0.975675
-0.224539
-1.08588
-0.224539
-0.681305
-0.224539
-0.681305
-0.217528
-0.681305
-0.217528
-0.681305
-0.0759204
-0.388749
0.302381
0.0179729
0.327941
-0.337765
0.287316
-0.414588
0.287316
-0.152429
0.393733
-0.152429
0.25208
-0.152429
0.112808
-0.485528
0.112808
-0.152386
0.0476604
-0.479978
0.0476604
-0.803089
0.0476604
-0.803089
0.0476604
-0.679387
0.0476604
-0.412682
0.0476604
-0.86672
0.0476604
-1.19074
0.0476604
-1.19074
0.0479625
-1.51396
0.0851941
-1.51396
0.0851941
-1.21912
0.0851941
-1.39296
0.0851941
-1.04928
0.150187
-0.719614
0.150187
-0.351135
0.439122
0.122124
0.439122
0.122124
0.439122
-0.249594
0.0475006
-0.212218
0.459293
-0.212218
0.459293
-0.212218
0.408317
-0.0744562
-0.0898175
0.175323
-0.355705
0.175323
-0.103052
-0.0829797
0.349622
-0.0829797
0.357265
-0.0829797
0.248839
-0.10974
0.352919
-0.246439
0.0523155
-0.0137814
-0.292769
0.110574
-0.280441
0.248291
-0.0669459
-0.216337
0.0140571
-0.508758
-0.0503923
-0.57587
-0.235257
-0.57587
0.0392433
-0.753809
0.110969
-1.02567
0.110969
-1.05301
0.0647362
-0.679949
0.0647362
-0.900564
0.0647362
-0.437944
-0.0941424
-0.176308
-0.0941424
-0.444617
-0.115746
-0.0793481
-0.155355
0.271586
-0.418171
0.349521
-0.418171
0.0572062
-0.418171
0.000975673
-0.18335
0.000975673
-0.18335
0.381767
0.255533
0.423372
0.255533
0.423372
-0.109841
0.27477
-0.109841
0.0585498
0.109222
0.349693
0.109222
0.612808
-0.0138483
0.978897
-0.0138483
1.04063
-0.0138483
1.47635
-0.0138483
0.987028
0.0205777
0.907352
0.0205777
1.23429
0.0205777
1.52187
0.0205777
1.23296
0.0205777
1.09377
0.0205777
1.38568
0.0205777
1.38568
0.0205777
0.897089
0.140798
1.35877
0.174292
1.1439
0.174292
1.32253
0.174292
1.65728
0.174292
1.65728
-0.171047
1.16981
-0.171047
1.09868
0.149778
1.09868
0.149778
1.12346
0.149778
1.34154
0.113382
0.886793
0.113382
0.519251
0.113382
0.0857243
-0.0779171
0.0087458
-0.343046
0.0087458
-0.420946
0.0215316
-0.810177
0.0215316
-0.611122
0.0215316
-0.612059
0.0215316
-0.786282
0.0215316
-0.932868
0.0215316
-0.883611
0.0215316
-0.819298
0.0215316
-1.28615
0.0503395
-1.41891
0.0503395
-1.83766
0.0503395
-1.40292
0.0503395
-1.38761
0.0503395
-0.948146
0.0503395
-0.718948
0.0503395
-0.622559
0.0503395
-0.929596
0.0521074
-0.949324
0.0521074
-0.949324
0.0521074
-0.483432
0.0408867
-0.804022
0.0408867
-0.919097
0.143322
-0.952879
0.0156926
-1.28507
0.0156926
-1.24563
-0.0469115
-1.5653
-0.0469115
-1.22685
-0.0469115
-1.00948
-0.0469115
-0.828783
0.026464
-0.828783
-0.13989
-0.828783
-0.13989
-0.912873
-0.13989
-1.01078
-0.13989
-1.17947
-0.13989
-1.26187
0.00239168
-1.26187
0.00239168
-0.872147
0.121696
-0.793299
0.121696
-0.684995
0.121696
-0.684995
-0.0312882
-0.486299
-0.00792669
-0.0881244
-0.229616
-0.0881244
-0.388236
0.220296
0.0783383
0.312937
-0.0776074
0.00963319
-0.278082
0.016635
-0.111667
-0.36027
-0.19062
-0.478008
0.26952
-0.478008
-0.0744197
-0.611247
0.0672992
-0.355971
0.0672992
-0.355971
-0.35809
-0.29436
-0.507182
0.0247461
-0.644064
0.0247461
-0.793008
0.0247461
-0.441321
-0.0455428
-0.487901
-0.0455428
-0.759117
-0.0455428
-0.695263
-0.0455428
-0.695263
-0.0455428
-1.03443
-0.0455428
-1.03443
-0.0455428
-1.3091
-0.0455428
-1.3091
-0.0455428
-1.08503
-0.0455428
-0.618376
-0.0455428
-0.153587
-0.351467
-0.153587
0.119541
0.201122
0.138618
0.490935
-0.0543875
0.817874
-0.0543875
1.10669
-0.0543875
1.49691
-0.0543875
1.63721
-0.0543875
1.42988
0.174135
1.22021
0.174135
1.22021
0.174135
0.74249
-0.139668
0.74249
-0.139668
0.55577
0.334152
0.55577
0.334152
0.395529
0.445415
0.36585
-0.0457348
0.491306
-0.0457348
0.816224
-0.0949213
0.878872
-0.0949213
0.878872
-0.0949213
0.665376
-0.0949213
1.03135
-0.0949213
1.03135
-0.0949213
0.554256
-0.271265
0.554256
-0.023929
0.532796
-0.023929
0.453158
0.306613
-0.0435795
0.136255
0.202954
0.134595
0.202954
-0.348954
0.202954
-0.653438
-0.0449595
-0.333039
-0.0449595
-0.180014
0.00538549
-0.475138
0.00538549
-0.0364873
-0.232411
0.0139858
-0.24283
-0.295798
-0.52782
-0.33561
-0.527356
0.136042
-0.283549
-0.0863122
0.0423276
0.360368
0.0423276
-0.0455223
-0.196604
-0.436602
-0.230815
-0.260083
0.0360319
-0.128424
0.36573
-0.154844
0.397587
0.0106041
0.74345
0.0106041
0.300328
0.0871906
-0.126827
-0.22069
-0.267337
-0.0317793
-0.267337
0.0294432
-0.652139
-0.0653708
-0.620138
0.0815848
-0.597691
0.148184
-0.597691
-0.105526
-0.436024
-0.100536
-0.495445
0.247574
-0.454111
0.296872
-0.0584512
0.644591
-0.0584512
0.644591
-0.222448
0.644591
-0.0708314
0.644591
-0.0708314
0.962573
-0.0708314
1.29356
-0.0708314
0.794142
-0.0708314
0.840814
-0.10184
0.997328
-0.10184
0.892799
-0.10184
0.426764
-0.0848504
0.426764
-0.264104
0.426764
-0.322525
0.178844
-0.0909738
-0.0693193
-0.0909738
-0.208104
0.375148
-0.19221
0.375148
-0.19221
0.150413
-0.206632
0.150413
-0.250641
-0.00114032
0.221819
0.234763
0.23842
0.677876
0.277815
0.546372
0.277815
0.546372
-0.0209816
0.322109
-0.0209816
0.418693
-0.0209816
0.0883797
-0.231957
-0.332696
-0.231957
0.132597
-0.525734
0.132597
-0.278716
0.132597
-0.601136
0.132597
-0.846335
0.132597
-0.846335
0.434935
-0.612363
0.434935
-0.612363
0.129408
-0.612363
-0.0432101
-0.118611
-0.127838
-0.207916
-0.00879627
-0.454592
-0.347064
-0.454592
-0.35132
-0.0511785
-0.453931
-0.0511785
-0.453931
0.3157
-0.640928
0.3157
-0.640928
-0.049609
-0.640928
-0.049609
-0.903345
-0.049609
-1.17516
-0.049609
-1.04063
-0.0373633
-1.04063
-0.0373633
-0.778509
-0.0373633
-0.784699
0.0118778
-0.411802
0.0118778
-0.64831
0.0118778
-0.807716
0.0118778
-1.01744
0.0118778
-1.31525
-0.00859056
-1.21243
-0.00859056
-0.935277
-0.00859056
-0.779089
-0.0810072
-0.477371
-0.0810072
-0.555876
-0.0810072
-0.535785
-0.0810072
-0.0591366
0.418952
-0.149571
0.294076
0.112742
0.0695093
0.0930392
0.486051
0.34294
0.486051
0.0248278
0.401433
0.0205556
0.553444
0.0205556
0.117312
0.507219
0.15258
0.410114
0.184252
0.807035
0.184252
0.740269
-0.305912
0.362507
-0.305912
0.362507
-0.540378
0.362507
-0.12228
0.362507
-0.12228
0.550284
-0.157549
0.531152
-0.267855
0.06073
-0.49664
0.06073
-0.000460109
0.211843
0.132657
0.0147435
-0.316288
-0.125091
-0.639123
-0.125091
-0.639123
-0.125091
-0.601429
-0.125091
-0.711009
0.16979
-0.457432
0.125136
-0.457432
0.125136
-0.418528
0.0287563
-0.330756
-0.0699176
0.0544417
0.143795
0.0544417
0.166738
0.168742
0.450717
0.168742
0.450717
-0.038608
0.663378
-0.038608
0.646048
-0.038608
0.462244
-0.21497
0.096441
0.28034
0.052791
0.298097
-0.288155
0.2684
-0.288155
0.0658036
-0.32623
-0.104791
-0.141294
-0.425665
0.278692
0.0451725
0.405046
0.0451725
0.463285
0.325731
0.161297
0.11376
0.329783
-0.164072
0.472755
0.0152572
0.472755
0.0152572
0.337397
0.404788
0.337397
0.404788
0.337397
0.110306
0.829923
0.110306
0.829923
0.110306
0.373792
0.110306
-0.0802458
0.432743
-0.0802458
0.00200361
-0.578938
0.00200361
-0.474355
0.00200361
-0.547334
0.00200361
-0.736179
0.00200361
-1.05619
0.00200361
-0.685331
0.00200361
-0.685331
-0.189948
-0.832226
-0.189948
-0.832226
0.176741
-0.654554
0.176741
-0.930615
-0.219095
-0.432581
-0.0226768
-0.645365
-0.138037
-1.00109
0.114268
-0.641102
0.0572185
-0.328746
0.0572185
0.158398
0.18163
0.631416
-0.294781
0.313804
-0.368671
-0.115819
-0.491047
-0.115819
-0.491047
-0.00403849
-0.390829
-0.0295762
-0.778849
-0.0794785
-0.820156
-0.0794785
-0.53035
0.0831022
-0.873499
-0.0503545
-1.3537
-0.0503545
-0.894416
-0.00165752
-0.774008
-0.00165752
-1.2362
-0.0701128
-1.2362
-0.0701128
-1.2362
-0.112961
-0.856081
-0.112961
-0.403255
0.201645
-0.224553
0.201645
-0.654595
0.0978294
-0.670608
-0.128218
-0.500292
0.228982
-0.201986
0.00929342
-0.171344
-0.293875
-0.171344
0.166886
-0.254249
-0.323131
-0.254249
-0.323131
-0.254249
-0.191117
-0.252883
0.0820903
-0.472509
0.0820903
-0.472509
0.0753092
-0.478353
-0.103783
-0.268984
-0.300331
-0.607448
-0.398629
-0.466454
-0.439172
-0.466454
-0.263053
-0.466454
0.109749
-0.712697
0.109749
-0.216463
-0.0461056
0.0357248
0.372597
-0.357372
0.309134
0.0551094
-0.0719912
-0.364107
-0.0387147
-0.754798
-0.0387147
-0.954721
-0.0387147
-1.18611
-0.0186278
-1.18611
-0.0186278
-0.832682
-0.0186278
-0.832682
-0.0186278
-0.536101
-0.0186278
-0.76931
-0.0186278
-0.650468
-0.0186278
-0.868694
0.0556232
-1.09967
-0.0015259
-1.39824
-0.0015259
-1.39824
-0.0015259
-1.53672
-0.0015259
-1.30682
-0.0015259
-1.62758
-0.0015259
-1.52871
-0.0015259
-1.28215
-0.0015259
-1.54054
-0.0015259
-1.54054
-0.0015259
-1.96108
-0.0015259
-1.69986
-0.0015259
-1.38772
-0.0015259
-1.20175
-0.0015259
-1.07738
-0.0823257
-1.07738
-0.0495521
-1.07738
-0.0828268
-0.692913
-0.0828268
-0.466218
-0.180937
-0.511068
0.233243
-0.251942
0.356808
-0.251942
0.334889
-0.248261
-0.127732
-0.460832
-0.0456178
-0.772882
0.0988695
-0.988743
0.160357
-0.988743
-0.0411963
-0.726126
-0.0411963
-0.535779
-0.0411963
-0.374787
0.190994
-0.166955
0.420182
0.195223
0.410711
0.195223
0.395765
0.162551
0.103164
0.551868
-0.0705996
1.00228
-0.0705996
1.03601
-0.190076
1.03601
-0.190076
0.7968
-0.190076
0.718571
-0.190076
0.537034
-0.190076
0.634283
-0.190076
0.517487
0.265468
0.517487
0.00426809
0.674054
0.00426809
0.181466
0.467604
-0.046926
0.756563
-0.046926
0.295857
0.143194
-0.172959
0.346854
-0.161767
0.142419
0.123139
-0.28885
-0.157538
-0.28885
-0.157538
-0.556615
-0.203588
-0.557223
-0.203588
-0.292356
-0.402515
-0.0968689
-0.490802
-0.298541
-0.490802
-0.270445
-0.490802
-0.270445
-0.490802
-0.270445
-0.195869
0.055228
-0.576027
0.055228
-0.885203
0.055228
-0.842556
0.055228
-1.20356
0.055228
-0.815561
0.055228
-0.5916
0.055228
-0.236513
-0.0105533
-0.184015
0.185084
-0.0424428
-0.0320947
-0.50726
-0.0320947
-0.0461934
-0.178081
0.187129
-0.0123388
0.659625
0.0252806
0.637802
0.0252806
0.679302
-0.229908
0.391369
0.0675761
0.629215
0.00819853
0.629215
0.00819853
0.629215
0.00819853
0.473675
0.292169
0.473675
0.292169
0.199129
-0.00972899
-0.10852
-0.0520032
0.0151359
-0.180328
0.434293
0.169764
0.0925152
0.169764
0.276094
0.668383
0.276094
0.668383
0.276094
0.668383
0.276094
0.371799
0.276094
0.371799
0.276094
0.521513
0.276094
0.548611
0.0461116
0.865152
-0.134448
0.865152
0.102013
0.5258
0.102013
0.216216
0.426529
0.128944
0.290099
-0.337252
-0.196283
-0.675903
-0.196283
-1.05877
-0.196283
-1.05877
-0.196283
-0.882087
-0.196283
-0.561001
-0.196283
-0.514346
-0.196283
-0.686373
0.283519
-0.419426
-0.0258588
-0.37086
0.0197265
0.0335548
0.396356
0.491441
0.396356
0.491441
0.0386614
0.527503
0.0386614
0.989869
0.0386614
0.725895
-0.1145
0.725895
-0.0680627
0.465306
-0.0680627
0.760531
-0.0763166
0.924807
-0.0763166
0.457882
-0.0763166
0.277023
0.294349
-0.199208
0.294349
-0.434924
0.132131
-0.434924
0.146303
-0.434924
0.417362
-0.337492
0.417362
-0.337492
0.417362
-0.465411
0.474948
-0.465411
0.474948
-0.32442
0.474948
-0.32442
0.416559
-0.263036
0.147727
-0.263036
0.0534376
-0.457285
0.0534376
-0.457285
0.0534376
-0.74613
-0.155385
-0.674735
-0.155385
-0.445585
-0.155385
-0.363135
-0.153774
-0.171094
0.233856
0.0814653
0.4366
0.0814653
0.210187
0.0814653
0.0839857
-0.315217
0.0839857
0.0676762
-0.181984
-0.290275
-0.181984
-0.230112
-0.0743136
0.216048
-0.346487
0.216048
-0.646491
-0.235558
-0.646491
-0.235558
-0.551527
0.158066
-0.216661
-0.152454
0.0582365
-0.235998
0.359242
-0.235998
0.613039
-0.0603654
0.519075
-0.324671
0.519075
0.135181
0.512975
0.135181
0.512975
0.347588
0.41433
0.347588
0.0929189
0.436174
0.118118
0.551048
0.118118
0.475728
-0.0191706
0.542309
0.133175
0.194206
-0.0298959
0.567022
0.109053
0.260905
0.109053
0.0615239
-0.165577
-0.309833
-0.477924
-0.378264
-0.489796
0.067493
-0.489796
0.214964
-0.756816
0.0127325
-0.756816
0.0127325
-1.04953
-0.136398
-0.728572
-0.136398
-0.843398
-0.136398
-0.843398
-0.136398
-1.03691
-0.136398
-1.16889
-0.151178
-1.11285
-0.151178
-1.33026
-0.151178
-0.977362
0.0120083
-1.1554
0.0120083
-1.17035
-0.0730365
-1.35701
-0.0730365
-1.42213
0.0828439
-1.42213
0.0828439
-0.944959
0.0828439
-0.701588
0.0828439
-0.489893
0.0828439
-0.508448
0.0828439
-0.226605
0.328702
-0.226605
0.328702
0.125921
0.200025
0.238132
0.335949
0.324763
0.335949
0.579399
0.421433
0.229866
0.514401
-0.168831
0.658875
-0.168831
1.0599
-0.168831
1.31822
0.155024
1.31822
0.1912
1.18755
0.1912
0.903651
0.1912
0.903651
0.0435138
0.556052
0.0435138
0.322771
0.0154718
-0.0603725
0.345445
0.0695177
0.823071
-0.0114806
1.13364
-0.0114806
0.989697
-0.0114806
0.924752
-0.0114806
0.63358
-0.0114806
1.06103
-0.0204452
1.10593
-0.0204452
1.3845
0.1346
1.15051
0.1346
1.27162
0.1346
1.14623
0.1346
0.810692
0.1346
0.542649
0.1346
0.542649
0.253893
0.610935
0.253893
0.610935
-0.00748887
0.500103
-0.00748887
0.389651
-0.00748887
-0.0605531
-0.259381
0.409789
-0.214231
0.125375
0.11431
0.0200994
-0.00130968
0.00330821
-0.388838
-0.285293
0.10598
0.214227
0.103098
0.0623991
0.431476
0.266082
0.531067
0.205747
0.451285
0.211085
0.408914
0.181362
-0.0892416
-0.181012
-0.510789
-0.187559
-0.192042
-0.528956
-0.196055
-0.135359
-0.196055
0.149949
-0.489918
0.393746
-0.238018
0.545536
0.0191233
0.414927
-0.0118536
0.139061
-0.504572
0.139061
-0.319171
0.139061
-0.109044
0.153813
0.388067
-0.199604
0.87712
-0.222194
0.87712
-0.222194
0.393531
0.154244
0.420497
-0.259585
0.349778
-0.259585
0.108812
0.14886
0.44818
0.030654
0.633402
0.0610031
0.380387
0.0610031
0.180978
-0.00570474
-0.00484432
0.00280645
-0.0203451
0.46518
-0.0203451
0.481434
-0.0203451
0.714616
-0.0203451
0.636043
-0.0203451
0.882004
-0.0203451
0.559615
-0.0203451
0.259327
-0.390562
0.259816
-0.314528
0.259816
-0.76607
0.259816
-0.412021
0.259816
0.0669976
0.658056
-0.260326
0.580743
-0.224187
0.499278
-0.15452
0.499278
-0.302479
0.499278
0.10884
0.43247
0.268278
-0.00326398
0.61282
-7.62502e-05
0.462753
-7.62502e-05
0.691963
0.00802113
0.8532
0.11557
0.355772
0.0465731
0.159867
-0.334306
0.159867
-0.334306
0.159867
-0.148724
0.323039
-0.148724
-0.163759
-0.351718
-0.163759
-0.307319
-0.0459199
-0.506937
-0.0744334
-0.897026
-0.0744334
-1.01562
-0.0744334
-1.13058
-0.0744334
-0.72297
0.0228802
-0.439533
0.00968082
-0.605456
-0.248573
-0.238599
-0.22588
-0.238599
-0.0815419
-0.0282627
0.140014
-0.238965
0.19519
-0.479614
-0.151224
-0.479614
-0.287679
-0.371877
-0.367204
-0.371877
-0.367204
-0.371877
-0.367204
0.00170716
-0.341651
0.361643
-0.341651
0.431801
-0.536118
0.0675817
-0.214547
-0.255352
-0.214547
-0.447846
-0.0382071
0.0202798
-0.335163
0.0202798
-0.521528
0.0202798
-0.978245
0.0202798
-0.978245
0.0202798
-0.837232
-0.111542
-0.786156
-0.0432247
-0.786156
-0.0432247
-1.2269
-0.00159094
-0.925409
-0.00159094
-0.966664
-0.00159094
-0.996562
-0.0289398
-0.507613
0.0491466
-0.585034
0.0491466
-0.20094
-0.201695
0.0401371
-0.341273
0.0401371
-0.0852021
0.0217026
-0.229431
-0.109264
-0.091471
0.032993
-0.475329
0.00384091
-0.28925
0.430648
-0.28925
0.430648
-0.28925
0.656915
-0.28925
0.419436
-0.14803
0.186211
-0.14803
0.161053
-0.14803
-0.0409479
-0.0514523
0.0723726
0.384357
-0.291931
-0.102791
-0.73027
-0.102791
-0.687218
-0.0593057
-0.684379
-5.9255e-05
-1.07843
-5.9255e-05
-0.865968
-5.9255e-05
-0.865968
-5.9255e-05
-1.20177
-5.9255e-05
-0.973114
-0.0895369
-0.973114
-0.0895369
-1.12613
-0.0568528
-1.12613
-0.0568528
-0.866218
-0.12473
-0.948008
-0.12473
-0.48706
0.0582797
-0.645701
-0.189008
-0.79069
-0.189008
-0.776856
-0.189008
-0.85135
-0.189008
-0.85135
-0.189008
-0.751001
-0.189008
-0.759183
-0.189008
-0.497169
0.0477289
-0.341296
0.158015
-0.0672919
0.565925
-0.0672919
0.391794
-0.336074
0.454048
-0.336074
0.655775
-0.336074
0.22649
-0.641719
0.22649
-0.392184
0.183769
-0.16499
0.191837
0.165753
0.481392
0.165753
0.481392
0.165753
0.101427
0.55838
0.101427
0.227953
0.101427
0.680434
0.101427
0.702446
0.121425
1.16915
0.121425
1.12823
-0.0163787
1.35136
-0.0163787
1.32772
-0.0163787
1.35993
-0.0163787
1.40238
-0.0163787
1.40238
-0.0163787
1.52679
-0.0163787
1.79627
-0.0163787
1.79627
-0.0163787
1.40239
-0.0392824
1.48582
-0.0392824
1.48582
-0.0392824
1.17698
-0.126023
0.948118
-0.126023
0.948118
-0.126023
0.462681
0.143656
0.361988
0.453644
0.449812
0.0853927
0.322161
0.131989
0.270331
0.0433766
0.277713
0.0433766
-0.0796733
-0.342632
0.258674
0.100288
0.499265
0.153651
0.253912
-0.267984
-0.0138319
-0.00700011
0.0483226
0.44538
-0.272552
0.44538
-0.347316
-0.0366543
0.109601
-0.361366
0.109601
-0.361366
-0.354273
0.0982016
-0.606807
0.0982016
-0.826592
0.0982016
-1.16226
0.0982016
-1.16226
0.0120005
-1.55329
0.0120005
-1.52312
-0.0396265
-1.58063
-0.0396265
-2.02435
-0.0396265
-1.90378
-0.0396265
-1.94168
-0.0396265
-1.50103
-0.0396265
-1.19935
-0.0396265
-1.42164
-0.00269948
-1.52955
-0.00269948
-1.49398
-0.00269948
-1.49398
-0.00269948
-1.0836
-0.00269948
-0.600204
-0.00269948
-0.28167
0.327602
-0.323149
0.327602
-0.0155887
-0.0431918
-0.0129102
-0.0888038
-0.105664
-0.48427
-0.105664
-0.129284
0.0101551
0.33463
0.359715
0.135433
0.52464
0.135433
0.529626
0.135433
0.0944895
-0.0320282
0.10603
0.455332
0.10603
0.844272
0.0642469
0.671959
0.0510748
0.224477
0.446845
0.287424
0.160843
-0.00857247
0.368933
-0.0672295
0.581746
-0.0672295
0.971055
-0.0672295
1.05851
0.0504327
1.03374
0.0504327
0.771559
0.0504327
0.532741
0.0504327
0.821265
0.0504327
0.59362
0.0504327
0.235611
0.332442
0.235611
0.230619
0.272766
0.428603
0.272766
0.115041
0.430685
-0.227415
0.430685
-0.227415
0.828259
-0.108958
1.24116
-0.122159
1.35432
-0.122159
1.17494
-0.122159
0.878041
-0.122159
1.08893
-0.122159
1.08893
-0.122159
1.08893
-0.122159
0.941912
-0.122159
0.498322
0.00631076
0.831789
0.00631076
0.618551
0.00631076
0.560965
0.00631076
0.96771
0.00631076
1.28697
0.00631076
0.943389
0.00631076
0.707652
0.00631076
0.707652
-0.100772
1.08591
-0.100772
1.54214
-0.100772
1.94208
-0.100772
1.94208
-0.100772
1.76942
-0.100772
1.74594
-0.100772
1.74594
-0.100772
1.74594
-0.100772
1.9043
-0.100772
2.14768
-0.100772
2.14768
-0.100772
1.7291
-0.100772
1.7291
-0.100772
1.7291
-0.100772
1.73748
-0.100772
2.05707
0.0111451
2.41113
0.0111451
2.20188
0.0111451
2.701
0.0111451
2.701
0.0111451
2.69699
0.0111451
2.7002
0.0111451
2.7814
0.0111451
2.7814
0.0111451
2.7814
0.0111451
2.55948
-0.0202212
2.31969
-0.0300106
2.3039
-0.0300106
1.95325
-0.0300106
1.55836
-0.0300106
1.35959
-0.0300106
1.35959
-0.0300106
1.27995
-0.0300106
1.21122
-0.0300106
1.47485
-0.0300106
1.47485
-0.0300106
1.12083
-0.0300106
0.724389
-0.0300106
0.447938
-0.0300106
0.447938
-0.0300106
0.257474
0.186762
0.427062
-0.137993
0.0249559
0.336456
0.0249559
0.473622
0.0249559
0.242066
-0.286415
0.140889
-0.703288
0.297726
-0.692197
0.355825
-0.258206
0.361687
-0.258206
0.24502
-0.0183519
0.63681
-0.0183519
0.395298
-0.0183519
0.211443
-0.0183519
-0.137028
0.414684
-0.137028
0.0907623
0.0384707
0.493837
0.0381979
0.417585
0.0381979
0.831815
0.0381979
1.16125
0.0381979
0.816815
0.0381979
0.682129
0.0381979
1.13016
0.0381979
1.22452
0.0381979
0.949419
-0.192391
0.949419
-0.192391
0.949419
-0.192391
0.890569
-0.192391
0.736374
-0.0778747
0.785265
-0.00844802
1.00122
-0.00722506
0.600609
0.0670111
0.511467
0.0670111
0.252061
-0.0609654
0.226299
-0.519719
0.226299
-0.0295193
-0.102602
-0.0295193
-0.490284
-0.0988636
-0.27146
-0.337976
-0.238424
-0.337976
0.151339
-0.355147
-0.167338
-0.573453
-0.167338
-0.53841
-0.167338
-0.53841
0.187585
-0.53841
-0.179646
-0.49258
0.172062
-0.297118
0.572212
-0.297118
0.572212
-0.275947
0.572212
-0.178456
0.0783256
-0.0198962
0.340294
0.250285
0.551397
0.250285
0.979378
0.296855
1.01284
0.210865
1.01284
0.210865
1.11506
0.0263119
1.55379
0.0263119
1.68077
0.0263119
1.43307
0.0263119
0.947976
0.0263119
1.07649
0.0263119
0.702991
0.0263119
0.278129
0.0263119
-0.206445
-0.418361
-0.206445
-0.437493
-0.274488
-0.402281
-0.169459
-0.757768
-0.169459
-0.374989
0.0393066
-0.436836
0.0393066
-0.296821
0.172264
-0.0979571
-0.0402019
0.0625265
-0.527908
-0.189249
-0.527908
0.0359574
-0.692804
0.0359574
-0.726552
0.0359574
-1.17403
0.0359574
-0.849457
0.0359574
-1.03493
0.0359574
-0.603293
0.0359574
-0.474238
0.18678
-0.40257
0.466539
-0.40257
0.466539
-0.232555
0.549083
-0.0674478
0.222292
0.217604
-0.0478134
0.432028
-0.0547438
0.506783
-0.0547438
0.160358
-0.0237383
-0.0291146
0.380357
0.226142
0.421314
-0.0296727
0.105906
-0.0296727
0.487942
-0.0296727
0.494602
-0.179982
0.32031
-0.179982
0.303407
-0.34894
0.095419
0.140203
0.286814
0.57574
0.0456269
0.403788
0.0456269
0.56237
0.0456269
0.45656
0.225404
0.513417
0.225404
0.469636
-0.177543
0.469636
0.0482714
0.514552
0.0482714
0.183003
-0.282211
0.0464323
0.0928183
0.149261
0.219252
0.205173
0.219252
-0.261334
0.219252
-0.310581
-0.189372
-0.286542
0.0808134
-0.042184
-0.116446
0.397001
-0.116446
-0.0373953
-0.235953
-0.0373953
0.177686
-0.0373953
0.297309
-0.042012
0.106779
0.00214105
-0.295059
-0.25899
-0.227554
-0.523192
-0.227554
-0.496482
-0.215598
-0.046197
0.0370156
-0.163469
0.0370156
-0.497808
6.48483e-05
-0.894147
6.48483e-05
-0.50932
0.039771
-0.962183
0.039771
-0.8832
0.039771
-0.8832
0.039771
-0.799617
0.0511607
-1.16817
0.0511607
-1.29906
0.0511607
-1.10367
0.0511607
-1.14696
0.281395
-1.09746
0.281395
-0.930261
0.0737848
-1.26122
0.0737848
-1.4188
0.0737848
-1.26911
0.0737848
-1.26911
0.0737848
-1.26911
0.0737848
-1.02822
0.0737848
-0.835715
0.0737848
-1.28582
0.0737848
-0.935177
0.0737848
-1.33583
0.0683101
-1.33583
0.0683101
-1.71991
0.0683101
-1.71991
0.0683101
-1.71991
0.0913502
-1.51624
-0.0917847
-1.51986
-0.0917847
-1.10067
-0.0917847
-0.850836
0.0229381
-1.03818
0.0398633
-1.00283
0.0398633
-0.917874
-0.129468
-1.01969
-0.129468
-0.758808
-0.129468
-0.431357
-0.129468
-0.205268
-0.129468
0.219316
-0.410468
-0.205075
-0.410468
-0.324283
-0.139993
-0.332512
0.138533
-0.332512
0.138533
0.0319573
0.0723508
-0.0658672
-0.0526954
-0.0658672
0.262615
-0.100665
0.227481
0.218152
0.227481
0.621813
0.227481
1.00066
0.227481
1.09864
0.227481
0.714184
-0.0467521
0.79864
-0.0467521
1.04154
0.0214794
1.38942
0.0214794
1.12625
0.0214794
0.759339
0.0214794
0.311812
0.0214794
0.0459276
0.369579
0.0459276
0.23213
-0.0917437
-0.0843104
-0.334973
-0.0843104
-0.130744
0.174939
-0.257397
0.413406
-0.196401
0.413406
-0.196401
0.413406
-0.196401
0.00980514
0.15892
-0.223853
0.15892
-0.199306
-0.0275059
0.272536
-0.393607
0.0397568
-0.221181
-0.37319
0.251354
-0.37319
0.0382082
-0.52161
-0.0358565
-0.440151
-0.0358565
-0.904755
-0.166581
-0.723882
-0.166581
-0.723882
-0.166581
-0.704966
0.175716
-0.862164
0.175716
-0.36672
0.175716
0.0904666
0.276571
0.23065
-0.197705
0.373687
0.0612241
0.729974
0.0612241
1.11244
0.0612241
1.61026
0.0612241
1.56356
0.0612241
1.56356
0.0612241
1.48628
0.0612241
1.59715
0.0612241
1.58627
0.0612241
1.39699
0.0612241
0.918735
0.0612241
0.672296
-0.0523281
0.494922
-0.0523281
0.0623064
-0.290166
0.0623064
-0.343915
0.0623064
-0.52996
0.0440866
-0.52996
-0.130631
-0.242652
-0.130631
-0.117933
0.171792
-0.187525
-0.218327
-0.262532
0.220344
-0.205174
0.0457483
-0.680482
0.0457483
-0.680482
0.0457483
-1.03572
0.107286
-0.850134
0.107286
-0.623216
0.0077264
-0.623216
0.315529
-0.623216
-0.111546
-0.374646
0.0860683
0.0571242
0.47875
0.0571242
0.0391844
-0.00677944
0.0945644
0.0348433
0.361837
0.0170822
0.263193
0.0513457
0.715562
-0.038763
0.641397
-0.038763
1.00801
-0.038763
1.3568
-0.038763
1.3568
-0.038763
1.32016
-0.038763
1.32016
-0.038763
1.08521
-0.0448698
1.11916
-0.0448698
0.852441
-0.0448698
1.0671
-0.0448698
1.46463
-0.136029
1.46463
-0.136029
1.1049
0.0111294
1.17633
0.0111294
1.23739
0.0111294
1.0756
0.0111294
1.38617
0.0111294
1.72927
0.0111294
1.25154
0.109356
1.00079
0.109356
0.963935
0.109356
1.13955
0.109356
0.738987
0.109356
0.479863
0.228403
0.728175
-0.087716
0.659783
-0.087716
0.432704
-0.087716
0.419636
0.134778
0.537582
0.134778
0.725298
-0.272403
0.589869
-0.272403
0.608753
-0.0170473
0.608753
-0.0170473
0.459465
-0.0170473
0.796724
-0.0170473
0.630671
-0.0170473
1.08362
-0.0170473
0.832489
-0.0146602
0.365542
-0.0151701
-0.0240862
0.423515
-0.282001
0.286798
-0.135192
0.101714
0.140613
0.101714
0.166845
0.101714
0.466978
0.0787374
0.683633
-0.116826
0.340481
-0.116826
0.340481
-0.263234
0.0656197
0.119253
-0.177276
0.119253
-0.436755
0.119253
-0.0799161
0.0708204
-0.375045
-0.0575506
-0.556277
0.120058
-0.120321
0.477592
-0.197357
0.64286
-0.242133
0.523506
0.00614813
0.636282
-0.147961
0.675065
-0.147961
0.675065
0.1378
0.760669
0.1378
0.863835
0.17228
0.776833
-0.0961384
0.776833
0.0577302
0.340047
0.0577302
-0.00490875
-0.16635
-0.089237
0.188731
-0.089237
0.417419
-0.13218
-0.0108211
-0.048915
0.210382
0.00745099
0.472791
0.233328
0.472791
0.233328
0.612189
-0.23017
0.315762
-0.23017
-0.136328
-0.372759
-0.136328
-0.101872
0.250639
-0.170329
0.608955
-0.170329
0.839728
-0.170329
0.708629
-0.0902562
0.708629
-0.0902562
0.708629
0.0617326
0.511726
0.0617326
0.564237
0.0617326
0.668494
0.0687287
0.988561
0.0687287
1.18279
-0.130912
1.15055
-0.130912
1.43611
0.0552564
1.46402
0.0552564
1.38291
-0.0589123
1.39796
-0.0589123
1.02571
-0.0589123
0.98876
0.0449621
1.08584
0.0449621
1.08584
0.0449621
0.778927
0.0449621
0.722813
0.0449621
0.466468
0.0449621
0.507294
0.0449621
0.507294
0.230006
0.646303
-0.1974
0.388832
-0.1974
0.829498
-0.1974
0.829498
0.168684
0.829498
0.0440077
0.620408
0.0440077
0.470183
0.0440077
0.804028
-0.0442643
0.570902
0.200974
0.570902
0.31944
0.256143
0.336404
0.393619
0.406948
0.37694
0.406948
0.373526
0.167437
0.124384
0.281767
-0.0927004
0.281767
-0.172615
0.298058
-0.40358
-0.173011
-0.40358
-0.19727
0.0513959
-0.60807
-0.0347585
-0.511654
-0.0347585
-0.511706
-0.133334
-0.748052
-0.133334
-0.748052
-0.21284
-0.748052
-0.21284
-0.342151
-0.21284
-0.539042
-0.21284
-0.539042
-0.21284
-0.539042
-0.0842049
-0.398683
0.0773636
-0.398683
-0.0910167
-0.142876
-0.587522
-0.142876
-0.499991
0.0114665
-0.173359
0.345375
-0.22185
0.711305
-0.22185
1.11596
-0.188707
0.642141
0.12765
0.642141
0.12765
0.437368
0.12765
0.81797
0.12765
0.984416
0.12765
0.841748
-0.0401035
0.387482
-0.148497
0.0465119
-0.0341983
0.00685199
-0.387844
-0.339563
-0.387844
-0.339563
-0.167235
-0.339563
-0.167235
0.147041
0.131199
-0.270465
-0.0883828
-0.390606
0.234191
-0.756222
0.234191
-0.350115
0.234191
-0.457655
0.234191
-0.0694124
0.188398
-0.422457
0.188398
-0.422457
0.0133955
-0.302454
0.0133955
0.166004
0.0133955
-0.126558
-0.203956
0.00208655
0.210588
0.03123
-0.232361
-0.0201034
-0.232361
0.252573
-0.028852
0.0246324
-0.367915
0.0246324
-0.861981
0.0203538
-0.861981
0.0203538
-0.861981
0.0203538
-0.420332
0.115349
-0.127085
0.570789
-0.0281114
0.680953
0.101669
0.897018
0.101669
0.73911
-0.240853
0.971412
-0.240853
1.10072
0.216874
0.936578
-0.150142
0.460138
-0.150142
0.949719
-0.150142
0.821431
0.178049
0.749247
0.159777
0.574064
0.159777
0.332333
0.122314
0.505399
0.143028
0.108522
0.213457
0.108522
-0.13199
0.533745
-0.13199
0.533745
-0.332389
0.533745
-0.284071
0.533745
0.0724306
0.633709
0.0724306
0.633709
0.0724306
0.501546
0.0724306
0.611649
0.16221
1.02565
0.00444673
1.03535
0.00444673
0.971359
0.146719
0.992762
0.146719
0.565682
0.0736639
0.896222
0.0736639
0.482087
0.0736639
0.777998
0.0736639
1.12566
0.0736639
1.13125
0.193331
1.13125
0.193331
0.680599
-0.177756
0.320846
-0.177756
-0.0168541
0.148078
-0.0403199
0.191524
-0.0403199
0.664242
-0.0170422
0.715749
-0.0170422
0.64795
-0.177018
0.387448
-0.355423
0.387448
-0.308983
-0.0956066
-0.0357154
-0.577656
0.2198
-0.626492
-0.190608
-0.451716
0.0925242
-0.0856064
0.0739949
-0.220506
-0.13107
-0.169777
-0.279492
0.15411
-0.0611466
0.156136
-0.168831
-0.174949
-0.0990336
-0.174949
0.299738
-0.356907
-0.0676434
0.0952163
0.0623951
0.0952163
0.141073
0.0952163
-0.354061
0.200995
-0.605169
-0.0997223
-0.650561
-0.0750507
-0.739531
-0.0750507
-0.344382
-0.142855
-0.338722
-0.0929608
-0.639671
-0.0929608
-0.600641
-0.144149
-0.535104
-0.144149
-0.208749
-0.608748
-0.178837
-0.608748
0.00724997
-0.270311
-0.353957
0.0504425
-0.655096
0.0504425
-0.655096
0.0203953
-0.947307
0.0203953
-0.956981
0.0203953
-0.538358
-0.284213
-0.524551
0.191683
-0.448447
-0.0574073
0.00483473
-0.155752
0.331722
-0.0365238
0.696434
-0.0365238
0.597519
-0.0365238
0.597519
-0.0365238
0.50519
-0.04888
0.50519
-0.04888
0.831461
-0.04888
0.530731
-0.0645192
0.418908
-0.296555
0.473776
-0.0945001
0.757764
-0.0157669
0.35184
-0.0157669
0.147242
-0.0157669
-0.161749
0.329954
-0.257416
0.329954
-0.240449
0.329954
-0.273411
0.329954
-0.144047
-0.0715393
-0.257331
-0.463718
0.185333
-0.463718
0.185333
-0.308081
0.241312
-0.281707
0.12088
0.0727759
0.561377
0.063621
0.771427
0.063621
0.497251
0.4509
0.618562
-0.0389938
0.585124
0.159658
0.585124
0.239904
1.0053
-0.158471
1.14104
-0.158471
1.14104
-0.158471
1.14104
-0.158471
1.01671
-0.158471
1.01671
-0.158471
1.01671
-0.0814624
0.891555
-0.0814624
0.991959
-0.0814624
1.2269
-0.0814624
1.2269
0.135286
1.2269
0.13726
0.867979
-0.126383
1.25707
0.145959
0.917097
-0.107709
0.92224
-0.107709
0.833679
-0.107709
0.833679
-0.107709
0.833679
-0.107709
0.716388
-0.0652164
0.716388
-0.0652164
0.554369
0.263768
0.554369
0.0628503
1.02775
-0.0482311
0.962216
-0.0482311
1.36632
-0.0482311
1.52699
-0.0482311
1.43366
-0.0482311
1.38687
-0.0482311
1.4266
-0.0482311
0.975392
-0.0282583
0.663047
0.243249
0.320499
0.243249
0.320499
0.105105
0.182096
0.564241
0.174849
0.069323
0.663021
0.048387
0.397651
0.048387
0.119039
-0.315337
0.119039
-0.396981
-0.12354
-0.48615
-0.12354
-0.771424
-0.139511
-0.893846
-0.139511
-0.893846
-0.139511
-0.893846
-0.139511
-0.594174
0.119051
-0.716755
0.119051
-0.965717
0.119051
-1.07632
0.119051
-1.07632
-0.0904418
-0.862527
-0.0904418
-0.62599
-0.121627
-0.299294
-0.121627
0.0819318
-0.121627
0.110915
-0.604505
0.110915
-0.604505
0.110915
-0.616944
0.202568
-0.43628
0.202568
-0.234906
-0.200985
-0.22246
-0.618199
-0.22246
-0.675942
0.230282
-0.473648
0.0495552
-0.783519
-0.0919234
-0.405488
-0.0422114
-0.405488
-0.0422114
-0.637563
0.0012142
-0.458559
-0.0624146
-0.473959
-0.0624146
-0.624124
0.0534696
-0.624124
0.0534696
-0.99423
-0.176938
-1.18068
-0.171884
-0.864188
-0.171884
-0.59756
-0.0858081
-0.59756
-0.0858081
-0.205344
-0.552365
-0.205344
-0.801467
-0.205344
-0.801467
0.285539
-0.414215
0.285539
-0.111233
0.781939
-0.0597913
0.426133
-0.0597913
0.391666
-0.0931372
0.391666
-0.292363
0.209968
0.0260477
0.575859
0.0260477
0.465394
0.0260477
0.616187
0.0260477
0.207708
0.0674062
0.623282
0.0674062
0.798048
0.0674062
0.862516
0.0674062
0.481172
0.0674062
0.220627
0.0674062
0.663663
0.0674062
0.520785
0.0674062
0.505055
0.0674062
0.573602
0.0674062
0.573602
-0.146163
0.282639
-0.0757592
0.567257
-0.244026
0.276584
0.00221302
0.190512
-0.435887
-0.26717
-0.435887
-0.226872
-0.0355623
-0.307741
-0.0355623
-0.137233
0.255635
-0.38966
-0.0177489
-0.429787
0.410549
-0.739783
0.410549
-0.739783
0.410549
-0.527381
0.468463
-0.527381
0.210329
-0.527381
0.210329
-0.527381
0.179859
-0.42321
0.179859
-0.42321
0.0884331
-0.252495
-0.0884485
-0.543625
-0.218988
-0.543625
-0.218988
-0.734361
-0.218988
-0.734361
-0.218988
-0.601225
0.127098
-0.236616
0.127098
-0.236616
0.359625
-0.236616
-0.00829208
-0.55307
-0.279868
-0.55307
-0.279868
-0.770977
-0.0966321
-0.553475
-0.0966321
-0.565302
0.0214565
-0.547481
0.0214565
-0.547481
-0.129746
-0.719111
0.127107
-0.927378
-0.188511
-1.11439
-0.188511
-1.11439
0.0100779
-0.845719
0.0100779
-0.97528
0.102218
-0.685566
0.0286139
-0.900545
-0.00838544
-0.900545
-0.017306
-0.659675
-0.017306
-0.58978
-0.017306
-0.588776
-0.017306
-0.55577
-0.017306
-0.853788
-0.017306
-0.67675
-0.017306
-0.515885
-0.017306
-0.986241
-0.017306
-0.911154
-0.017306
-0.911154
-0.017306
-0.911154
0.0816435
-0.605895
-0.171915
-0.379884
-0.0447917
-0.0125049
-0.210743
0.281009
-0.296934
0.107729
0.0675029
-0.213923
0.333937
-0.0583699
0.333937
0.267765
0.333937
0.267765
-0.14353
0.119806
0.103414
0.0309173
0.536801
0.104237
0.342839
0.104237
0.300246
0.104237
0.346023
0.235546
0.346023
0.0710055
0.70885
0.0710055
0.398618
-0.244039
0.0305292
-0.419209
0.3313
-0.419209
0.209181
-0.0474377
-0.223744
0.0740096
-0.582092
0.184323
-0.582092
0.184323
-0.126718
-0.0833777
-0.24165
0.112609
-0.032893
-0.354712
0.00944111
-0.145099
-0.351634
0.00077265
0.115646
-0.14561
0.368395
-0.14561
0.569155
0.207689
0.569155
0.207689
0.60051
0.289159
0.209605
0.121549
-0.142847
0.0311141
-0.102942
0.169413
-0.340182
0.169413
-0.340182
-0.0484859
-0.421887
0.084734
-0.529048
0.00705641
-0.888627
0.00705641
-0.575526
-0.0394359
-0.187722
-0.0394359
-0.520484
-0.0394359
-0.0717116
0.239783
-0.0717116
0.206606
0.126875
0.398362
-0.21814
0.226223
-0.21814
-0.254975
-0.21814
-0.431641
-0.429645
-0.0614632
0.00687695
-0.306435
0.421382
-0.00173392
0.49847
-0.00173392
0.345215
-0.37551
0.345215
-0.235787
0.0163896
0.190593
0.0163896
0.136289
0.00763221
-0.296141
0.00763221
-0.34861
0.201141
0.0686971
-0.212274
0.370785
-0.219887
0.570271
-0.219887
0.570271
-0.219887
0.680212
-0.219887
0.72683
-0.219887
0.72683
-0.152085
0.72683
-0.152085
0.72683
-0.152085
0.30389
-0.609834
0.139008
-0.537068
0.139008
-0.537068
-0.0475985
-0.94739
-0.0475985
-1.17215
-0.0475985
-1.26829
-0.0475985
-0.94412
-0.0475985
-0.546512
-0.0475985
-0.464735
0.246168
-0.156788
0.121346
-0.283201
0.0431844
-0.57531
-0.096885
-1.01253
-0.096885
-0.571895
0.401606
-0.291528
-0.0901217
-0.580216
0.370862
-0.458598
0.282126
-0.10542
0.215322
-0.240094
0.215322
-0.117129
0.602034
-0.117129
0.543873
-0.116256
0.480572
-0.00705714
0.557117
-0.00705714
0.349181
-0.00705714
-0.0407055
0.179479
-0.0407055
0.634671
-0.0407055
0.326802
-0.163997
0.443397
0.226292
0.188178
-0.118224
0.262276
-0.0901195
0.262276
-0.0901195
0.0934824
-0.449991
0.0934824
-0.545521
0.0934824
-0.297859
0.377658
-0.297859
0.377658
0.0573721
0.529931
0.138959
0.410062
0.138959
0.0526718
0.0627366
-0.416423
0.0627366
-0.805022
0.0627366
-0.841164
0.0627366
-1.1453
0.0627366
-1.1453
0.0627366
-1.13108
-0.0123164
-0.713044
-0.0449101
-0.713044
-0.0449101
-0.584443
-0.134557
-0.269766
0.0301011
0.103833
0.273663
0.103833
0.0424828
0.348267
0.182236
0.740684
0.0018744
0.572509
0.0018744
0.364086
0.258485
0.293026
0.66094
0.000559324
0.572321
0.000559324
0.148129
0.200103
0.247727
-0.039177
0.545338
-0.039177
0.617315
-0.039177
0.197265
-0.00212146
0.209555
2.85351e-06
0.209555
-0.231903
-0.179674
0.0351359
-0.374639
0.0351359
-0.125702
0.0469771
-0.484127
-0.432344
-0.357723
-0.209161
-0.0952623
-0.653146
-0.0538044
-0.68343
-0.0725585
-0.450734
-0.183883
-0.610257
-0.183883
-0.762843
0.292701
-0.762843
0.238361
-0.332885
0.238361
0.0086692
0.238361
0.284481
-0.188236
-0.190763
-0.188236
-0.666485
-0.188236
-0.666485
0.0541236
-0.256043
-0.159772
0.23047
-0.22684
-0.251298
0.20266
0.166349
-0.187147
0.161296
-0.0887158
0.526105
-0.0887158
0.526105
-0.0887158
0.526105
-0.0887158
0.0280119
0.193857
0.14158
0.195973
0.14158
0.195973
0.14158
-0.269544
0.186487
0.0872568
0.172479
-0.403115
0.211837
-0.181508
0.280924
-0.299771
0.280924
-0.288121
0.607549
-0.288121
0.408164
-0.12939
0.873972
0.0261615
0.387101
0.403247
0.387101
0.309645
0.00197525
-0.0140663
-0.280241
-0.0140663
-0.127727
0.441603
-0.127727
0.490984
0.048889
0.556307
0.048889
0.245278
0.266459
-0.0494908
0.377649
-0.0494908
-0.0981868
-0.182692
0.339208
-0.182692
0.420989
-0.344643
0.420989
-0.148656
0.111123
0.201038
-0.0106231
0.166275
0.0912351
-0.130448
0.311685
-0.196881
0.719253
-0.196881
0.44322
-0.151937
0.588378
-0.151937
0.134933
-0.0998943
0.134933
0.0791497
-0.339149
-0.156938
-0.563024
-0.156938
-0.42245
-0.156938
-0.42245
0.0177511
-0.304934
0.0177511
0.0156151
0.00757039
-0.265607
-0.217296
-0.665913
-0.217296
-0.894396
-0.177445
-0.669757
-0.177445
-0.572605
-0.424701
-0.572605
0.0638499
-0.31647
-0.230023
-0.31647
-0.230023
-0.31647
-0.256974
-0.290153
0.17419
-0.355299
0.17419
0.0146594
0.0463611
-0.147953
-0.238628
0.0586718
0.0946798
0.376191
0.143732
0.177634
0.0608841
-0.0685824
0.297691
-0.319113
0.169444
0.0464497
0.598728
-0.00297818
0.765136
-0.00297818
0.983433
0.104945
1.33129
0.104945
0.931008
0.104945
0.655558
0.149337
0.64172
0.10249
0.64172
0.10249
0.486182
0.188572
0.227185
0.188572
0.229018
-0.177557
0.447556
-0.177557
0.469849
-0.177557
0.560023
-0.183116
0.266603
-0.00997246
0.266603
0.226813
0.266603
-0.0331235
-0.20093
-0.0331235
-0.516854
-0.18734
-0.94231
-0.0775756
-0.85143
-0.0775756
-0.85143
-0.168933
-0.85143
-0.179043
-0.856912
0.0932372
-0.99226
0.0932372
-0.802239
0.0858523
-0.411936
0.0858523
-0.625215
0.0858523
-0.275324
0.0865445
-0.0904059
0.00556937
-0.171826
0.335607
-0.171826
0.0599596
-0.356708
0.0599596
-0.189491
-0.420965
0.11253
-0.303966
0.11253
-0.210312
0.14168
-0.478976
0.14168
-0.478976
0.14168
-0.182414
0.14168
-0.118837
0.474793
-0.115052
0.578469
0.0293355
0.280331
0.233151
-0.0637946
0.509521
0.154334
0.494477
0.154334
0.405813
-0.197634
0.300606
-0.197634
0.300606
-0.197634
0.0762188
-0.297558
0.230317
-0.068002
-0.140899
-0.068002
0.0226395
-0.158208
0.42357
-0.374045
0.406871
-0.139714
0.0818379
0.265323
-0.251116
0.214233
0.220409
0.214233
0.220409
0.316665
0.220409
0.356491
-0.135347
0.0918461
-0.0966788
0.072768
0.191718
-0.245212
0.191718
-0.245212
0.586107
-0.200753
0.198774
0.209884
0.198774
0.209884
0.00841838
0.617686
-0.0172077
0.617686
-0.0172077
0.211979
-0.354107
0.271229
0.0946386
0.581448
0.0946386
0.581448
0.0946386
0.146303
0.192249
-0.243007
0.192249
-0.12252
0.093036
-0.200121
-0.300879
0.150721
-0.300879
0.150721
-0.300879
0.559829
-0.0313145
0.941194
-0.0313145
0.449242
0.169459
0.449242
0.542793
0.449242
0.542793
0.230826
0.691469
0.230826
0.871041
0.230826
0.871041
-0.119334
1.34335
-0.119334
1.35786
-0.0524023
1.05669
-0.0241065
1.39023
-0.0241065
0.997421
-0.0241065
1.44647
-0.0241065
1.61524
-0.0241065
1.20309
-0.0241065
1.47344
-0.0241065
1.19079
-0.0241065
1.05915
-0.0241065
0.897109
-0.0241065
1.05121
0.130708
0.626666
0.130708
0.31775
-0.321529
-0.0765494
-0.321529
0.0427907
-0.430606
0.0427907
-0.266091
0.0427907
-0.46901
-0.188197
0.013109
-0.253394
0.236505
-0.241935
0.00776388
-0.219866
-0.051496
-0.48135
-0.051496
-0.794534
0.0318863
-0.844675
0.0318863
-1.0075
0.0318863
-0.693037
0.0318863
-0.273767
0.0318863
0.0229685
0.440283
0.189641
0.356631
0.0555957
-0.0781502
0.33535
-0.0781502
0.213235
-0.207737
-0.283407
0.248826
-0.283407
-0.104938
-0.403314
-0.104938
0.00876355
0.32817
0.0436949
0.489787
0.0436949
0.87039
-0.11186
1.25595
-0.11186
1.25595
-0.11186
1.25595
-0.0104911
1.60234
-0.0104911
1.35685
-0.0104911
1.49971
-0.0104911
1.00473
-0.0104911
0.554445
-0.0104911
0.670823
-0.0104911
0.785633
-0.0104911
0.637995
-0.0104911
0.466383
-0.230125
0.595048
-0.306901
0.348403
-0.306901
0.348403
-0.150456
0.24913
0.103232
0.639386
-0.130726
1.06481
0.000261486
1.06481
0.000261486
1.15474
0.000261486
1.55958
0.000261486
1.55958
0.0645287
1.63356
0.0842307
1.8078
0.0842307
1.51728
0.0842307
1.46376
0.0842307
1.10959
0.0842307
1.02272
0.0842307
0.857031
0.0842307
1.12258
0.0842307
1.12258
0.0842307
0.968998
0.0842307
0.739284
0.0842307
0.337742
0.0842307
0.4258
-0.166235
0.4258
-0.166235
0.644687
-0.166235
0.670932
0.212391
0.725235
0.212391
0.725235
-0.125567
0.716486
0.220657
0.451154
0.0725662
0.280592
0.0725662
-0.0883881
-0.131794
0.12087
0.306924
-0.258885
0.306924
-0.176441
0.00498936
-0.258931
0.347982
-0.30463
0.262516
0.0122845
-0.0479949
-0.170638
0.387124
-0.170638
0.79738
0.0298055
1.01893
0.0298055
0.902612
0.012111
1.2077
0.012111
1.4915
-0.0734198
1.09907
-0.0734198
0.874267
-0.0523751
0.89497
0.172474
0.42762
-0.0481518
0.490106
-0.178805
0.347168
-0.00364645
-0.0919562
0.136608
-0.129941
0.219639
0.357529
0.219639
0.357529
0.0102731
0.809759
0.0102731
0.334683
0.0102731
0.00124207
0.293486
-0.327197
0.293486
0.170522
0.2885
0.228517
0.0263501
0.0319982
0.225172
0.173663
0.228804
0.317978
0.095119
0.617093
0.0715319
0.403246
0.0715319
0.254636
0.14086
0.240602
0.14086
-0.0902457
0.614606
0.121209
0.209149
0.517121
0.309854
0.520826
0.186238
0.38002
0.186238
0.38002
0.186238
0.384051
-0.294358
0.876266
0.0693918
1.30254
0.0693918
0.856303
0.0693918
0.856303
-0.0608488
0.937254
-0.0608488
1.18037
-0.0608488
1.08125
-0.0608488
0.846042
-0.0608488
0.474342
0.265789
0.214661
0.220713
0.214661
0.256432
0.178955
0.390066
0.0164602
0.575236
0.083784
0.381963
-0.0357266
0.108002
0.0614285
-0.193672
0.0260537
0.276332
0.0260537
-0.164827
-0.270611
-0.0211842
-0.423398
-0.0211842
-0.144666
-0.0725032
0.168603
0.0716097
0.044288
0.00135531
0.293135
-0.0540729
0.54225
-0.0650152
0.197655
0.0538254
0.169265
0.319733
0.254525
0.497399
0.0915302
0.313252
-0.326968
0.0382196
0.159822
-0.0623586
-0.218609
0.0215164
-0.26202
-0.0851804
-0.324788
-0.0659304
-0.324788
-0.0659304
-0.749818
-0.153355
-0.851061
-0.106228
-0.947184
-0.106228
-0.592547
-0.106228
-0.308176
-0.335619
-0.308176
0.0778624
-0.558762
0.115578
-0.897325
0.115578
-0.578139
0.115578
-0.109911
-0.186058
-0.156198
-0.186058
0.272307
0.122852
0.230446
-0.199014
0.651307
-0.199014
0.651307
-0.199014
0.430516
0.051548
0.430516
0.321165
0.225691
0.234688
0.184208
0.0387866
-0.125789
-0.208264
0.298662
-0.317846
0.370154
-0.317846
0.617863
-0.317846
0.617863
-0.0961236
0.228145
-0.375506
0.186125
-0.196411
0.31022
-0.196411
0.0874766
-0.194102
0.034789
0.0487309
0.381395
0.0487309
0.283793
-0.119518
-0.0772667
0.187453
-0.476378
0.187453
-0.295546
0.187453
-0.295546
0.134937
-0.486087
0.134937
-0.313337
-0.0448327
-0.313337
-0.446035
-0.313337
-0.252245
-0.313337
-0.320692
0.0140729
-0.0772639
0.435604
-0.281694
0.110636
-0.477517
0.391772
-0.442386
-0.0171868
-0.402084
-0.0807149
-0.31201
0.208721
-0.27023
0.394599
-0.27023
0.14011
-0.27023
-0.0106431
-0.647654
-0.0106431
-0.906218
-0.0106431
-0.952197
0.0633164
-0.733386
0.0633164
-0.733386
0.0633164
-1.07242
0.0633164
-1.07242
0.0633164
-1.07242
0.0633164
-0.989191
0.0633164
-1.10407
0.000349335
-1.44723
0.019676
-1.16059
0.019676
-1.02746
0.019676
-1.39925
-0.0122131
-1.39925
0.114162
-1.39925
0.114162
-1.0391
0.114162
acc = 0.687
