0.126159
-1.3323
0.126159
-1.3323
0.126159
-1.3323
0.126159
-1.3323
0.126159
-1.3323
0.126159
-1.3323
0.126159
-1.3323
0.126159
-1.3323
0.126159
-1.3323
0.126159
-1.3323
0.126159
-1.3323
0.126159
-1.3323
0.126159
-1.3323
0.126159
-1.3323
-0.050963
-1.3323
-0.050963
0.951003
-0.050963
0.951003
-0.050963
0.951003
-0.050963
0.951003
-0.050963
0.951003
-0.050963
-1.25239
0.0185229
-1.25239
0.0185229
-1.25239
0.0185229
-1.25239
0.0185229
-0.529557
0.168818
-0.529557
-0.103896
-0.529557
-0.103896
-0.529557
-0.103896
-0.529557
-0.103896
-0.529557
-0.103896
0.531953
-0.103896
0.531953
-0.103896
0.531953
-0.103896
0.531953
-0.103896
-1.37937
-0.103896
-0.931186
-0.103896
-0.931186
-0.0818629
-0.931186
-0.0818629
-0.931186
-0.0818629
-0.618114
-0.0818629
-0.618114
-0.0818629
-0.618114
-0.0818629
-0.618114
-0.0818629
-0.618114
-0.0818629
-0.618114
-0.0818629
-0.618114
-0.0818629
-0.618114
-0.0818629
-0.618114
-0.0818629
-0.618114
-0.0818629
-0.618114
-0.0818629
-0.618114
-0.0818629
-0.618114
-0.0818629
-0.618114
-0.0818629
-0.618114
-0.0818629
-0.0358204
-0.0818629
0.027661
-0.0818629
0.027661
-0.0818629
0.027661
-0.0818629
0.027661
-0.302666
0.027661
-0.302666
0.027661
-0.302666
0.027661
-0.302666
0.027661
-0.302666
0.027661
-0.302666
0.027661
-0.302666
0.027661
-0.302666
0.027661
-0.302666
0.027661
-0.302666
0.027661
-0.302666
-0.460927
-0.302666
-0.460927
-0.302666
-0.460927
-0.302666
-0.460927
-0.302666
-0.460927
-0.302666
0.437655
-0.302666
0.437655
-0.302666
0.437655
-0.302666
0.437655
-0.302666
-0.0197697
-0.302666
-0.0197697
-0.302666
-0.0197697
-0.302666
-0.0197697
-0.302666
-0.0197697
-1.33368
-0.0197697
0.534394
-0.0197697
0.534394
-0.0197697
-1.55703
-0.0197697
-1.55703
-0.0197697
-1.55703
-0.0197697
-1.21955
-0.0197697
-1.21955
-0.0197697
-1.21955
-0.0197697
-1.21955
-0.0197697
-0.329141
-0.0197697
-0.329141
-0.0197697
-0.329141
-0.0197697
-0.329141
-0.0197697
-1.13723
-0.0197697
-1.13723
-0.0197697
-0.431109
-0.0197697
-0.431109
-0.0197697
-0.431109
-0.0197697
-0.431109
-0.0197697
-0.431109
-0.0197697
-0.431109
-0.0197697
-0.431109
-0.0197697
-0.431109
-0.0197697
-0.431109
-0.0197697
-0.431109
-0.0197697
-0.431109
-0.0197697
-0.431109
-0.0197697
0.434596
-0.0197697
0.434596
-0.0197697
0.434596
-0.0197697
0.980405
-0.0197697
0.980405
-0.0197697
0.980405
0.0629454
0.980405
0.0629454
0.980405
0.0629454
0.980405
0.0629454
0.980405
0.0629454
0.980405
0.0629454
0.980405
0.0629454
0.980405
0.0629454
0.980405
0.0629454
0.980405
0.0629454
0.980405
0.0629454
0.980405
0.0629454
0.980405
0.0629454
0.980405
0.0629454
0.980405
0.0629454
0.980405
0.0629454
0.980405
0.0629454
0.980405
0.0629454
0.980405
0.0629454
0.980405
0.0629454
0.22179
0.0629454
0.22179
0.0629454
0.22179
0.0629454
0.22179
0.136284
0.22179
0.136284
0.22179
0.136284
0.22179
0.136284
0.22179
0.136284
0.22179
0.136284
0.22179
0.136284
0.22179
0.136284
0.22179
0.136284
0.22179
0.136284
0.22179
0.136284
-0.158692
0.136284
-0.158692
0.136284
-0.158692
0.136284
-0.158692
-0.0155725
-0.158692
-0.0155725
-0.158692
-0.0155725
-0.158692
-0.0155725
-0.158692
-0.0155725
-0.627911
-0.0155725
1.21287
-0.0155725
1.21287
-0.0155725
1.21287
-0.0155725
1.21287
-0.0155725
1.21287
-0.0155725
1.21287
-0.0155725
1.21287
-0.0155725
-1.39736
-0.0155725
-1.39736
-0.0155725
-1.39736
-0.0155725
-1.39736
-0.0155725
-1.39736
-0.0155725
-1.39736
-0.0155725
-2.29811
-0.0155725
-2.29811
-0.0155725
-2.29811
-0.0155725
-2.29811
-0.0155725
2.48844
-0.0155725
2.48844
-0.0155725
2.48844
-0.0155725
2.48844
-0.0155725
1.15181
-0.0155725
1.15181
-0.0155725
1.15181
-0.0155725
0.507873
-0.0155725
0.507873
-0.0155725
0.507873
0.144487
0.507873
0.144487
0.507873
0.144487
0.562224
0.144487
0.562224
0.144487
0.562224
0.144487
-0.195528
0.144487
-0.195528
0.144487
-0.195528
0.144487
-0.195528
0.144487
-0.576936
0.144487
0.504684
0.144487
0.504684
0.144487
0.504684
0.144487
0.504684
0.144487
0.321951
0.144487
0.321951
0.144487
0.321951
0.144487
0.321951
0.144487
0.321951
0.144487
-0.706929
0.144487
-0.706929
0.144487
-0.706929
0.144487
-0.415979
0.144487
-0.415979
0.144487
-0.415979
0.144487
-0.415979
0.144487
-0.415979
0.144487
-0.415979
0.144487
-0.415979
0.144487
-0.415979
0.144487
-0.415979
0.144487
-0.415979
0.144487
-0.415979
0.144487
-0.415979
0.144487
-0.415979
0.144487
-0.415979
0.144487
-0.415979
0.144487
-0.415979
0.144487
-0.415979
0.144487
-0.415979
0.144487
-0.415979
0.144487
-0.415979
0.144487
0.299162
0.144487
0.299162
0.144487
0.299162
0.144487
0.299162
0.144487
0.085264
0.144487
0.085264
0.144487
0.085264
0.144487
0.085264
0.144487
0.085264
0.144487
0.085264
0.144487
0.085264
0.144487
0.085264
0.144487
0.085264
0.144487
0.085264
0.144487
0.085264
0.144487
0.085264
0.144487
0.085264
0.144487
0.085264
0.144487
0.085264
0.144487
0.085264
0.144487
0.085264
0.144487
0.085264
0.144487
0.085264
0.144487
0.085264
0.144487
0.085264
0.144487
0.085264
0.144487
0.085264
0.144487
0.085264
0.144487
0.085264
0.144487
0.085264
0.144487
0.085264
0.144487
0.085264
0.144487
0.085264
0.144487
0.085264
0.144487
0.085264
0.144487
0.085264
0.144487
0.085264
0.144487
0.085264
0.144487
0.085264
0.144487
0.085264
0.144487
0.085264
0.144487
0.085264
0.144487
0.085264
0.144487
0.085264
0.144487
0.085264
0.144487
0.085264
0.144487
0.085264
0.195365
0.085264
0.195365
0.085264
0.195365
0.085264
0.195365
0.085264
0.195365
0.085264
0.195365
0.085264
0.195365
0.085264
0.195365
0.085264
0.195365
0.085264
0.195365
0.085264
0.195365
0.085264
-0.285462
0.085264
-0.285462
0.085264
-0.285462
0.085264
-0.285462
0.085264
-0.285462
0.085264
-1.66572
0.085264
-1.66572
0.085264
-1.66572
0.085264
-1.66572
0.085264
-1.49079
0.085264
1.17203
0.085264
-0.353123
0.085264
-0.353123
0.085264
-0.353123
0.085264
-0.353123
0.085264
-0.353123
0.085264
-0.353123
0.085264
-0.353123
0.085264
-0.353123
0.085264
-0.353123
0.085264
-0.353123
0.085264
-0.353123
0.085264
-0.353123
0.085264
-0.353123
0.254816
-0.353123
0.254816
-0.353123
0.254816
-0.353123
0.254816
-0.00146693
0.254816
-0.00146693
0.254816
-0.00146693
0.254816
-0.00146693
0.254816
-0.00146693
0.254816
-0.00146693
0.254816
-0.00146693
0.254816
-0.00146693
0.254816
-0.00146693
0.254816
-0.00146693
1.11226
-0.00146693
0.355401
-0.00146693
0.476814
-0.00146693
0.476814
-0.00146693
0.476814
-0.00146693
0.476814
-0.00146693
0.476814
-0.00146693
0.476814
-0.00146693
0.476814
-0.00146693
-0.558136
-0.00146693
-0.558136
-0.00146693
-0.558136
-0.00146693
-0.558136
-0.00146693
-0.558136
-0.00146693
-0.558136
-0.00146693
-0.558136
-0.00146693
0.569353
-0.00146693
0.569353
-0.00146693
0.569353
-0.00146693
0.569353
-0.00146693
0.569353
-0.00146693
0.569353
-0.00146693
0.569353
-0.00146693
0.569353
-0.00146693
0.569353
-0.00146693
0.569353
-0.00146693
0.569353
-0.00146693
0.569353
-0.00146693
0.569353
-0.00146693
0.569353
-0.00146693
0.569353
-0.00146693
0.569353
-0.00146693
0.569353
-0.00146693
-2.04843
-0.00146693
-2.04843
-0.00146693
-2.04843
-0.00146693
-2.04843
-0.00146693
-0.599598
-0.00146693
-0.599598
-0.00146693
-0.599598
-0.00146693
-0.599598
-0.00146693
-0.599598
-0.00146693
-0.599598
-0.00146693
-0.599598
-0.00146693
0.115669
-0.00146693
0.115669
0.0953998
0.115669
0.0953998
0.115669
0.0953998
0.115669
0.0953998
1.48096
0.0953998
1.48096
0.0953998
0.0255422
0.0953998
0.0255422
1.80523
0.0255422
1.80523
0.0255422
-0.778573
0.0255422
-0.778573
0.0255422
-0.778573
0.0255422
-0.778573
0.0255422
-0.778573
0.0255422
-0.778573
0.0255422
-0.778573
0.0255422
-0.778573
0.0255422
-0.778573
0.0255422
-0.778573
0.0255422
-0.778573
0.0255422
-0.778573
0.0255422
-0.778573
0.0255422
1.9988
0.0255422
1.9988
0.0255422
1.9988
0.0255422
-1.31575
0.0255422
-1.31575
0.0255422
-1.31575
0.0255422
-1.31575
0.0255422
-1.31575
0.0255422
-1.31575
0.0255422
-1.169
0.0255422
-1.169
0.0255422
0.806517
0.0255422
0.806517
0.0255422
0.806517
0.0255422
0.806517
0.0255422
-0.286059
0.0255422
-0.286059
0.0255422
-0.286059
0.0255422
-0.286059
0.0255422
-0.286059
0.0255422
-0.286059
0.0255422
-0.286059
0.0255422
-0.286059
0.0255422
-0.286059
0.0255422
-0.286059
0.0255422
-0.286059
0.0255422
-0.286059
0.0255422
-0.286059
-0.273885
-0.286059
-0.273885
-0.286059
-0.273885
-0.286059
-0.273885
0.146003
-0.273885
-0.222936
-0.5272
-0.222936
-0.5272
-0.222936
-0.5272
-0.222936
-0.5272
-0.222936
-0.5272
-0.222936
-0.5272
-0.222936
-0.529809
-0.222936
0.314484
-0.222936
0.314484
-0.539426
0.314484
-0.539426
0.314484
-0.539426
0.314484
-0.539426
0.314484
-0.539426
0.314484
-0.539426
0.314484
-0.539426
0.314484
-0.539426
0.045858
-0.539426
0.045858
-0.539426
0.045858
-1.62744
0.045858
-1.62744
0.045858
-1.62744
0.045858
-1.62744
0.045858
-1.62744
0.045858
-1.62744
0.045858
-1.62744
0.045858
-1.62744
0.045858
-1.62744
0.045858
-1.62744
0.045858
-1.62744
0.045858
1.47309
0.045858
1.47309
0.045858
1.47309
0.045858
-1.37278
0.045858
-1.37278
0.045858
-1.37278
0.045858
-1.37278
0.045858
-1.37278
0.045858
-1.37278
0.045858
-1.37278
0.045858
-1.37278
0.0501021
-1.37278
0.0501021
1.05893
0.0501021
1.05893
0.0501021
1.05893
-0.112492
1.05893
-0.112492
1.05893
-0.112492
1.05893
-0.112492
1.05893
-0.112492
-0.537211
-0.112492
-0.537211
-0.112492
-0.537211
-0.112492
-0.537211
-0.112492
-0.537211
-0.112492
-0.537211
-0.112492
-0.537211
-0.112492
-0.537211
-0.112492
-0.537211
-0.112492
-0.578295
-0.112492
-0.578295
-0.112492
0.510993
-0.112492
0.510993
-0.112492
0.510993
0.0690952
0.510993
0.0690952
0.0460974
0.0690952
0.0460974
-1.32622
0.0460974
-1.32622
0.0460974
0.801709
0.0460974
0.801709
0.0460974
-0.884641
0.0460974
0.574695
0.0460974
0.574695
0.0460974
0.574695
0.0460974
-1.78144
0.0460974
-1.78144
0.0460974
-1.78144
0.0460974
-1.78144
0.0460974
-1.78144
0.0460974
-1.78144
0.0460974
-1.78144
0.0460974
-1.78144
0.0460974
-1.78144
0.0460974
1.57048
0.0460974
1.57048
0.0460974
1.57048
0.0460974
1.57048
0.0460974
1.57048
-0.0130157
-0.552902
-0.0130157
-0.552902
-0.0130157
-0.552902
-0.0130157
-0.552902
-0.0130157
-0.552902
-0.0130157
-0.552902
-0.0130157
-0.552902
-0.0130157
-0.552902
-0.0130157
-0.144024
-0.0130157
-0.144024
-0.0130157
-0.144024
-0.0130157
-0.144024
-0.0130157
0.00802721
-0.0130157
0.00802721
-0.0130157
0.00802721
-0.0130157
-0.473429
-0.0130157
-0.473429
-0.0130157
-0.473429
-0.0130157
-0.473429
-0.0130157
-0.473429
-0.0130157
-0.473429
-0.0130157
-0.927289
-0.0130157
-0.927289
-0.0130157
-0.927289
-0.0130157
-0.0718034
-0.0130157
0.81319
-0.0130157
0.81319
-0.0130157
-0.429806
-0.0130157
-0.429806
-0.0130157
-0.429806
-0.0130157
-0.429806
-0.0130157
-0.429806
-0.0130157
-0.429806
-0.0130157
-0.305788
-0.0130157
-0.305788
-0.0130157
-0.305788
-0.0130157
-0.305788
-0.0130157
-0.305788
-0.0130157
-0.305788
-0.0130157
-0.305788
-0.0130157
0.741649
-0.0130157
0.741649
-0.0130157
0.741649
-0.0130157
0.741649
-0.0130157
0.741649
-0.0242636
0.741649
-0.0242636
0.741649
-0.0242636
0.741649
-0.0242636
0.741649
-0.0242636
0.741649
-0.0242636
0.741649
-0.0242636
0.741649
-0.0242636
-0.652045
-0.0242636
-0.652045
-0.0242636
-0.652045
-0.0242636
-0.652045
-0.0242636
-0.652045
-0.0242636
-0.652045
-0.0242636
-0.652045
-0.0242636
-0.652045
-0.0242636
-0.652045
-0.0242636
-0.652045
-0.0242636
-0.652045
-0.0242636
-0.652045
-0.0242636
-0.652045
-0.0242636
-0.652045
-0.0518779
-0.652045
-0.0518779
-0.652045
-0.0518779
-0.886667
-0.0518779
-0.886667
-0.0518779
-0.886667
-0.0518779
-0.886667
-0.0518779
-0.886667
-0.0518779
1.14323
-0.0518779
0.224183
-0.0518779
0.224183
-0.0518779
0.224183
-0.0518779
-0.241142
-0.0518779
-0.241142
-0.0518779
2.89994
-0.0518779
2.89994
-0.0518779
2.89994
-0.0518779
2.89994
-0.0518779
2.89994
-0.0518779
-2.73482
-0.0518779
-2.29569
-0.0518779
-2.29569
-0.0518779
-2.29569
-0.0518779
-2.29569
-0.0518779
-2.29569
-0.0518779
2.12325
-0.0518779
2.12325
-0.0518779
2.12325
-0.0518779
-2.10863
-0.0518779
-1.10594
-0.0518779
-1.10594
-0.0518779
-1.10594
-0.0518779
-1.10594
-0.0518779
-1.10594
-0.0518779
-1.10594
-0.0518779
-1.10594
-0.0518779
-1.10594
-0.0518779
-1.10594
-0.0518779
-1.10594
-0.0518779
-1.10594
-0.0518779
-1.10594
-0.0518779
-1.10594
-0.0518779
-1.10594
-0.0518779
-1.10594
-0.0518779
-1.10594
-0.0518779
-1.10594
-0.0518779
0.221044
-0.0518779
0.221044
-0.0518779
0.221044
-0.0518779
0.221044
-0.0518779
0.221044
-0.0518779
0.221044
-0.0518779
-1.61864
-0.0518779
-1.61864
-0.0518779
1.00681
-0.0518779
1.00681
-0.0518779
1.00681
-0.0518779
1.00681
-0.0518779
-0.716594
-0.0518779
-0.716594
-0.0518779
-0.716594
-0.0518779
-0.716594
-0.0518779
0.803597
-0.0518779
0.803597
-0.0518779
0.803597
-0.0518779
0.803597
-0.0518779
0.803597
0.157579
0.803597
0.157579
0.803597
0.157579
0.803597
0.157579
0.803597
0.157579
0.803597
0.157579
0.803597
0.157579
0.468586
0.157579
0.468586
0.157579
0.00542989
0.157579
0.00542989
0.157579
0.00542989
1.00483
0.00542989
1.00483
0.00542989
0.0812347
0.00542989
0.0812347
0.00542989
0.0812347
0.00542989
0.0812347
0.00542989
0.0812347
0.00542989
0.0812347
0.00542989
0.0812347
0.00542989
0.0812347
0.00542989
0.0812347
0.00542989
0.0812347
0.00542989
0.0812347
0.00542989
0.0812347
0.00542989
0.0812347
0.00542989
0.0812347
0.00542989
0.0812347
0.00542989
0.0812347
0.00542989
0.0812347
0.00542989
0.0812347
0.00542989
0.0812347
0.00542989
1.25335
0.00542989
1.25335
0.00542989
1.25335
0.00542989
1.25335
0.00542989
-0.962157
0.00542989
-0.962157
0.00542989
-0.42552
0.00542989
-0.42552
-0.388751
-0.42552
-0.388751
-0.42552
-0.388751
-0.42552
-0.388751
-0.42552
-0.388751
-0.42552
-0.388751
-0.42552
-0.388751
-0.42552
-0.388751
-0.42552
-0.388751
-0.42552
-0.388751
-0.42552
-0.388751
-0.42552
-0.388751
-0.42552
-0.388751
-0.42552
-0.388751
-0.42552
-0.388751
-0.42552
-0.388751
-0.42552
-0.388751
-0.42552
-0.388751
-0.42552
-0.388751
-0.42552
-0.388751
-0.42552
-0.388751
-0.42552
-0.388751
-0.42552
-0.388751
-0.42552
-0.388751
-0.42552
-0.388751
-0.42552
-0.388751
-0.42552
-0.388751
-0.42552
-0.388751
-0.42552
-0.388751
-0.42552
-0.388751
-0.42552
-0.388751
-0.42552
-0.388751
-0.42552
-0.388751
-0.42552
-0.388751
-0.42552
-0.388751
-0.42552
-0.388751
-0.485165
-0.388751
-0.485165
-0.388751
-0.485165
-0.388751
-0.485165
-0.388751
-0.226748
-0.388751
-0.226748
-0.388751
-0.226748
-0.388751
-0.226748
-0.388751
-0.226748
-0.388751
-0.226748
-0.388751
-0.226748
-0.388751
-0.226748
-0.388751
-0.226748
-0.388751
-0.226748
-0.388751
-0.226748
-0.388751
-0.226748
-0.388751
-0.226748
-0.388751
-0.226748
0.165798
-0.226748
0.165798
-0.226748
0.165798
-0.226748
0.165798
-0.226748
0.165798
-0.226748
0.165798
-0.226748
0.165798
-0.226748
0.165798
-0.226748
0.165798
-0.226748
0.165798
-0.226748
0.165798
-0.226748
0.00959744
-0.432071
0.00959744
-0.432071
0.00959744
-0.432071
0.00959744
-0.432071
0.00959744
-0.432071
0.00959744
-0.432071
0.208048
-0.432071
0.208048
-0.432071
0.208048
-0.432071
0.208048
-0.432071
0.208048
-0.432071
0.208048
-0.432071
0.336793
-0.432071
0.336793
-0.432071
0.336793
-0.432071
0.336793
-0.432071
0.336793
-0.432071
0.336793
-0.134285
0.336793
-0.134285
0.336793
-0.134285
0.336793
-0.134285
0.336793
-0.134285
0.336793
-0.134285
0.336793
-0.134285
0.336793
0.435042
0.336793
0.435042
0.336793
0.435042
0.336793
0.435042
0.336793
0.435042
0.336793
0.435042
0.336793
0.435042
0.336793
0.435042
0.336793
0.435042
0.336793
0.435042
0.336793
0.435042
0.336793
0.435042
0.336793
0.435042
0.336793
0.435042
0.336793
0.435042
0.336793
0.435042
0.310147
0.435042
0.268364
0.435042
0.268364
0.435042
0.268364
0.435042
0.268364
0.435042
0.268364
0.435042
0.268364
0.435042
0.268364
0.435042
0.268364
0.435042
0.268364
0.435042
0.268364
0.435042
0.268364
0.435042
0.268364
0.435042
0.268364
0.435042
0.268364
0.435042
0.268364
0.435042
0.0934657
0.435042
0.0934657
0.435042
0.0934657
0.435042
0.0934657
0.435042
0.0934657
0.435042
0.0934657
0.435042
0.0934657
0.435042
0.0934657
0.435042
0.0934657
0.435042
0.0934657
0.201768
0.0934657
0.201768
0.0934657
0.201768
0.0934657
0.201768
-0.329363
0.201768
-0.329363
0.201768
-0.329363
0.201768
-0.329363
0.201768
-0.329363
0.201768
-0.329363
0.201768
-0.329363
0.201768
-0.329363
0.201768
-0.329363
0.201768
-0.329363
0.201768
-0.329363
0.201768
-0.329363
0.201768
-0.329363
0.201768
-0.329363
0.201768
-0.329363
0.201768
-0.329363
0.201768
-0.329363
0.201768
-0.329363
0.201768
-0.329363
0.201768
-0.329363
0.201768
-0.329363
0.201768
-0.329363
0.201768
-0.329363
0.201768
-0.329363
0.624903
-0.329363
0.624903
-0.329363
0.624903
-0.329363
0.406119
-0.329363
0.406119
-0.329363
0.406119
-0.329363
0.406119
-0.329363
0.406119
-0.329363
0.406119
-0.329363
0.406119
-0.329363
0.406119
-0.329363
0.406119
-0.329363
0.406119
-0.329363
0.406119
-0.329363
0.406119
-0.329363
0.252729
-0.329363
0.252729
-0.329363
0.252729
-0.329363
0.252729
0.315735
-0.566717
0.315735
-0.566717
0.315735
-0.566717
-0.092864
-0.566717
-0.092864
-0.566717
-0.092864
0.556963
-0.092864
0.472231
-0.092864
0.472231
-0.092864
0.472231
-0.092864
0.472231
-0.092864
0.472231
-0.092864
0.472231
-0.092864
0.472231
-0.092864
0.472231
-0.092864
0.472231
-0.092864
0.472231
-0.092864
0.472231
-0.092864
0.472231
-0.092864
0.472231
-0.092864
0.472231
-0.092864
0.472231
-0.092864
0.472231
-0.092864
-0.527092
-0.092864
-0.527092
-0.092864
-0.527092
-0.092864
-0.527092
-0.092864
-0.527092
-0.092864
-0.527092
-0.092864
-0.527092
-0.092864
-0.527092
-0.092864
-0.527092
-0.092864
-0.678543
-0.092864
-0.678543
-0.092864
-0.678543
-0.092864
-0.678543
-0.092864
-0.542363
-0.092864
-0.542363
-0.092864
-0.542363
-0.092864
-0.542363
-0.092864
-0.542363
-0.092864
-0.542363
-0.0988185
-0.542363
-0.0988185
-0.542363
-0.0988185
-0.542363
-0.0988185
-0.54863
-0.0988185
-0.54863
-0.0988185
-0.54863
-0.0988185
-0.54863
-0.0988185
-0.54863
0.130074
-0.54863
0.130074
-0.54863
0.130074
-0.0152803
0.130074
-0.0152803
0.130074
-0.0152803
0.130074
-0.0152803
0.130074
-0.409689
0.130074
-0.409689
0.130074
-0.409689
0.130074
-0.409689
0.130074
-0.409689
0.130074
-0.409689
0.130074
-0.409689
0.130074
-0.409689
0.130074
-0.409689
0.130074
-0.409689
0.130074
-0.409689
0.130074
-0.409689
0.571004
-0.409689
0.571004
-0.409689
0.571004
-0.409689
0.571004
-0.409689
-0.0965748
-0.409689
-0.0965748
-0.409689
-0.0965748
-0.409689
-0.0965748
-0.409689
-0.0965748
-0.409689
-0.0965748
-0.647942
-0.0965748
-0.647942
-0.0965748
-0.647942
-0.0965748
-0.647942
-0.0965748
-0.647942
-0.0965748
-0.647942
-0.0965748
-0.647942
-0.0965748
-0.647942
-0.0965748
-0.647942
-0.0965748
-0.647942
-0.0965748
1.46964
-0.0965748
1.46964
-0.0965748
-0.539648
-0.0965748
-0.539648
-0.0965748
-0.539648
-0.0965748
-0.539648
-0.0965748
0.852791
-0.0965748
0.852791
-0.0965748
0.852791
-0.0965748
0.852791
-0.0965748
0.852791
-0.0965748
0.852791
-0.0965748
0.852791
-0.0965748
0.852791
-0.0965748
0.852791
-0.0965748
-0.222774
-0.0965748
-0.222774
-0.0965748
-0.222774
-0.0965748
-0.222774
-0.0965748
-0.222774
-0.0965748
-0.222774
-0.0965748
-0.222774
-0.0965748
-0.222774
-0.0965748
-0.222774
-0.0965748
-0.222774
-0.0965748
-0.222774
-0.0965748
-0.354316
-0.0965748
-0.354316
0.0736276
-0.354316
0.0736276
-0.354316
0.0736276
-0.354316
0.0736276
-0.354316
0.0736276
-0.354316
0.0736276
0.161376
0.0736276
0.161376
0.0736276
0.161376
0.135942
0.161376
0.135942
0.161376
0.135942
0.161376
0.135942
0.161376
0.135942
0.161376
0.135942
0.161376
0.135942
0.161376
0.135942
0.161376
0.850783
0.161376
0.850783
0.161376
0.850783
0.161376
0.850783
0.161376
0.850783
0.161376
0.850783
0.161376
0.850783
0.161376
0.850783
0.161376
0.850783
0.161376
0.850783
0.161376
0.850783
0.161376
0.850783
0.161376
0.850783
0.161376
0.850783
0.161376
0.498588
0.161376
0.498588
0.161376
0.262478
0.161376
-0.656865
0.161376
-0.656865
0.161376
-0.656865
0.161376
0.192855
0.161376
0.192855
0.161376
0.192855
0.260533
0.192855
0.260533
0.192855
0.260533
0.192855
0.260533
-0.365525
0.260533
-0.365525
0.260533
-0.365525
0.260533
-0.365525
0.260533
-0.365525
0.260533
-0.365525
0.260533
-0.365525
0.260533
-0.365525
0.260533
-0.365525
0.260533
-0.365525
0.260533
-0.365525
0.260533
-0.365525
0.260533
-0.365525
0.260533
-0.296096
0.260533
-0.296096
0.260533
-0.296096
0.260533
-0.296096
0.260533
-0.296096
0.260533
-0.502929
0.260533
-0.502929
0.260533
-0.502929
0.260533
-0.502929
0.052861
-0.502929
0.052861
-0.502929
0.052861
-0.502929
0.052861
-0.502929
0.052861
-0.502929
0.052861
-0.502929
0.052861
-0.502929
0.052861
-0.502929
0.052861
-0.502929
0.052861
-0.231022
0.052861
-0.231022
0.052861
-0.231022
0.052861
1.33526
0.052861
-2.20534
0.052861
-2.20534
0.052861
-2.20534
0.052861
-2.20534
0.052861
-2.20534
0.052861
-2.20534
0.052861
-2.20534
0.052861
-2.20534
0.052861
-2.20534
0.052861
-2.20534
0.052861
-1.6988
0.052861
-1.6988
0.052861
-1.6988
0.052861
-1.6988
0.052861
-1.6988
0.052861
-1.60447
0.052861
-1.60447
0.052861
-1.60447
0.052861
1.32789
0.052861
-1.39165
0.052861
-1.39165
0.052861
-1.6791
0.052861
-1.6791
0.052861
-1.6791
0.052861
-1.6791
0.052861
-1.6791
0.052861
-1.6791
0.052861
-0.714599
0.052861
-0.714599
0.052861
-0.714599
0.052861
-0.714599
0.052861
-0.714599
0.052861
-0.5633
0.052861
-0.5633
0.052861
-0.5633
0.052861
-0.5633
0.052861
-0.5633
0.052861
-0.5633
0.052861
-0.5633
0.052861
-0.5633
0.052861
-0.5633
0.052861
-0.5633
0.052861
-0.5633
0.052861
-0.5633
0.052861
-0.5633
0.052861
-1.03538
0.052861
1.14121
0.052861
1.14121
0.052861
1.14121
0.052861
1.14121
0.052861
-1.96961
0.052861
-1.96961
0.052861
-0.841545
0.052861
-0.841545
0.052861
-0.841545
0.052861
-0.841545
0.052861
-0.841545
0.052861
-0.841545
0.052861
0.113825
0.052861
0.113825
0.052861
0.113825
0.052861
0.113825
0.052861
0.063543
0.052861
0.063543
0.052861
-0.616339
0.052861
-0.616339
0.052861
-0.616339
0.052861
-0.616339
0.052861
-0.616339
0.052861
-0.616339
0.052861
-0.616339
0.052861
-0.616339
0.052861
-0.616339
0.052861
-0.616339
0.052861
-0.616339
0.052861
-0.616339
0.052861
-0.616339
0.052861
-0.616339
0.052861
0.969187
0.052861
-1.64506
0.052861
-0.230308
0.052861
-0.230308
0.052861
-0.292532
0.052861
-0.292532
0.052861
-0.292532
0.052861
1.3883
0.052861
1.3883
0.052861
1.3883
0.052861
1.3883
0.052861
1.3883
0.052861
0.114946
0.052861
0.114946
-0.148043
0.114946
-0.148043
0.114946
-0.148043
-0.13052
-0.148043
-0.13052
-0.148043
-0.13052
-0.148043
-0.110571
-0.148043
-0.110571
-0.148043
-0.110571
-0.148043
-0.110571
-0.148043
-0.110571
-0.148043
-0.110571
-0.148043
-0.110571
-0.148043
-0.110571
-0.148043
-0.110571
-0.148043
-0.110571
-0.148043
-0.110571
-0.148043
-0.110571
-0.148043
-0.110571
-0.148043
-0.110571
-0.148043
-0.110571
0.707876
-0.110571
0.707876
-0.110571
0.707876
-0.110571
0.707876
-0.110571
-0.371294
-0.110571
0.325874
-0.110571
0.325874
-0.110571
0.325874
-0.110571
0.325874
-0.110571
0.325874
-0.110571
0.325874
-0.110571
0.325874
-0.110571
0.325874
-0.110571
0.325874
-0.110571
0.325874
-0.345495
0.325874
-0.345495
0.325874
-0.345495
0.325874
-0.345495
0.325874
-0.345495
0.325874
-0.345495
0.325874
-0.345495
0.325874
-0.345495
0.325874
-0.345495
0.325874
-0.345495
0.325874
-0.345495
0.325874
-0.345495
0.325874
-0.345495
0.325874
-0.345495
0.325874
-0.345495
0.325874
-0.345495
0.325874
-0.345495
0.325874
-0.345495
0.325874
-0.345495
0.325874
0.0536663
0.325874
-0.243776
0.325874
-0.243776
0.325874
-0.243776
0.325874
-0.243776
0.325874
-0.243776
0.325874
0.409359
0.325874
0.409359
0.325874
0.409359
0.325874
0.409359
-0.127571
0.409359
-0.127571
0.409359
-0.127571
0.409359
-0.127571
0.409359
-0.127571
0.409359
-0.127571
0.409359
-0.127571
0.409359
-0.127571
0.409359
0.16141
0.409359
0.16141
0.409359
0.16141
0.409359
0.16141
0.409359
0.16141
0.409359
0.16141
0.409359
0.16141
0.409359
0.16141
0.409359
0.16141
0.409359
0.16141
0.409359
0.0885015
0.409359
0.0885015
0.409359
0.0885015
0.409359
0.0885015
0.409359
0.0885015
0.409359
0.0885015
0.409359
0.0885015
0.409359
0.0885015
0.409359
0.0885015
0.409359
0.0885015
0.409359
0.0885015
0.409359
0.0885015
0.409359
0.0885015
0.409359
0.0885015
0.409359
0.0885015
0.409359
0.0885015
0.409359
0.0885015
0.409359
0.0885015
0.409359
0.0885015
0.409359
0.0885015
0.409359
0.0885015
0.409359
0.0885015
0.409359
0.0885015
0.409359
0.0885015
0.409359
0.0885015
0.409359
0.0885015
0.597055
0.0885015
0.597055
0.0885015
0.597055
0.0885015
0.597055
0.0885015
-1.44916
0.0885015
1.01066
0.0885015
1.01066
0.0885015
1.01066
0.0885015
1.01066
0.0885015
1.01066
0.0885015
1.01066
0.0885015
1.01066
0.0885015
1.01066
0.0885015
1.01066
0.0885015
1.38443
0.0885015
-2.15767
0.0885015
-2.15767
0.0885015
-2.15767
0.0885015
-2.15767
0.0885015
-2.15767
0.0885015
-1.78215
0.0885015
-1.78215
0.0885015
-1.78215
0.0885015
-1.78215
0.0885015
-1.78215
0.0885015
0.406767
0.0885015
0.406767
0.0885015
0.406767
0.0885015
0.406767
0.0885015
0.406767
0.0885015
0.406767
0.0885015
0.406767
0.0885015
0.406767
0.0885015
0.480835
0.0885015
0.480835
0.0885015
0.480835
0.0885015
0.480835
0.0885015
0.480835
0.0885015
-2.14394
0.0885015
-2.14394
0.0885015
-0.745809
0.0885015
-0.0539126
0.0885015
-0.0539126
0.0885015
-0.0539126
0.0885015
-0.0539126
0.0885015
-0.0539126
0.0885015
-0.0539126
0.0885015
-0.0539126
0.0885015
-0.0539126
0.0885015
-0.0539126
0.0885015
-0.0539126
0.0885015
-0.0539126
0.0885015
-0.0539126
0.0885015
-0.0539126
0.0885015
-0.0539126
0.0793517
-0.424623
0.0793517
-0.424623
0.0793517
-0.424623
0.0793517
-0.424623
0.0793517
-0.424623
0.0793517
-0.424623
0.0793517
-0.424623
0.0793517
-0.424623
0.0793517
-0.424623
0.0793517
-0.102208
0.0793517
-0.102208
0.0793517
-0.102208
0.0793517
-0.102208
0.0793517
-0.575283
0.0793517
-0.575283
0.0793517
-0.575283
0.0793517
-0.575283
0.0793517
-0.575283
0.0793517
-0.575283
0.0793517
-0.575283
0.0793517
-0.575283
0.0793517
-0.575283
0.0793517
-0.575283
0.0793517
-0.575283
0.0793517
-0.575283
0.0793517
-0.575283
0.0793517
-0.575283
0.0793517
-0.575283
0.0793517
-0.575283
0.0793517
-0.575283
0.0793517
-0.575283
0.0793517
-0.575283
0.0793517
-0.575283
0.0793517
-0.575283
0.0793517
-1.29168
0.0793517
-1.29168
0.0793517
-1.29168
0.0793517
1.32939
0.0793517
1.32939
0.0793517
0.939603
0.0793517
0.939603
0.0793517
0.939603
0.0793517
0.424606
0.0793517
0.424606
0.0793517
0.424606
0.0793517
0.424606
0.0793517
0.424606
0.0793517
0.424606
-0.315793
0.424606
-0.315793
0.424606
-0.315793
0.424606
-0.315793
0.424606
-0.315793
0.424606
-0.315793
0.424606
-0.315793
0.424606
-0.315793
0.424606
-0.315793
0.424606
-0.315793
0.424606
-0.315793
0.424606
-0.315793
0.424606
-0.315793
0.424606
-0.315793
0.424606
-0.315793
0.424606
-0.315793
0.428531
-0.315793
0.428531
-0.315793
0.428531
-0.315793
0.38103
-0.315793
0.38103
-0.315793
0.38103
-0.315793
0.38103
-0.315793
0.38103
-0.315793
0.38103
-0.315793
0.38103
-0.315793
0.38103
-0.315793
0.379548
-0.315793
0.379548
-0.315793
0.379548
-0.315793
0.379548
-0.315793
0.379548
-0.315793
0.379548
-0.315793
0.379548
-0.315793
0.379548
-0.315793
0.379548
-0.315793
0.379548
-0.315793
0.379548
-0.315793
0.379548
-0.315793
0.379548
-0.315793
0.379548
-0.315793
0.379548
-0.315793
0.379548
-0.315793
0.411028
-0.315793
0.411028
-0.315793
0.411028
-0.315793
0.411028
-0.315793
0.411028
-0.315793
0.411028
-0.315793
0.411028
0.490541
0.411028
0.490541
0.411028
0.490541
0.411028
0.490541
0.411028
-0.820229
0.411028
-0.820229
0.411028
-0.820229
0.411028
0.57044
0.411028
0.57044
0.411028
0.57044
0.411028
0.57044
0.411028
0.57044
0.411028
0.57044
0.411028
0.57044
0.411028
0.57044
0.411028
0.57044
0.411028
0.57044
0.411028
0.57044
0.411028
0.57044
0.411028
0.57044
0.411028
0.57044
0.411028
0.57044
0.411028
0.57044
0.411028
0.57044
0.411028
0.57044
0.411028
0.57044
0.411028
0.57044
0.411028
0.57044
0.411028
0.57044
0.411028
0.57044
0.411028
0.57044
0.411028
-0.499413
0.411028
-0.237077
0.411028
-0.237077
0.411028
-0.237077
0.411028
-0.237077
0.411028
-0.237077
0.411028
-0.237077
0.411028
-0.237077
0.411028
-0.237077
0.346259
-0.237077
0.346259
-0.237077
0.346259
-0.237077
0.346259
-0.237077
0.346259
-0.237077
0.346259
-0.237077
0.346259
-0.237077
0.346259
-0.237077
0.346259
-0.237077
0.346259
-0.237077
0.346259
-0.237077
0.346259
-0.264559
0.346259
-0.264559
0.346259
-0.264559
0.346259
-0.264559
0.346259
-0.264559
0.346259
-0.264559
0.346259
-0.264559
0.346259
-0.264559
0.346259
-0.264559
0.196928
-0.264559
0.196928
0.169866
0.196928
0.169866
0.196928
0.169866
0.196928
0.169866
0.3351
0.169866
0.3351
0.169866
0.3351
0.532306
0.3351
0.532306
0.3351
0.532306
0.3351
0.532306
0.3351
0.532306
-0.318795
0.532306
-0.318795
0.532306
-0.318795
0.532306
-0.318795
0.532306
-0.318795
0.532306
-0.318795
0.532306
-0.318795
0.532306
-0.191029
0.532306
-0.191029
0.532306
-0.191029
0.532306
-0.191029
0.532306
-0.191029
0.532306
-0.191029
0.532306
-0.191029
0.532306
-0.191029
0.532306
-0.191029
0.532306
-0.191029
0.532306
-0.191029
0.532306
-0.150323
-0.459058
-0.150323
-0.459058
-0.150323
-0.459058
-0.150323
-0.459058
-0.150323
-0.459058
-0.150323
-0.459058
-0.150323
-0.459058
-0.150323
0.019074
-0.150323
0.019074
-0.150323
0.019074
-0.150323
0.019074
-0.150323
0.019074
-0.150323
0.019074
-0.150323
0.019074
-0.150323
0.019074
1.4532
0.019074
2.1962
0.019074
2.1962
0.019074
-0.747942
0.019074
-0.747942
0.019074
-0.747942
0.019074
-0.747942
0.019074
-0.620308
0.019074
-0.620308
0.019074
-0.620308
0.019074
0.801891
0.019074
0.801891
0.019074
0.801891
0.019074
0.801891
0.019074
0.801891
0.019074
0.801891
0.019074
0.801891
0.019074
0.801891
0.019074
0.801891
0.019074
0.801891
0.019074
0.801891
0.019074
0.801891
0.019074
0.801891
0.019074
1.26888
0.019074
1.26888
0.019074
1.26888
0.019074
1.26888
0.019074
1.26888
0.019074
0.63581
0.019074
0.63581
0.019074
0.63581
0.019074
0.63581
0.019074
0.63581
0.019074
-0.106858
0.019074
-0.106858
0.019074
-1.20998
0.019074
-1.20998
0.019074
-1.20998
0.019074
-1.20998
0.019074
-1.20998
0.019074
-1.20998
0.019074
-1.20998
0.019074
0.903045
0.019074
0.903045
0.019074
0.903045
0.0106641
1.18892
0.0106641
1.18892
0.0106641
1.18892
0.0106641
1.18892
0.0106641
1.18892
0.0106641
1.18892
0.0106641
1.18892
0.0106641
1.18892
0.0106641
1.18892
0.0106641
-1.06047
0.0106641
-1.06047
0.0106641
-1.06047
0.0106641
-1.06047
0.0106641
-1.06047
0.0106641
0.441007
0.0106641
-0.542552
0.0106641
-0.542552
0.0106641
-0.542552
0.0106641
1.09404
0.0106641
1.09404
0.0106641
1.09404
0.0106641
1.09404
0.0106641
1.09404
0.0106641
1.09404
0.0106641
2.50612
0.0106641
2.64235
0.0106641
-3.36771
0.0106641
1.32466
0.0106641
1.32466
0.0106641
1.32466
0.0106641
2.15949
0.0106641
2.15949
0.0106641
2.15949
0.0106641
2.15949
0.0106641
2.15949
0.0106641
2.15949
0.0106641
1.18195
0.0106641
1.18195
0.0106641
1.18195
0.0106641
1.18195
0.0106641
0.69148
0.0106641
0.69148
0.0106641
0.69148
0.0106641
0.69148
0.0106641
0.69148
0.0106641
0.69148
0.0106641
0.69148
0.0106641
0.69148
0.0106641
0.69148
0.0106641
0.69148
0.0106641
0.69148
0.0106641
0.69148
0.0106641
0.69148
0.0106641
0.69148
0.0106641
-0.52083
0.0106641
-0.52083
0.100749
-0.52083
0.100749
-0.52083
0.100749
-0.52083
0.100749
-0.52083
0.100749
-0.52083
0.100749
-0.52083
0.100749
-0.52083
0.100749
-0.52083
0.100749
-0.52083
0.100749
-0.52083
0.100749
-0.299213
0.100749
-0.299213
0.100749
-0.299213
0.100749
-0.299213
0.100749
-0.299213
0.100749
-0.299213
0.100749
-0.299213
0.100749
-0.299213
0.100749
-0.299213
0.100749
-0.299213
0.100749
-0.299213
0.100749
-0.299213
0.100749
-0.299213
0.100749
-0.299213
0.100749
0.654725
0.100749
0.256446
0.100749
-0.388788
0.100749
1.96128
0.100749
0.645978
0.100749
0.310855
0.630028
0.310855
0.630028
0.310855
-0.697504
0.310855
-0.212518
-0.571562
-0.212518
-0.571562
-0.212518
-0.571562
-0.212518
-0.571562
-0.212518
-0.571562
-0.212518
-0.571562
-0.212518
-0.571562
-0.212518
-0.571562
-0.212518
-0.571562
-0.212518
-0.571562
-0.212518
-0.571562
-0.212518
-0.571562
-0.212518
-0.571562
0.255737
-0.571562
0.255737
-0.571562
0.255737
-0.571562
2.58185e-05
-0.941959
2.58185e-05
-0.941959
2.58185e-05
-0.941959
2.58185e-05
-0.941959
2.58185e-05
0.895661
2.58185e-05
0.895661
2.58185e-05
0.895661
2.58185e-05
0.895661
2.58185e-05
1.29528
2.58185e-05
1.29528
2.58185e-05
1.29528
2.58185e-05
0.447212
2.58185e-05
0.447212
-0.0680629
0.447212
-0.0680629
0.447212
-0.0680629
0.447212
-0.0680629
0.447212
-0.0680629
0.447212
-0.0680629
0.447212
-0.0680629
0.447212
-0.0680629
-1.15771
-0.0680629
-1.15771
-0.0680629
-1.15771
-0.0680629
-0.677062
-0.0680629
-0.677062
-0.0680629
-0.677062
-0.0680629
-0.677062
-0.0680629
1.17578
-0.0680629
1.17578
-0.0680629
1.17578
-0.0680629
1.17578
-0.0680629
1.17578
-0.0680629
0.835744
-0.0680629
0.835744
-0.0680629
0.835744
-0.0680629
0.708282
-0.0680629
0.708282
-0.0680629
0.708282
-0.0680629
0.708282
-0.0680629
0.708282
-0.0680629
0.708282
-0.0680629
0.740126
-0.0680629
0.740126
-0.0680629
-0.267323
-0.0680629
-0.267323
-0.0680629
-0.267323
-0.0680629
-0.267323
-0.0680629
-0.267323
-0.0680629
-0.267323
-0.0680629
-0.267323
-0.0680629
-0.267323
-0.0680629
0.178625
-0.0680629
0.178625
-0.0680629
0.178625
-0.0680629
0.178625
-0.0680629
0.178625
-0.0680629
0.178625
-0.419644
0.178625
-0.419644
0.178625
-0.407106
0.178625
-0.407106
0.178625
-0.407106
0.178625
-0.407106
0.178625
-0.407106
0.178625
-0.407106
0.178625
-0.407106
0.178625
-0.407106
0.178625
-0.10706
0.178625
-0.10706
0.445425
-0.10706
-0.15794
-0.10706
-0.15794
-0.10706
-0.15794
-0.10706
-0.15794
-0.10706
-0.15794
-0.10706
-0.15794
-0.10706
-0.15794
-0.10706
-0.15794
-0.10706
-0.15794
-0.10706
-0.15794
-0.10706
-0.15794
-0.10706
-0.15794
-0.10706
-0.15794
-0.10706
-0.15794
-0.10706
-0.15794
-0.10706
-0.15794
-0.10706
-0.15794
-0.10706
0.399783
-0.10706
0.399783
-0.10706
0.399783
-0.10706
0.399783
-0.10706
0.410423
-0.10706
0.410423
-0.10706
0.0398224
-0.10706
0.0398224
-0.10706
0.0398224
-0.10706
0.0398224
-0.10706
0.0398224
-0.10706
0.0398224
-0.10706
0.0398224
-0.10706
0.0398224
-0.10706
0.0398224
-0.10706
0.0398224
-0.10706
0.0398224
-0.10706
0.0398224
-0.10706
0.0398224
-0.10706
0.0398224
-0.10706
-0.167995
-0.10706
-0.167995
-0.10706
0.155347
-0.10706
0.155347
-0.10706
0.155347
-0.664123
0.155347
-0.664123
0.155347
-0.664123
0.155347
-0.664123
0.155347
-0.664123
0.155347
-0.664123
0.155347
-0.664123
0.155347
-0.664123
0.155347
-0.664123
0.155347
-0.664123
0.155347
-0.664123
0.155347
-0.664123
0.155347
-0.664123
0.155347
-0.664123
0.155347
-0.664123
0.155347
-0.664123
0.155347
-0.664123
0.155347
-0.664123
0.155347
0.942278
0.155347
0.982132
0.155347
-0.155119
0.155347
-0.155119
0.155347
-0.155119
0.155347
-0.155119
0.155347
-0.155119
0.155347
-0.155119
0.155347
-0.155119
0.155347
-0.155119
0.155347
-0.155119
0.155347
-0.155119
0.155347
-0.155119
0.155347
-0.155119
0.641032
-0.155119
0.484688
-0.155119
0.484688
-0.155119
0.484688
-0.155119
0.484688
-0.155119
0.484688
-0.155119
0.484688
-0.155119
0.484688
-0.155119
0.448283
-0.155119
0.448283
-0.155119
0.448283
-0.155119
0.448283
-0.155119
0.448283
-0.155119
0.448283
-0.0354744
-1.47212
-0.0354744
-1.47212
-0.0354744
-1.47212
-0.0354744
-1.47212
-0.0354744
1.63223
-0.0354744
1.63223
-0.0354744
1.63223
-0.0354744
1.63223
-0.0354744
1.63223
-0.0354744
1.63223
-0.0354744
1.63223
-0.0354744
1.63223
-0.0354744
1.53315
-0.0354744
1.53315
-0.0354744
0.0525026
-0.0354744
0.0525026
-0.0354744
0.0525026
-0.0354744
0.5328
-0.0354744
0.5328
-0.0354744
0.5328
-0.0354744
0.5328
-0.0354744
0.5328
-0.0354744
0.5328
-0.0354744
-0.316327
-0.350364
-0.316327
-0.350364
-0.316327
-0.350364
-0.316327
0.283667
-0.316327
0.283667
-0.316327
0.283667
-0.316327
0.283667
-0.316327
0.283667
-0.316327
0.283667
-0.316327
0.283667
0.153306
0.283667
0.153306
0.283667
0.153306
0.283667
0.153306
0.283667
0.153306
0.283667
0.153306
0.283667
0.153306
0.283667
-0.0600625
0.283667
-0.0600625
0.283667
-0.0600625
0.283667
-0.0600625
0.283667
-0.0600625
0.283667
-0.0600625
0.283667
-0.0600625
0.283667
-0.0600625
-0.503483
-0.0600625
-0.503483
-0.0600625
-0.503483
-0.0600625
-0.0385215
-0.0600625
-0.0385215
-0.0600625
-0.0298662
-0.0600625
-0.0298662
-0.0600625
-0.0298662
-0.0600625
-0.0298662
-0.0600625
-0.0298662
-0.0600625
-0.0298662
-0.0600625
-0.0298662
-0.0600625
-0.0298662
-0.0600625
-0.0298662
-0.0600625
-0.0298662
-0.0600625
-0.0298662
-0.0600625
-0.0298662
-0.0600625
-0.0298662
-0.0600625
0.750779
-0.0600625
0.750779
-0.0600625
0.750779
-0.0600625
0.750779
-0.0600625
-1.98076
-0.0600625
-1.98076
-0.0600625
-1.98076
-0.0600625
0.374757
-0.0600625
0.374757
-0.0600625
0.374757
-0.0600625
0.374757
-0.0600625
0.374757
-0.0600625
0.595769
-0.0600625
0.595769
-0.0600625
0.595769
-0.0600625
0.595769
-0.0600625
0.595769
-0.0600625
0.595769
-0.0600625
0.595769
-0.0600625
0.595769
-0.0600625
0.595769
-0.0600625
0.595769
-0.0600625
0.595769
-0.0600625
0.595769
-0.0600625
0.595769
-0.0600625
0.595769
-0.0600625
0.595769
-0.0600625
0.595769
-0.0600625
0.595769
-0.0600625
0.595769
-0.0600625
0.595769
-0.0600625
0.595769
-0.0600625
0.595769
0.357298
0.595769
0.357298
0.595769
0.357298
0.595769
0.357298
0.595769
0.357298
0.595769
0.357298
0.595769
0.357298
0.595769
0.357298
-0.421294
0.357298
-0.421294
0.357298
-0.421294
0.357298
-0.421294
0.0167861
-0.421294
0.0167861
-0.421294
0.0167861
-0.421294
0.0167861
0.416836
0.0167861
2.5414
0.0167861
2.5414
0.0167861
2.5414
0.0167861
2.5414
0.0167861
-1.43001
0.0167861
-1.43001
0.0167861
-1.72673
0.0167861
-1.72673
0.0167861
-1.72673
0.0167861
-1.72673
0.0167861
-1.72673
0.0167861
-1.72673
0.0167861
-1.72673
0.0167861
-1.72673
0.0167861
-1.72673
0.0167861
-1.72673
0.0167861
-0.118018
0.299328
-0.118018
0.299328
-0.118018
0.299328
-0.118018
0.299328
-0.118018
0.299328
-0.118018
0.299328
-0.118018
-0.16206
-0.118018
-0.16206
-0.118018
-0.16206
-0.118018
-0.16206
-0.118018
0.544198
-0.118018
0.544198
-0.118018
0.544198
-0.118018
0.544198
-0.118018
0.544198
-0.118018
0.544198
-0.118018
-1.3437
-0.118018
-1.3437
-0.118018
-1.3437
-0.118018
-1.3437
-0.118018
-1.3437
-0.118018
-1.3437
-0.118018
-1.3437
-0.118018
-1.3437
-0.118018
-1.3437
-0.118018
0.321875
-0.118018
0.321875
-0.118018
0.321875
-0.118018
0.0716096
-0.118018
0.0716096
-0.118018
-0.402955
-0.118018
-0.402955
-0.118018
-0.402955
-0.0154097
0.997644
-0.0154097
0.997644
-0.0154097
0.997644
-0.0154097
0.997644
-0.0154097
1.51061
-0.0154097
1.51061
-0.0154097
1.51061
-0.0154097
1.51061
-0.0154097
1.51061
-0.0154097
1.51061
-0.0154097
1.51061
-0.0154097
1.51061
-0.0154097
1.51061
-0.0154097
1.51061
-0.0154097
1.51061
-0.0154097
1.51061
-0.0154097
1.51061
-0.0154097
1.51061
-0.0154097
1.51061
-0.0154097
1.51061
-0.0154097
1.51061
-0.0154097
-0.583619
-0.0154097
-0.583619
-0.20099
-0.583619
-0.20099
-0.583619
-0.20099
-0.583619
-0.20099
-0.583619
-0.20099
-0.583619
-0.20099
-0.583619
-0.20099
-0.583619
-0.20099
-0.583619
-0.20099
-0.583619
-0.20099
-0.583619
-0.20099
0.665849
-0.20099
0.665849
-0.20099
0.665849
-0.20099
0.665849
-0.20099
0.665849
-0.20099
0.665849
-0.20099
0.665849
-0.20099
0.665849
-0.20099
0.665849
-0.20099
0.665849
-0.20099
0.665849
-0.20099
0.665849
-0.20099
0.344539
-0.20099
0.344539
-0.20099
0.344539
-0.20099
0.344539
-0.20099
0.344539
-0.20099
0.344539
-0.20099
0.344539
-0.20099
0.344539
-0.20099
0.344539
-0.20099
0.344539
-0.20099
0.344539
-0.20099
0.344539
-0.20099
0.344539
-0.20099
0.344539
-0.20099
0.344539
-0.20099
0.344539
-0.20099
0.344539
-0.20099
0.344539
-0.20099
0.344539
-0.20099
0.344539
-0.20099
0.344539
-0.20099
-0.892557
-0.217183
-0.892557
-0.217183
-0.892557
-0.217183
-0.892557
-0.217183
-0.892557
-0.217183
0.806431
-0.217183
0.806431
-0.217183
0.806431
-0.217183
0.806431
-0.217183
0.806431
-0.217183
0.806431
-0.217183
-0.849207
-0.217183
-0.849207
-0.217183
-0.849207
-0.217183
-0.849207
-0.217183
-0.849207
-0.217183
-0.849207
-0.217183
-0.849207
-0.217183
0.521618
-0.217183
0.521618
-0.217183
0.521618
-0.217183
0.521618
-0.217183
0.061696
-0.217183
0.061696
-0.217183
0.061696
-0.217183
0.061696
-0.217183
0.061696
-0.217183
0.061696
-0.217183
0.061696
-0.217183
0.061696
-0.217183
0.061696
1.97295
0.061696
1.97295
0.061696
1.97295
0.061696
1.97295
0.061696
0.541353
0.061696
0.541353
0.061696
0.541353
0.061696
0.541353
0.19457
-0.517743
0.19457
-0.517743
0.19457
-0.517743
0.19457
-0.517743
0.19457
-0.517743
0.19457
-0.517743
0.19457
-0.517743
0.19457
-0.517743
0.19457
-0.517743
0.19457
-0.517743
0.19457
0.601482
0.19457
0.601482
0.19457
0.601482
0.19457
0.601482
0.19457
0.601482
0.19457
0.601482
0.19457
0.601482
0.19457
0.601482
-0.0253243
0.601482
-0.0253243
0.601482
-0.0253243
0.101105
0.307169
0.101105
0.307169
0.101105
0.307169
0.101105
0.307169
0.101105
0.307169
0.101105
0.307169
0.101105
0.307169
0.101105
0.307169
0.101105
0.307169
0.16891
0.307169
-0.0642778
-0.763689
-0.0642778
-0.763689
-0.0642778
-0.763689
-0.0642778
-0.763689
-0.0642778
-0.763689
-0.0642778
-0.763689
-0.0642778
-0.763689
-0.0642778
-0.763689
-0.0642778
-0.763689
-0.0642778
-0.763689
-0.0642778
-0.763689
-0.0642778
-0.763689
-0.0642778
-0.763689
-0.0642778
-0.763689
-0.0642778
-0.763689
-0.0320125
-0.763689
-0.0320125
-0.763689
-0.0320125
-0.763689
-0.0320125
-0.763689
-0.0638419
-0.763689
-0.0638419
-0.763689
-0.0638419
-0.763689
-0.0638419
-0.763689
-0.0638419
-0.763689
-0.0638419
-0.763689
-0.0638419
-0.763689
-0.0638419
-0.763689
-0.0638419
-0.583795
-0.0638419
-0.583795
-0.0638419
-0.583795
0.171689
-0.583795
0.171689
-0.583795
0.171689
-0.583795
0.171689
-0.583795
0.171689
-0.583795
0.171689
-0.583795
0.171689
-0.293496
0.171689
-0.293496
0.171689
-0.293496
0.171689
-0.293496
0.171689
-0.293496
0.171689
-0.293496
-0.161032
-0.293496
-0.161032
-0.293496
-0.161032
-0.293496
-0.161032
-0.293496
-0.161032
-0.293496
-0.161032
0.0633809
-0.161032
0.0633809
-0.161032
0.0633809
0.0853446
-0.129028
0.0853446
-0.129028
0.0853446
-0.129028
-2.32981
-0.129028
1.44743
-0.129028
0.674355
-0.129028
0.674355
-0.129028
0.674355
-0.129028
0.674355
-0.129028
0.674355
-0.129028
0.674355
-0.129028
0.674355
-0.129028
0.674355
-0.129028
0.674355
-0.129028
0.674355
-0.129028
0.674355
-0.129028
0.674355
-0.129028
0.674355
-0.129028
0.674355
-0.129028
0.674355
-0.129028
0.674355
-0.129028
0.674355
-0.129028
0.674355
-0.129028
0.674355
-0.129028
0.674355
-0.129028
0.674355
-0.129028
0.38991
-0.129028
0.38991
-0.129028
0.38991
-0.129028
0.38991
-0.129028
0.38991
-0.129028
0.38991
-0.129028
0.38991
-0.129028
0.38991
-0.129028
0.38991
-0.129028
1.24305
-0.129028
1.24305
-0.129028
0.733519
-0.129028
0.733519
-0.129028
0.733519
-0.129028
0.733519
-0.129028
0.733519
-0.129028
0.733519
-0.129028
0.733519
-0.129028
0.733519
-0.129028
0.733519
-0.129028
0.733519
-0.129028
0.733519
-0.129028
0.733519
-0.129028
0.733519
-0.129028
0.733519
-0.129028
0.733519
-0.129028
0.733519
-0.129028
0.733519
-0.129028
0.733519
-0.129028
0.733519
-0.129028
0.733519
-0.129028
0.733519
-0.129028
0.733519
-0.129028
0.733519
-0.129028
0.924297
-0.129028
0.924297
-0.129028
0.924297
-0.129028
0.924297
-0.129028
0.924297
-0.129028
1.04802
-0.129028
1.04802
-0.129028
1.04802
-0.129028
1.04802
-0.129028
1.35196
-0.129028
1.35196
-0.129028
1.35196
-0.129028
1.42225
-0.129028
1.42225
-0.129028
1.42225
-0.129028
1.42225
-0.129028
1.42225
-0.129028
1.42225
-0.129028
1.42225
-0.129028
1.42225
-0.129028
1.42225
-0.129028
-0.480215
-0.129028
-1.0395
-0.129028
-1.0395
-0.129028
-1.0395
-0.129028
-1.0395
-0.129028
-1.0395
-0.129028
-1.0395
-0.129028
1.1285
-0.129028
0.192149
-0.129028
0.192149
-0.129028
0.192149
-0.129028
0.791392
-0.129028
0.791392
-0.129028
0.791392
-0.129028
0.791392
-0.129028
0.791392
-0.129028
0.791392
-0.129028
0.776983
-0.129028
-1.17203
-0.129028
-1.17203
-0.129028
-1.17203
-0.129028
-1.17203
-0.129028
-1.17203
-0.129028
-1.17203
-0.129028
-1.17203
-0.129028
-1.17203
-0.129028
-1.17203
-0.129028
-1.17203
-0.129028
-1.17203
-0.0238658
-1.17203
-0.0238658
-1.17203
-0.0238658
-1.17203
-0.0238658
-1.17203
-0.0238658
-1.17203
-0.0238658
-1.17203
-0.0238658
-1.17203
-0.0238658
-1.17203
-0.0238658
-1.17203
-0.0238658
-1.17203
-0.0238658
-1.17203
-0.0238658
-1.17203
-0.0238658
-1.17203
-0.0238658
0.957909
-0.0238658
0.957909
-0.0238658
0.957909
-0.0238658
0.96244
-0.0238658
1.52091
-0.0238658
-1.38227
-0.0238658
-1.38227
-0.0238658
-1.38227
-0.0238658
-1.38227
-0.0238658
-1.38227
-0.0238658
-0.208142
-0.0238658
-0.208142
-0.0238658
0.118122
-0.0238658
0.118122
-0.0238658
0.118122
-0.0238658
-0.64653
-0.0238658
-0.64653
-0.0238658
-0.64653
-0.0238658
-0.64653
-0.0238658
-0.64653
-0.0238658
-1.04794
-0.0238658
-1.04794
-0.0238658
-1.04794
-0.0238658
-0.863018
-0.0238658
2.33941
-0.0238658
2.33941
-0.0238658
2.33941
-0.0238658
2.33941
-0.0238658
2.33941
-0.0238658
2.33941
-0.0238658
1.64591
-0.0238658
0.124494
-0.0238658
0.124494
-0.0238658
0.124494
-0.0238658
0.124494
-0.347927
0.124494
-0.347927
0.124494
-0.0779455
0.124494
-0.0779455
0.124494
-0.0779455
0.124494
-0.0779455
0.124494
-0.0779455
0.124494
-0.0779455
0.124494
-0.0779455
0.124494
-0.0779455
0.124494
-0.0779455
0.124494
-0.0779455
0.124494
-0.0779455
0.124494
-0.0779455
0.124494
-0.0779455
0.124494
0.816805
0.124494
0.816805
0.124494
0.816805
0.124494
0.816805
0.124494
0.816805
0.124494
0.816805
0.124494
0.816805
0.124494
0.816805
0.124494
-1.27202
0.124494
1.40753
0.124494
1.40753
0.124494
1.40753
0.124494
-0.445104
0.124494
-0.445104
0.124494
-0.445104
0.124494
-0.445104
0.124494
-0.445104
0.124494
-0.445104
0.124494
-0.445104
0.124494
-0.445104
0.124494
-0.445104
0.124494
-0.445104
0.124494
-0.459169
0.124494
-0.459169
0.124494
-0.459169
0.124494
0.279681
0.124494
0.279681
0.124494
0.279681
0.124494
1.28542
0.124494
-0.447238
0.124494
-0.447238
0.124494
-0.447238
0.124494
-0.447238
0.124494
-0.447238
0.124494
-0.447238
0.124494
-0.447238
-0.2227
-0.447238
-0.2227
-0.615548
-0.2227
-0.615548
-0.2227
-0.615548
-0.2227
-0.615548
-0.2227
-0.0240226
-1.16176
-0.0240226
0.935293
-0.0240226
-1.552
-0.0240226
-1.681
-0.0240226
-1.681
-0.0240226
-1.681
-0.0240226
-1.681
-0.0240226
0.647604
-0.0240226
0.647604
-0.0240226
-0.588298
-0.0240226
-0.588298
-0.0240226
-0.588298
-0.0240226
-0.588298
-0.0240226
1.48379
-0.0240226
1.48379
-0.0240226
1.48379
-0.0240226
1.48379
-0.0240226
1.48379
-0.0240226
-1.52333
0.081005
0.972904
0.081005
-0.211391
0.081005
-0.211391
0.081005
-0.211391
0.081005
-0.211391
0.081005
-0.211391
0.081005
0.712772
0.081005
0.712772
0.081005
0.712772
0.081005
0.712772
0.081005
0.712772
0.081005
0.712772
0.081005
0.712772
0.081005
0.712772
0.081005
0.712772
0.081005
0.712772
0.081005
-1.1078
0.081005
-1.1078
0.081005
-1.1078
0.081005
-1.1078
0.081005
-1.1078
0.081005
-0.821633
0.081005
-0.821633
0.081005
-0.821633
0.081005
-0.821633
0.081005
-0.821633
0.081005
-0.821633
0.081005
-0.821633
0.081005
0.353878
0.081005
-0.850043
0.081005
0.435992
0.081005
0.435992
0.081005
0.435992
0.081005
0.435992
-0.364179
0.435992
-0.364179
0.435992
-0.364179
0.435992
-0.364179
0.435992
-0.364179
0.435992
-0.364179
0.435992
-0.364179
0.435992
-0.364179
0.435992
-0.364179
0.435992
-0.364179
0.435992
-0.364179
0.435992
-0.364179
0.435992
-0.364179
0.435992
-0.364179
0.435992
-0.364179
0.435992
-0.364179
0.435992
-0.364179
0.435992
-0.520479
0.435992
-0.520479
-0.161187
-0.520479
-0.161187
-0.520479
-0.161187
-0.520479
-0.161187
-0.520479
0.257892
-0.520479
0.257892
-0.520479
-0.138413
-0.452574
0.339442
-0.452574
0.339442
-0.452574
0.339442
-0.452574
0.339442
-0.452574
0.339442
0.465764
0.339442
0.465764
0.339442
0.465764
0.339442
0.465764
0.339442
-0.42555
0.339442
-0.42555
0.339442
-0.42555
0.339442
-0.42555
0.339442
-0.42555
0.339442
-0.42555
0.339442
-0.42555
0.339442
-0.42555
0.339442
-0.42555
0.339442
-0.42555
0.339442
-0.42555
0.339442
-0.42555
0.339442
-0.42555
0.339442
-0.42555
0.339442
-0.42555
0.339442
-0.42555
0.339442
0.314235
0.339442
0.314235
0.339442
0.0979057
0.339442
0.0979057
0.339442
0.0979057
0.339442
0.0979057
0.339442
0.0979057
0.339442
0.0979057
0.339442
0.0979057
0.339442
0.0979057
0.339442
0.0979057
0.339442
0.0979057
0.339442
0.0979057
0.339442
0.0979057
0.339442
0.0979057
0.339442
0.0979057
0.339442
0.0979057
0.339442
0.0979057
0.339442
0.0979057
0.339442
0.0979057
0.339442
0.0979057
0.339442
0.0979057
0.27561
0.0979057
0.27561
0.0979057
0.27561
0.0979057
0.27561
0.0979057
0.27561
0.0979057
0.27561
0.0979057
0.27561
0.0979057
0.27561
0.0979057
0.459296
0.0979057
0.459296
0.0979057
0.366443
0.0979057
0.366443
0.0979057
0.366443
0.0979057
0.366443
0.0979057
0.366443
0.0979057
-0.230554
-0.209119
-0.230554
-0.209119
-0.230554
-0.209119
-0.230554
-0.209119
-0.230554
-0.209119
-0.230554
-0.209119
-0.265538
-0.209119
-0.265538
-0.209119
-0.265538
-0.209119
-0.265538
-0.209119
-0.265538
-0.209119
-0.265538
-0.209119
-0.265538
0.265958
-0.265538
0.265958
-0.265538
0.265958
-0.265538
0.265958
-0.265538
0.265958
-0.265538
0.265958
-0.265538
0.265958
-0.265538
0.265958
-0.265538
0.265958
-0.265538
0.265958
-0.265538
0.265958
-0.265538
0.265958
-0.265538
0.265958
-0.265538
0.265958
-0.265538
0.265958
-0.265538
0.265958
-0.265538
0.265958
0.31802
0.265958
0.31802
0.265958
0.31802
0.265958
0.31802
0.265958
0.31802
0.265958
0.31802
0.265958
0.31802
0.265958
0.31802
0.265958
0.31802
-0.388793
0.31802
-0.388793
0.31802
-0.388793
0.31802
-0.388793
0.31802
-0.388793
0.31802
-0.388793
0.31802
-0.388793
0.31802
-0.388793
0.31802
-0.388793
0.31802
-0.388793
0.31802
-0.388793
0.31802
-0.388793
0.31802
-0.388793
0.31802
-0.388793
0.31802
-0.388793
0.31802
0.26078
0.31802
0.26078
0.31802
0.26078
0.31802
0.26078
0.31802
0.26078
0.31802
0.26078
0.31802
0.26078
0.31802
0.26078
0.31802
0.26078
0.31802
0.26078
0.31802
0.26078
0.31802
0.26078
0.31802
0.26078
0.31802
0.26078
0.31802
0.26078
0.31802
0.26078
0.31802
0.26078
0.31802
0.26078
0.31802
0.26078
0.31802
0.26078
0.31802
0.26078
0.31802
0.26078
0.31802
0.26078
0.0930503
0.26078
0.0930503
0.26078
0.0930503
-0.564591
0.0930503
1.24153
0.0930503
1.24153
0.0930503
1.24153
0.0930503
1.24153
0.0930503
-0.774389
0.0930503
-0.774389
0.0930503
0.973926
0.0930503
0.733739
0.0930503
0.733739
0.0930503
0.733739
0.0930503
0.484148
0.0930503
0.484148
0.0930503
0.484148
0.0930503
0.484148
0.0930503
0.504642
0.0930503
0.504642
0.0930503
0.402926
0.00539629
0.402926
0.19005
0.402926
0.19005
0.402926
0.19005
0.402926
0.19005
0.402926
0.19005
0.402926
0.19005
0.402926
0.19005
0.402926
0.19005
0.402926
-0.179321
0.902073
-0.179321
0.902073
-0.148431
0.902073
-0.148431
1.20338
-0.148431
1.20338
-0.148431
1.20338
-0.148431
1.20338
-0.148431
1.20338
-0.148431
-0.838855
-0.148431
-0.838855
-0.148431
-0.838855
-0.148431
-0.838855
-0.148431
-0.838855
-0.148431
-0.838855
-0.148431
-1.2718
-0.148431
-1.2718
-0.148431
-1.2718
-0.148431
-1.2718
-0.148431
-1.2718
-0.148431
-1.2718
-0.148431
-1.2718
-0.148431
-1.2718
-0.148431
0.593797
-0.148431
0.593797
0.343173
0.593797
0.167349
0.593797
0.167349
-0.87786
0.167349
-0.87786
0.167349
1.05865
0.167349
1.11387
0.167349
1.11387
0.167349
1.11387
0.167349
-0.205936
0.167349
-0.205936
0.167349
-0.205936
0.167349
-0.205936
0.167349
-0.205936
0.167349
-0.205936
-0.05685
-0.696008
-0.05685
-0.696008
-0.05685
-0.696008
-0.05685
-0.696008
-0.05685
-1.1606
-0.05685
-1.1606
-0.05685
-1.1606
-0.05685
-1.1606
-0.05685
-1.1606
-0.05685
1.18791
-0.05685
1.18791
-0.05685
1.18791
-0.05685
1.18791
-0.05685
1.18791
0.111025
1.18791
0.111025
1.18791
0.111025
1.18791
0.111025
1.18791
0.111025
0.649165
0.111025
0.649165
0.111025
0.649165
0.111025
1.07061
0.111025
1.07061
0.111025
1.07061
0.111025
1.07061
0.111025
1.07061
0.111025
1.07061
0.111025
1.07061
0.111025
1.07061
0.111025
1.07061
0.111025
1.07061
0.111025
1.07061
0.111025
-1.11919
0.111025
-1.11919
0.111025
0.383442
0.111025
0.383442
0.111025
0.383442
0.111025
0.383442
0.111025
0.383442
0.111025
0.383442
0.111025
0.383442
0.111025
0.383442
0.111025
-0.250672
0.111025
-0.250672
0.111025
-0.250672
0.111025
-0.250672
0.111025
-0.250672
0.111025
-0.250672
0.111025
-0.250672
0.111025
-0.250672
0.111025
-0.250672
0.111025
-0.250672
0.111025
-0.250672
0.111025
-0.250672
0.111025
-0.250672
0.111025
-0.250672
0.111025
-0.682213
0.111025
-0.682213
0.111025
-0.682213
0.111025
-0.682213
0.111025
-0.682213
0.111025
0.0176202
0.111025
0.0176202
0.111025
0.0176202
0.839514
0.0176202
0.839514
0.0176202
0.839514
0.0176202
1.38044
0.0176202
1.38044
0.0176202
1.38044
0.0176202
1.38044
0.0176202
-0.691865
0.0176202
-0.815673
0.0176202
-0.815673
0.0176202
-0.815673
0.0176202
-0.815673
0.0176202
-0.815673
0.0176202
-0.60309
0.0176202
-0.60309
0.0176202
-0.524167
0.0176202
-0.524167
0.0176202
-0.524167
0.0176202
-0.524167
0.0176202
-0.524167
0.0176202
-0.524167
0.0176202
-0.524167
0.0176202
-0.524167
0.0176202
-0.524167
0.0176202
-0.524167
0.0176202
-0.524167
0.0176202
0.712575
0.0176202
0.712575
0.0176202
0.712575
0.0176202
0.712575
0.0176202
0.712575
0.0176202
0.712575
0.0176202
0.712575
0.0176202
0.712575
0.0176202
0.712575
0.0176202
0.712575
0.0176202
0.712575
0.0176202
0.712575
0.0176202
0.712575
0.0176202
0.712575
0.0176202
0.712575
0.0176202
0.621077
0.0176202
0.621077
0.0176202
-0.858592
0.0176202
0.470187
0.0176202
-0.373637
0.0176202
-0.373637
0.0176202
0.625084
0.0176202
0.625084
0.0176202
0.625084
0.0176202
0.625084
0.0176202
0.625084
0.0176202
-0.401391
0.0176202
-0.401391
0.0176202
-0.401391
0.0176202
-0.401391
0.0176202
0.291446
0.0176202
-1.94552
0.0176202
-1.94552
0.0176202
0.474577
0.0176202
0.474577
0.0176202
-0.638491
0.0176202
-0.860183
0.0176202
-0.860183
0.0176202
-0.521315
0.0176202
-0.521315
0.0176202
-0.745505
0.0176202
-0.745505
0.0176202
-0.745505
0.0176202
-0.745505
0.0176202
-0.745505
0.0176202
-0.745505
0.0176202
-0.745505
0.0176202
-0.745505
0.0176202
-0.745505
0.0176202
-0.745505
0.0176202
1.29334
0.0176202
1.29334
0.0176202
1.29334
0.0176202
1.29334
0.0176202
1.29334
0.0176202
1.29334
0.0176202
1.29334
0.0176202
1.29334
0.0176202
1.29334
0.0176202
1.29334
0.0176202
1.29334
0.0176202
1.29334
0.0176202
1.29334
0.0176202
0.334703
0.0176202
-1.8244
0.0176202
-1.8244
0.0176202
0.00130731
0.0176202
-0.133162
0.691111
-0.133162
0.691111
-0.133162
0.691111
-0.133162
0.691111
-0.133162
0.691111
-0.133162
0.691111
-0.133162
0.691111
-0.133162
0.691111
-0.133162
0.691111
-0.133162
0.691111
-0.133162
0.691111
-0.133162
0.691111
-0.133162
0.691111
-0.133162
0.691111
-0.133162
0.691111
-0.17639
0.691111
-0.17639
0.691111
-0.17639
0.771188
-0.17639
0.771188
-0.17639
0.672988
-0.17639
0.672988
-0.236596
0.672988
-0.236596
0.672988
-0.236596
0.672988
-0.236596
0.672988
-0.236596
0.672988
-0.236596
0.672988
-0.236596
0.894262
-0.236596
0.894262
-0.236596
0.555415
-0.236596
0.555415
-0.236596
0.555415
-0.236596
0.555415
-0.236596
0.555415
-0.236596
0.555415
-0.300062
0.677344
-0.300062
0.677344
-0.300062
0.444833
-0.300062
0.444833
-0.300062
0.444833
-0.300062
0.444833
-0.300062
0.444833
-0.300062
0.444833
-0.300062
0.444833
-0.300062
0.452169
-0.300062
0.285282
-0.300062
0.285282
-0.300062
0.285282
-0.300062
0.285282
-0.300062
0.285282
-0.300062
0.285282
-0.300062
0.285282
-0.300062
0.285282
-0.300062
0.285282
-0.300062
0.285282
0.315636
0.285282
0.315636
0.285282
0.315636
0.285282
0.315636
0.285282
0.315636
0.285282
0.315636
0.285282
0.315636
0.285282
0.315636
-0.142421
0.315636
-0.142421
0.214309
-0.142421
0.214309
-0.142421
0.214309
-0.142421
0.214309
-0.142421
0.214309
-0.142421
0.214309
-0.142421
0.214309
-0.142421
1.04195
-0.142421
1.04195
-0.142421
1.04195
-0.142421
1.04195
-0.142421
1.04195
-0.142421
1.04195
-0.142421
1.04195
-0.142421
1.04195
-0.142421
1.04195
-0.142421
1.04195
-0.142421
1.04195
-0.142421
1.04195
-0.142421
1.04195
-0.142421
1.04195
-0.142421
1.04195
-0.142421
1.04195
-0.142421
1.04195
-0.142421
1.04195
-0.142421
1.04195
-0.142421
-0.836981
-0.142421
-0.836981
-0.19967
-0.836981
-0.19967
-0.836981
-0.19967
-0.836981
-0.19967
-0.836981
-0.19967
-0.836981
-0.19967
-0.836981
-0.19967
-0.836981
-0.19967
-0.836981
-0.19967
-0.836981
-0.19967
-0.836981
-0.19967
-0.836981
-0.19967
0.611682
-0.19967
0.611682
-0.19967
0.611682
-0.19967
0.611682
-0.19967
0.611682
-0.19967
0.611682
-0.19967
0.611682
-0.19967
0.611682
-0.19967
0.611682
-0.19967
0.611682
-0.19967
0.611682
-0.19967
0.611682
-0.19967
-0.02134
-1.42653
-0.02134
-1.42653
-0.02134
-1.42653
-0.02134
-1.42653
-0.02134
-1.42653
-0.02134
2.2095
-0.02134
2.2095
-0.02134
2.08677
-0.02134
2.08677
-0.02134
2.08677
-0.02134
1.76102
-0.02134
-0.85094
-0.02134
0.0828679
0.911199
0.0828679
0.911199
0.0828679
0.911199
0.0828679
0.911199
0.0828679
0.911199
0.0652478
0.911199
0.0652478
0.911199
0.0652478
0.911199
0.0652478
0.911199
0.0652478
0.911199
0.0652478
1.24138
0.0652478
1.24138
0.0652478
0.627644
0.0652478
0.627644
0.0652478
0.627644
0.0652478
0.627644
0.0652478
0.627644
0.0652478
0.627644
0.0652478
-0.676717
0.0652478
-0.676717
0.0652478
-0.676717
0.0652478
-0.843845
0.0652478
-0.843845
0.0652478
-0.875424
0.0652478
-0.875424
0.0652478
-0.875424
0.0652478
-0.875424
0.0652478
-0.875424
0.0652478
-0.875424
0.0652478
-0.875424
0.0652478
-0.875424
0.0652478
-0.875424
0.0652478
-1.15378
0.0652478
-1.15378
0.0652478
-0.221467
0.0652478
0.97752
0.0652478
0.97752
0.0652478
0.97752
0.0652478
0.97752
0.0652478
0.97752
0.0652478
0.97752
0.0652478
0.97752
0.0652478
0.97752
0.0652478
-0.315497
0.0652478
-0.315497
0.0652478
-0.315497
0.0652478
-0.315497
0.0652478
-0.315497
0.0652478
-0.315497
0.0652478
-0.315497
0.0652478
-0.315497
0.0652478
0.238408
0.0652478
0.238408
0.598777
0.238408
0.0132757
0.238408
0.0132757
0.238408
0.0132757
0.238408
0.0132757
0.238408
0.0132757
0.238408
0.0132757
-1.15289
0.0132757
-1.15289
0.0132757
-1.15289
0.0132757
-1.15289
0.0132757
-1.15289
0.0132757
2.45773
0.0132757
2.45773
0.0132757
2.45773
0.0132757
-0.12695
-0.184307
-0.12695
0.759897
-0.12695
0.759897
-0.12695
0.759897
-0.12695
0.759897
-0.12695
0.759897
-0.12695
0.759897
-0.12695
0.759897
-0.12695
0.759897
-0.12695
0.759897
-0.12695
0.759897
-0.12695
-0.767457
-0.12695
-0.767457
-0.12695
1.60134
-0.12695
1.60134
-0.12695
1.60134
-0.12695
1.60134
-0.12695
-0.809676
-0.12695
-0.809676
-0.12695
-0.809676
-0.12695
-0.809676
-0.12695
-0.809676
-0.12695
-0.809676
-0.12695
-0.809676
-0.12695
-0.809676
-0.12695
-0.809676
-0.12695
-0.809676
-0.12695
-0.809676
-0.12695
-0.809676
-0.12695
-0.809676
-0.12695
-0.809676
-0.12695
-0.809676
-0.12695
-0.809676
-0.12695
-0.809676
-0.12695
0.569865
-0.12695
0.569865
-0.12695
0.569865
-0.12695
0.569865
-0.12695
0.569865
-0.12695
0.569865
-0.12695
0.569865
-0.12695
0.569865
-0.12695
0.569865
-0.12695
0.569865
-0.12695
-0.0518137
-0.00123208
-0.354021
-0.00123208
-0.354021
-0.00123208
-0.354021
-0.00123208
-0.354021
-0.00123208
-0.354021
-0.00123208
-1.00643
-0.00123208
-0.958343
-0.00123208
-0.958343
-0.00123208
-0.958343
-0.00123208
-0.958343
-0.00123208
-0.958343
-0.00123208
-0.958343
-0.00123208
-0.958343
-0.00123208
-0.958343
-0.00123208
-0.958343
-0.00123208
-0.958343
-0.00123208
-0.958343
-0.00123208
-0.958343
-0.00123208
-0.958343
-0.00123208
-0.958343
-0.00123208
-0.958343
-0.00123208
-0.958343
-0.00123208
-0.958343
-0.00123208
0.134395
-0.00123208
0.134395
-0.00123208
0.134395
-0.00123208
0.134395
-0.00123208
0.134395
-0.00123208
0.134395
0.165131
0.134395
0.253067
0.134395
0.253067
0.134395
0.253067
0.134395
0.253067
0.134395
0.253067
0.134395
0.253067
0.134395
-0.220994
0.130302
-0.220994
0.130302
-0.220994
0.130302
-0.379228
0.130302
-0.379228
0.130302
-0.379228
0.130302
-0.379228
0.130302
-0.379228
0.130302
-0.0437078
0.130302
-0.0437078
0.130302
-0.0437078
0.130302
-0.0437078
0.863669
-0.0437078
-0.193836
-0.0253634
-0.193836
-0.0253634
-0.193836
-0.0253634
-0.580263
-0.0253634
-0.580263
-0.0253634
-0.580263
-0.0253634
-0.580263
-0.0253634
-0.0847202
-0.0253634
-0.0847202
-0.0253634
1.45332
-0.0253634
1.45332
-0.0253634
1.45332
-0.0253634
1.45332
-0.0253634
1.45332
-0.0253634
1.45332
-0.0253634
1.45332
-0.0253634
1.45332
-0.0253634
1.45332
-0.0253634
1.45332
-0.0253634
2.15188
-0.0253634
0.86203
-0.0253634
0.86203
-0.0253634
0.86203
-0.0253634
0.86203
-0.0253634
0.86203
-0.0253634
0.86203
-0.0253634
0.86203
-0.0253634
0.86203
-0.0253634
0.86203
-0.0253634
0.86203
-0.0253634
-0.158618
-0.0253634
1.41683
-0.0253634
1.41683
-0.0253634
1.01399
-0.0253634
1.01399
-0.0253634
1.01399
-0.0253634
1.01399
-0.0253634
1.01399
-0.0253634
1.01399
-0.0253634
1.01399
-0.0253634
1.01399
-0.0253634
-1.76815
-0.0253634
-1.76815
-0.0253634
0.494179
-0.0253634
0.494179
-0.0253634
0.494179
-0.0253634
0.494179
-0.0253634
0.494179
-0.0253634
0.390223
-0.0253634
0.390223
-0.0253634
0.855306
-0.0253634
0.855306
-0.0253634
0.855306
-0.0253634
0.855306
-0.0253634
0.955197
-0.0253634
-1.65917
-0.0253634
-1.65917
-0.0253634
1.21175
-0.0253634
1.21175
-0.0253634
1.21175
-0.0253634
1.21175
-0.0253634
2.06461
-0.0253634
1.40789
-0.0253634
-0.00902165
-0.0253634
-0.00902165
-0.0253634
-0.00902165
-0.0253634
-0.00902165
-0.0253634
0.829668
-0.0253634
0.829668
-0.0253634
0.0909622
-0.0253634
0.451542
-0.0253634
0.451542
-0.0253634
0.451542
-0.0253634
0.451542
-0.0253634
0.451542
-0.0253634
0.451542
-0.0253634
0.451542
-0.0253634
0.451542
-0.0253634
0.852188
-0.0253634
-0.906897
-0.0253634
-0.906897
-0.0253634
-0.404369
-0.0253634
-0.404369
-0.0253634
-0.404369
-0.0253634
-0.404369
-0.0253634
-0.404369
-0.0253634
-0.321627
-0.0253634
-0.321627
-0.0253634
-0.321627
-0.0253634
-0.321627
-0.0253634
-0.321627
-0.0253634
-0.321627
-0.0253634
-0.321627
-0.0253634
0.437891
-0.0253634
0.499672
-0.0253634
0.499672
-0.0253634
0.499672
-0.0253634
0.499672
-0.0253634
0.499672
-0.0253634
0.499672
-0.0253634
0.417552
-0.0253634
0.417552
-0.0253634
0.417552
-0.0253634
0.417552
-0.0253634
0.763154
-0.0253634
0.763154
-0.0253634
0.402813
-0.0253634
-0.665572
-0.0253634
-0.665572
-0.0253634
-0.665572
-0.0253634
-0.665572
-0.0253634
-0.665572
-0.0253634
-0.665572
-0.0253634
-0.665572
-0.0253634
-0.665572
-0.0253634
0.915913
-0.0253634
0.792467
-0.0253634
0.792467
-0.0253634
0.792467
-0.0253634
-1.08322
-0.0253634
0.691508
-0.0253634
0.164498
-0.0253634
0.164498
-0.0253634
0.164498
-0.0253634
0.164498
-0.0253634
0.164498
-0.0253634
0.164498
-0.0253634
0.164498
-0.0253634
0.164498
-0.656816
0.164498
-0.656816
-0.0743162
-0.656816
-0.0743162
-0.656816
-0.0743162
-0.656816
-0.0743162
-0.656816
-0.0743162
-0.656816
-0.0743162
-0.656816
-0.0743162
-0.656816
-0.0743162
-0.656816
-0.0743162
-0.656816
-0.0743162
-0.656816
-0.0743162
-0.656816
-0.0743162
-0.656816
-0.0743162
-0.656816
-0.0743162
-0.656816
-0.0743162
0.565077
-0.0743162
0.565077
-0.0743162
0.565077
-0.0743162
1.10631
-0.0743162
1.10631
-0.0743162
1.10631
-0.0743162
1.10631
-0.0743162
1.10631
-0.0743162
1.10631
-0.0743162
1.10631
-0.0743162
1.10631
-0.0743162
1.10631
-0.0743162
1.10631
-0.0743162
1.10631
-0.0743162
1.10631
-0.0743162
0.943214
-0.0743162
0.943214
-0.0743162
0.943214
-0.0743162
-1.7174
-0.0743162
-1.7174
-0.0743162
-1.7174
-0.0743162
-1.7174
-0.0743162
-1.7174
-0.0743162
-1.7174
-0.0743162
-1.7174
-0.0743162
-1.7174
-0.0743162
-1.7174
-0.0743162
1.56783
-0.0743162
-1.39802
-0.0743162
0.958485
-0.0743162
1.88154
-0.0743162
-1.51859
-0.0743162
-1.51859
-0.0743162
-1.51859
-0.0743162
1.44563
-0.0743162
2.24477
-0.0743162
1.28622
-0.0743162
1.28622
-0.0743162
1.0198
-0.0743162
1.0198
-0.0743162
-0.0926696
-0.0743162
-0.0926696
-0.0743162
-0.0926696
-0.0743162
-0.0926696
-0.0743162
-0.642167
-0.0743162
-0.642167
-0.0743162
-0.73377
-0.0743162
-0.73377
-0.0743162
-0.73377
-0.0743162
-0.73377
-0.0743162
-0.73377
-0.0743162
-0.217408
-0.0743162
0.8541
-0.0743162
0.8541
-0.0743162
0.8541
-0.0743162
0.8541
-0.0743162
0.8541
-0.0743162
0.8541
-0.0743162
0.8541
-0.0743162
0.8541
-0.0743162
0.8541
-0.0743162
0.8541
-0.0743162
0.8541
-0.0743162
0.8541
-0.0743162
0.8541
-0.0743162
0.8541
-0.0743162
0.8541
-0.0743162
0.8541
-0.0743162
0.8541
-0.0743162
-1.38522
-0.0743162
-1.38522
-0.0743162
-1.38522
-0.0743162
-1.38522
-0.0743162
-1.38522
-0.0743162
-1.38522
-0.0743162
-1.38522
-0.0743162
-1.38522
-0.0743162
-1.38522
-0.0743162
-1.2103
-0.0743162
-1.2103
-0.0743162
-1.2103
-0.0743162
-1.2103
-0.0743162
-1.2103
-0.0743162
-1.2103
-0.0743162
-1.2103
-0.0743162
-1.2103
-0.0743162
-1.2103
-0.0743162
-1.2103
-0.0743162
-1.2103
-0.0743162
0.481342
-0.0743162
0.749501
-0.0743162
0.749501
-0.0743162
0.749501
-0.0743162
0.749501
-0.0743162
-0.555537
-0.0743162
-0.555537
-0.0743162
-0.555537
-0.0743162
-0.555537
-0.0743162
-0.555537
-0.0743162
-0.555537
-0.0743162
-0.555537
-0.0743162
0.814359
-0.0743162
0.814359
-0.0743162
0.516374
-0.0743162
0.516374
-0.0743162
0.516374
-0.0743162
0.516374
-0.0743162
0.516374
-0.0743162
0.516374
-0.0743162
0.516374
-0.0743162
0.516374
-0.0743162
0.516374
-0.0743162
0.516374
-0.0743162
0.516374
0.030626
0.516374
0.030626
0.78687
0.030626
0.78687
0.030626
0.78687
0.030626
0.182471
0.030626
-1.03413
0.030626
-1.03413
0.030626
-1.03413
0.030626
0.422135
0.030626
0.422135
0.030626
1.31903
0.030626
0.477316
0.030626
0.477316
0.030626
0.477316
0.030626
0.477316
0.030626
-1.51885
0.030626
1.02252
0.030626
1.02252
0.030626
1.02252
0.030626
-2.11382
0.030626
-2.11382
0.030626
-2.11382
0.030626
-2.11382
0.030626
-2.11382
0.030626
-0.0516694
0.030626
-0.466048
0.030626
-0.517259
0.030626
-0.517259
0.030626
-0.517259
0.030626
-0.517259
0.030626
-0.517259
0.030626
-0.517259
0.030626
-0.517259
0.0298444
-0.517259
0.0298444
-0.517259
0.256756
-0.517259
0.256756
-0.517259
0.256756
-0.517259
0.256756
-0.517259
0.256756
-0.517259
0.256756
-0.517259
0.256756
-0.517259
0.256756
-0.517259
0.256756
-0.517259
0.256756
-0.517259
0.256756
-0.517259
0.256756
-0.517259
0.256756
-0.517259
0.256756
-0.517259
0.256756
-0.517259
0.256756
-0.517259
0.256756
-0.517259
0.256756
-0.517259
-0.338143
-0.517259
-0.338143
-0.517259
-0.338143
-0.517259
-0.338143
-0.517259
-0.338143
-0.517259
-0.338143
-0.517259
-0.338143
-0.517259
-0.338143
-0.517259
-0.338143
-0.517259
-0.338143
-0.517259
-0.338143
-0.517259
-0.338143
-0.517259
-0.338143
-0.517259
-0.338143
-0.517259
-0.338143
-0.517259
-0.338143
-0.517259
-0.338143
-0.517259
-0.338143
-0.517259
-0.402323
-0.517259
-0.402323
-0.517259
-0.402323
-0.517259
-0.402323
-0.517259
-0.402323
-0.517259
-0.402323
-0.517259
-0.402323
-0.517259
-0.402323
-0.517259
-0.402323
-0.517259
-0.402323
-0.517259
-0.402323
-0.517259
-0.402323
-0.517259
-0.402323
-0.517259
-0.402323
0.319168
-0.0916116
0.319168
-0.0916116
0.319168
-0.0916116
-0.385367
-0.0916116
-0.385367
-0.0916116
-0.385367
-0.0916116
-0.385367
-0.0916116
-0.385367
-0.0916116
-0.385367
-0.0916116
-0.385367
-0.0916116
-0.385367
-0.0916116
-0.385367
-0.0916116
-0.385367
-0.0916116
-0.385367
-0.0916116
-0.385367
-0.0916116
-0.385367
-0.0916116
-0.385367
-0.0916116
-0.385367
-0.0916116
-0.385367
-0.0916116
-0.385367
-0.0916116
-0.385367
-0.0916116
-0.385367
-0.443598
0.266334
-0.443598
0.266334
-0.443598
0.266334
-0.443598
0.266334
-0.443598
0.266334
-0.443598
0.266334
-0.443598
0.266334
-0.443598
0.266334
-0.443598
0.266334
-0.443598
0.266334
0.317338
0.266334
0.317338
0.296732
0.317338
0.296732
0.317338
0.296732
0.317338
0.306896
0.317338
0.306896
0.317338
0.306896
0.317338
0.306896
0.317338
0.306896
0.317338
0.306896
0.317338
0.306896
0.317338
0.306896
0.317338
-0.0646357
0.902783
-0.0646357
0.902783
-0.0646357
-0.847032
-0.0646357
-0.847032
-0.0646357
-0.0376011
-0.0646357
-0.0376011
-0.405094
-0.0376011
-0.405094
-0.0376011
-0.550212
-0.0376011
-0.550212
-0.0376011
-0.550212
-0.0376011
-0.550212
-0.0376011
-0.550212
-0.0376011
-0.550212
-0.0376011
-0.550212
-0.0376011
-0.550212
-0.0376011
-0.550212
-0.0376011
-0.550212
-0.0857668
-0.7848
-0.0857668
-0.7848
-0.0857668
-0.7848
-0.0857668
-0.7848
-0.0857668
-0.7848
-0.0857668
-0.7848
-0.0857668
-0.7848
-0.0857668
-1.27922
-0.0857668
0.661236
-0.0857668
0.661236
-0.0857668
0.661236
-0.0857668
0.661236
-0.0857668
0.661236
-0.0857668
0.523913
-0.0857668
0.523913
-0.0857668
0.523913
-0.0857668
0.0223485
-0.0857668
0.0223485
1.11792
0.0223485
1.11792
0.0223485
1.11792
0.0223485
1.11792
0.0223485
1.11792
0.0223485
1.11792
0.0223485
1.11792
0.0223485
-1.07802
0.0223485
-0.570983
0.0223485
-0.570983
0.0223485
-0.570983
0.0223485
-0.570983
0.051949
-0.570983
0.051949
-0.570983
0.051949
-0.493849
0.051949
-0.493849
0.051949
-0.493849
0.051949
-0.493849
0.051949
-0.493849
0.051949
-0.493849
0.051949
-0.493849
0.051949
-0.493849
0.051949
-0.493849
0.051949
-0.493849
0.051949
-0.493849
0.051949
-0.493849
0.051949
0.102008
0.051949
0.102008
0.351542
0.102008
0.351542
0.102008
-0.882269
0.102008
-0.882269
0.102008
-0.882269
0.102008
-0.882269
0.102008
-0.882269
0.102008
-0.882269
0.102008
-0.882269
0.102008
-0.882269
0.102008
-0.882269
0.102008
-0.882269
0.102008
-0.882269
0.102008
-0.882269
0.102008
-0.882269
0.102008
-0.882269
0.102008
-0.882269
0.102008
-0.882269
0.102008
-0.882269
0.102008
-0.882269
0.102008
-0.795757
0.102008
-0.795757
0.102008
-0.795757
-0.0845707
-0.795757
-0.0845707
-0.795757
-0.0845707
-0.609066
-0.0845707
-0.609066
-0.0845707
-0.609066
-0.0845707
-0.609066
-0.0845707
-0.609066
-0.0845707
-0.609066
-0.0845707
0.0423172
-0.0845707
0.0423172
-0.569523
0.0423172
-0.569523
0.0423172
-0.569523
0.0423172
-0.569523
0.0423172
-0.493718
0.0423172
-0.832175
0.0423172
-0.832175
0.0423172
-0.832175
0.0423172
-0.832175
0.0423172
-0.832175
0.0423172
-0.832175
0.0423172
-0.832175
0.0423172
-0.832175
0.0423172
-0.49843
0.0423172
-0.49843
0.0423172
-0.49843
0.0423172
-0.49843
0.0423172
-0.49843
0.0423172
0.121948
0.0423172
0.121948
-0.0226982
0.121948
-0.0226982
1.08897
-0.0226982
1.08897
-0.0226982
1.08897
-0.0226982
1.08897
-0.0226982
1.08897
-0.0226982
1.08897
-0.0226982
1.08897
-0.0226982
1.08897
-0.0226982
-1.43504
-0.0226982
-1.43504
-0.0226982
-1.43504
-0.0226982
-1.43504
-0.0226982
-1.43504
-0.0226982
-1.43504
-0.0226982
-1.43504
-0.0226982
-1.43504
-0.0226982
-1.43504
-0.0226982
-0.566338
-0.0226982
0.005364
-0.0226982
0.005364
-0.0226982
0.005364
-0.0226982
0.005364
-0.0226982
0.005364
-0.0226982
0.005364
-0.0226982
0.005364
-0.0226982
0.005364
-0.0226982
0.005364
-0.0226982
0.005364
-0.0226982
0.005364
-0.0226982
0.005364
-0.0226982
0.005364
-0.0226982
0.005364
-0.0226982
0.005364
-0.0226982
0.414768
-0.0226982
0.682089
-0.0226982
0.682089
-0.0226982
0.682089
-0.0226982
0.682089
-0.0226982
0.682089
-0.0226982
0.682089
-0.0226982
-1.26133
-0.0226982
-1.26133
-0.0226982
-1.81632
-0.0226982
-1.81632
-0.0226982
-0.7679
-0.0226982
-0.752835
-0.0226982
-0.257751
-0.0226982
-0.257751
-0.0226982
2.39783
-0.0226982
-2.56576
-0.0226982
-2.56576
-0.0226982
1.12264
-0.0226982
1.12264
-0.0226982
1.12264
-0.0226982
1.12264
-0.0226982
-1.36662
-0.0226982
-1.36662
-0.0226982
-1.36662
-0.0226982
0.96667
-0.0226982
0.96667
-0.0226982
0.96667
-0.0226982
0.96667
-0.0226982
2.06646
-0.0226982
2.06646
-0.0226982
2.75312
-0.0226982
2.75312
-0.0226982
2.034
-0.0226982
-2.61949
-0.0226982
-2.61949
-0.0226982
-2.61949
-0.0226982
-2.61949
-0.0226982
-2.61949
-0.0226982
-2.61949
-0.0226982
-2.61949
-0.0226982
0.320323
-0.0226982
0.320323
-0.0226982
0.320323
-0.0226982
0.320323
-0.0226982
0.320323
-0.0226982
0.320323
-0.0226982
0.320323
-0.0226982
0.320323
-0.0226982
0.320323
-0.0226982
0.320323
-0.0226982
0.320323
-0.0226982
-0.905242
-0.0226982
-0.905242
-0.0226982
-0.905242
-0.0226982
-0.905242
-0.0226982
-0.905242
-0.0226982
0.0300926
-0.0226982
0.0300926
-0.0226982
0.0300926
-0.0226982
0.0300926
-0.0226982
2.34573
-0.0226982
2.34573
-0.0226982
2.34573
-0.0226982
2.34573
-0.0226982
2.34573
-0.0226982
0.0468927
-0.0226982
0.0468927
-0.0226982
0.0468927
-0.0226982
-0.0844678
-1.34847
-0.0844678
0.31436
-0.0844678
0.31436
-0.0844678
0.31436
-0.0844678
0.31436
-0.0844678
0.31436
-0.0844678
0.31436
-0.0844678
0.31436
-0.0844678
0.31436
-0.0844678
0.31436
-0.0844678
0.31436
-0.0844678
0.31436
-0.0844678
0.31436
-0.0844678
0.31436
-0.0844678
0.31436
-0.0844678
0.31436
-0.0844678
0.31436
-0.0844678
0.31436
-0.0844678
0.31436
-0.0844678
0.31436
-0.0844678
-1.78668
-0.0844678
-1.78668
-0.0844678
-1.78668
-0.0844678
-1.78668
-0.0844678
-1.78668
-0.0844678
-1.78668
-0.0844678
-1.78668
-0.0844678
-1.78668
-0.0844678
-0.638505
-0.0844678
-0.638505
-0.0844678
-0.638505
-0.0844678
-0.638505
-0.0844678
-0.638505
-0.0844678
1.11043
-0.0844678
1.11043
-0.0844678
1.11043
-0.0844678
0.761188
-0.0844678
-1.08548
-0.0844678
-1.08548
-0.0844678
-1.08548
-0.0844678
-1.08548
-0.0844678
0.628663
-0.0844678
-1.16937
-0.0844678
-2.3127
-0.0844678
-2.3127
-0.0844678
-1.73548
-0.0844678
-1.73548
-0.0844678
-1.73548
-0.0844678
-1.73548
-0.0844678
-1.73548
-0.0844678
-1.73548
-0.0844678
-1.73548
-0.0844678
-1.73548
-0.0844678
-1.73548
-0.0844678
0.360808
0.0155054
0.360808
0.0155054
0.360808
0.0155054
-0.193983
0.0155054
-0.193983
0.0155054
-1.70918
0.0155054
-0.2152
0.0155054
-0.2152
0.0155054
0.864458
0.0155054
0.864458
0.0155054
0.896323
0.0155054
0.896323
0.0155054
0.896323
0.0155054
1.07394
0.0155054
1.07394
0.0155054
1.07394
0.0155054
0.619678
0.0155054
0.619678
0.0155054
0.619678
0.0155054
-1.66911
0.0155054
-1.66911
0.0155054
-1.66911
0.0155054
-1.66911
0.0155054
-1.66911
0.0155054
-1.66911
0.0155054
0.180644
0.0155054
0.180644
0.0155054
0.180644
0.0155054
0.180644
-0.0602918
0.180644
-0.0602918
0.180644
-0.0602918
0.180644
-0.0602918
0.180644
-0.0602918
0.180644
0.352385
0.180644
0.352385
0.180644
0.352385
0.180644
0.142266
0.180644
0.142266
0.180644
0.142266
0.180644
0.142266
0.180644
0.142266
0.180644
0.142266
0.180644
0.142266
0.180644
0.142266
0.180644
0.142266
0.180644
0.142266
0.180644
0.142266
0.180644
0.142266
0.180644
0.142266
0.180644
0.142266
0.180644
0.142266
0.180644
0.142266
0.180644
0.142266
0.180644
0.142266
0.180644
0.142266
0.180644
0.142266
0.180644
0.142266
0.180644
0.142266
0.180644
0.142266
1.4015
0.142266
1.4015
0.142266
1.4015
0.142266
1.4015
0.142266
1.52665
0.142266
1.52665
0.142266
1.37393
0.142266
1.37393
0.142266
0.239847
0.142266
0.239847
0.142266
0.239847
0.142266
0.239847
0.142266
0.239847
0.142266
0.239847
0.142266
-0.164414
0.142266
-0.164414
0.142266
-0.164414
0.142266
-0.164414
0.142266
-0.164414
0.142266
-0.164414
0.142266
-0.164414
0.142266
-0.164414
0.142266
-0.164414
0.142266
-0.164414
0.142266
-0.164414
0.142266
-0.164414
0.142266
-0.164414
-0.0462886
-0.371988
-0.0462886
-0.371988
-0.0462886
-0.371988
-0.0462886
-0.344492
-0.0462886
-0.344492
-0.0462886
-0.0101001
-0.0462886
-0.0101001
-0.0462886
-0.0101001
-0.0462886
-0.0101001
-0.0462886
-0.0101001
-0.0462886
-0.0101001
-0.0462886
-0.878239
-0.0462886
0.484963
-0.0462886
0.484963
-0.0462886
0.484963
-0.197938
0.402733
-0.197938
0.402733
-0.197938
0.402733
-0.197938
0.402733
-0.197938
0.402733
-0.187554
0.402733
-0.187554
0.402733
-0.187554
-0.764866
-0.187554
-0.764866
-0.187554
-0.764866
-0.187554
-0.764866
-0.187554
-0.764866
-0.187554
-0.764866
-0.187554
-0.764866
-0.187554
-0.764866
-0.130772
0.790268
-0.130772
0.790268
-0.130772
0.790268
-0.130772
0.790268
-0.130772
0.790268
-0.130772
0.790268
-0.130772
0.790268
-0.130772
0.648123
-0.130772
0.648123
-0.130772
0.648123
-0.130772
0.648123
-0.130772
0.648123
-0.130772
-0.118234
-0.130772
-0.118234
-0.130772
-0.118234
-0.134135
-0.118234
-0.134135
-0.404405
-0.134135
-0.404405
-0.134135
-0.404405
-0.134135
-0.404405
-0.134135
0.428215
-0.134135
0.428215
-0.134135
0.428215
-0.134135
0.428215
-0.134135
0.428215
-0.134135
0.428215
-0.134135
0.428215
-0.134135
0.428215
-0.134135
0.428215
-0.134135
0.428215
-0.134135
0.428215
-0.134135
0.428215
-0.134135
0.428215
-0.134135
0.428215
-0.134135
0.428215
-0.134135
0.428215
-0.134135
0.428215
-0.134135
0.428215
-0.134135
0.428215
-0.134135
0.428215
-0.134135
0.428215
-0.134135
0.428215
-0.134135
0.428215
-0.134135
0.428215
-0.134135
0.428215
-0.134135
0.428215
-0.134135
0.460224
-0.134135
0.460224
-0.134135
0.460224
-0.134135
0.460224
-0.134135
0.460224
-0.134135
0.460224
-0.134135
0.460224
-0.134135
0.460224
-0.134135
0.460224
-0.221335
0.460224
-0.221335
0.460224
-0.0494496
0.460224
-0.0494496
0.460224
-0.0494496
0.460224
-0.0494496
0.460224
-0.0494496
0.460224
-0.0494496
0.460224
-0.0494496
0.460224
-0.0494496
0.460224
-0.0494496
0.460224
-0.0494496
0.336283
-0.0494496
-0.0343953
-0.0494496
-0.0343953
-0.0494496
-0.0343953
0.0249666
-0.0343953
0.0249666
-0.0343953
0.0249666
-0.0343953
0.0249666
-0.0343953
0.0249666
-0.0343953
0.0249666
-0.0343953
0.0249666
-0.0343953
0.0249666
-0.0343953
0.0249666
-0.0343953
0.0249666
-0.0343953
0.0249666
-0.0343953
0.399886
-0.0343953
0.399886
-0.0343953
0.399886
-0.0343953
0.399886
-0.0343953
0.399886
-0.0343953
0.399886
-0.0343953
0.399886
-0.0343953
1.44055
-0.0343953
1.44055
-0.0343953
1.44055
-0.0343953
1.44055
-0.0343953
1.44055
-0.0343953
1.44055
-0.0343953
1.73608
-0.0343953
1.73608
-0.0343953
0.152703
-0.0343953
0.152703
-0.0343953
0.152703
-0.0343953
0.152703
-0.0343953
0.152703
-0.0343953
0.152703
-0.0343953
0.369418
-0.0343953
0.369418
-0.0343953
0.369418
-0.0343953
0.369418
-0.0343953
0.369418
-0.0343953
0.369418
-0.0343953
0.369418
-0.0343953
0.369418
-0.0343953
0.369418
-0.0343953
0.369418
-0.0343953
0.369418
-0.0343953
0.369418
-0.0343953
0.369418
-0.0343953
0.369418
-0.0343953
-1.06293
-0.0343953
-1.06293
-0.0343953
-1.06293
-0.0343953
-1.06293
-0.0343953
-1.06293
-0.0343953
1.07053
-0.0343953
1.07053
-0.0343953
0.567998
-0.0343953
0.883668
-0.0343953
0.883668
-0.0343953
0.238294
-0.0343953
0.238294
-0.0343953
-0.56949
-0.0343953
-0.307673
-0.0343953
-0.307673
-0.0343953
-0.307673
-0.0343953
-0.307673
-0.0343953
-0.307673
-0.0343953
-0.307673
-0.0343953
-0.382459
-0.0343953
-0.382459
-0.0343953
-0.382459
-0.0343953
1.3024
-0.0343953
0.948595
-0.0343953
0.948595
-0.0343953
0.738075
-0.0343953
0.738075
-0.0343953
0.738075
-0.0343953
0.738075
0.0211803
0.738075
0.0211803
0.738075
0.0211803
0.738075
0.0211803
0.738075
0.0211803
0.738075
0.0211803
0.738075
0.0211803
0.738075
0.0211803
0.738075
0.0211803
0.738075
0.0211803
0.738075
0.0211803
0.738075
0.0211803
0.0619346
0.0211803
0.597726
0.0211803
0.597726
0.0211803
1.60758
0.0211803
1.60758
0.0211803
1.60758
0.0211803
1.60758
0.0211803
-1.82575
0.0211803
-1.82575
0.0211803
-1.82575
0.0211803
-1.82575
0.0211803
-1.82575
0.0211803
-1.82575
0.0211803
-1.82575
0.0211803
0.463226
0.0211803
0.463226
0.0211803
0.463226
0.0211803
0.463226
0.0211803
-1.19499
0.0211803
-1.19499
0.0211803
-1.19499
0.0211803
-1.19499
0.0211803
-0.488079
0.0211803
-0.488079
0.0211803
-0.488079
0.0211803
-0.488079
0.0211803
-0.499305
0.0211803
-0.499305
0.0211803
-0.499305
0.0211803
-0.499305
0.0211803
-0.499305
0.0211803
-1.12721
0.0211803
-1.12721
0.0211803
0.851089
0.0211803
0.851089
0.0211803
0.851089
0.0211803
0.228839
0.0211803
0.228839
0.0211803
0.228839
0.0211803
0.228839
0.0211803
-0.904379
0.0211803
-0.904379
0.0211803
-0.904379
0.0211803
-0.904379
0.0211803
-0.904379
0.0211803
-0.904379
0.0211803
-0.904379
0.0211803
-0.904379
0.0211803
-0.904379
0.0211803
0.209861
0.0211803
0.209861
0.0211803
0.209861
0.0211803
0.209861
0.0211803
0.209861
0.0211803
0.209861
0.0211803
0.209861
0.0211803
0.209861
0.0211803
0.209861
0.0211803
0.209861
0.0211803
0.209861
0.0211803
0.209861
0.0211803
0.209861
0.0211803
0.209861
0.0211803
-0.479829
0.0211803
-0.479829
0.0211803
-0.479829
0.0211803
0.553694
0.0211803
0.553694
0.0211803
0.553694
0.0211803
0.553694
0.0211803
-0.390811
0.0211803
-0.100911
0.0211803
-0.100911
0.0211803
-0.100911
0.0211803
-0.100911
0.0211803
-0.100911
0.0211803
-0.100911
0.0211803
-0.826266
0.0211803
-0.826266
0.0211803
-0.826266
0.0211803
-0.826266
0.0211803
-0.826266
0.0211803
-1.28127
0.0211803
-1.28127
0.0211803
-1.28127
0.0211803
-1.28127
0.0211803
-1.28127
0.0211803
-1.28127
0.0211803
-1.28127
0.0211803
0.469624
0.0211803
0.469624
0.0211803
1.33547
0.0211803
1.53294
0.0211803
1.53294
0.0211803
1.53294
0.0211803
1.53294
0.0211803
1.53294
0.0211803
1.53294
0.0211803
1.53294
0.0211803
1.01343
0.0211803
1.01343
0.0211803
1.01343
0.0211803
1.26906
0.0211803
1.26906
0.0211803
1.26906
0.0211803
1.26906
0.0211803
1.26906
0.0211803
1.05124
0.0211803
1.05124
0.0211803
1.05124
0.0211803
1.05124
0.0211803
1.05124
0.0211803
1.05124
0.0211803
1.05124
0.0211803
1.05124
0.0211803
1.05124
0.0211803
1.05124
0.0211803
1.05124
0.0211803
1.05124
0.0211803
-0.730436
0.0211803
-0.730436
0.0211803
-0.766446
0.0211803
-0.766446
0.0211803
-0.766446
0.0211803
0.168056
0.0211803
0.168056
0.0211803
0.168056
0.0211803
0.168056
0.0211803
0.168056
0.0211803
-0.469124
0.0211803
-0.469124
0.0211803
-0.469124
0.0211803
-0.469124
0.0211803
-0.469124
0.0211803
-0.469124
0.0211803
0.999829
0.0211803
0.999829
0.0211803
0.999829
0.0211803
0.999829
0.0211803
0.999829
0.0211803
0.999829
0.0211803
0.999829
0.0211803
0.999829
0.0211803
0.999829
0.0211803
0.999829
0.0211803
0.999829
0.0211803
0.999829
0.0211803
0.999829
0.0211803
0.999829
0.0211803
-0.561581
0.0211803
-0.561581
0.0211803
-0.561581
0.0211803
0.378544
0.0211803
0.378544
0.0211803
0.378544
0.0211803
0.378544
0.0211803
0.378544
0.0211803
0.378544
0.0211803
-1.33371
0.0211803
-1.33371
0.0211803
-1.33371
0.0211803
-1.33371
0.0211803
-1.33371
0.0211803
-1.33371
0.0211803
-1.33371
0.0211803
1.30674
0.0211803
1.16143
0.0211803
1.16143
0.0211803
-0.444278
0.0211803
-0.444278
0.0211803
-0.444278
0.0211803
-2.1261
0.0211803
-2.1261
0.0211803
-2.1261
0.0211803
-2.1261
0.0211803
-2.1261
0.0211803
-2.1261
0.0211803
0.268693
0.0211803
0.268693
0.0211803
0.268693
-0.0535366
0.268693
-0.0535366
0.268693
-0.0535366
-1.44837
-0.0535366
-1.44837
-0.0535366
-0.155373
-0.0535366
-0.155373
-0.0535366
-0.155373
-0.0535366
-0.155373
-0.0535366
-0.155373
-0.0535366
-0.155373
-0.0535366
-0.155373
-0.0535366
-0.155373
-0.0535366
-0.155373
-0.0535366
-0.155373
-0.0535366
-0.155373
-0.0535366
-0.155373
-0.0535366
-0.155373
0.419344
-0.155373
0.419344
-0.155373
0.419344
-0.155373
0.419344
-0.155373
0.419344
-0.155373
0.419344
-0.155373
0.419344
-0.155373
0.419344
-0.155373
0.419344
-0.155373
0.419344
-0.155373
0.419344
-0.155373
0.419344
-0.155373
0.419344
-0.155373
0.419344
-0.155373
0.419344
-0.155373
0.419344
-0.155373
0.419344
-0.155373
0.419344
-0.155373
0.419344
-0.155373
0.419344
-0.155373
0.419344
-0.155373
0.419344
-0.155373
0.419344
-0.155373
0.419344
-0.155373
0.419344
-0.155373
-1.00093
-0.155373
-0.763602
-0.155373
0.40527
-0.155373
-0.353479
-0.155373
-0.353479
-0.155373
-0.353479
-0.155373
-0.353479
-0.155373
0.499922
-0.155373
0.499922
0.111948
0.499922
-0.270902
0.499922
-0.270902
0.499922
-0.270902
0.499922
-0.270902
0.499922
-0.270902
0.499922
-0.270902
0.499922
-0.270902
0.499922
-0.270902
0.499922
-0.270902
-0.143064
1.07711
-0.143064
1.07711
-0.143064
1.07711
-0.143064
1.07711
-0.143064
1.07711
-0.143064
1.07711
-0.143064
1.07711
-0.18926
1.07711
-0.18926
1.07711
-0.18926
1.07711
-0.18926
0.019097
-0.18926
0.019097
-0.18926
0.019097
-0.18926
0.019097
-0.18926
0.019097
-0.18926
0.019097
-0.18926
0.019097
-0.18926
0.019097
-0.18926
0.019097
-0.18926
0.019097
-0.18926
0.019097
-0.18926
0.019097
-0.18926
0.019097
-0.18926
0.019097
-0.18926
0.019097
-0.18926
0.019097
-0.18926
0.019097
-0.18926
0.019097
-0.18926
0.019097
-0.18926
0.019097
-0.18926
0.019097
-0.18926
0.019097
-0.18926
0.019097
-0.18926
0.019097
-0.696631
0.019097
-0.696631
0.019097
-0.451987
0.019097
-0.451987
0.019097
-0.451987
0.019097
-0.451987
0.019097
-0.451987
0.019097
-0.451987
0.019097
0.408035
0.019097
0.408035
0.019097
0.408035
0.019097
0.408035
-0.00455399
0.408035
-0.00455399
0.740645
-0.00455399
0.740645
-0.00455399
-0.166151
-0.00455399
-0.166151
-0.00455399
-0.166151
-0.00455399
-0.166151
-0.00455399
-0.166151
-0.00455399
-0.166151
-0.00455399
-0.166151
-0.00455399
-0.166151
-0.00455399
-0.166151
-0.00455399
-0.166151
-0.00455399
-0.166151
0.0348875
-2.13586
0.0348875
-2.13586
0.0348875
-2.13586
0.0348875
-2.13586
0.0348875
-2.13586
0.0348875
-2.07695
0.0348875
-2.07695
0.0348875
0.383268
0.0348875
0.383268
0.0348875
0.383268
0.0348875
0.383268
0.0348875
0.428396
0.0348875
0.428396
0.0348875
0.428396
0.0348875
0.445475
0.0348875
0.445475
0.0348875
0.445475
0.0348875
0.445475
0.0348875
0.445475
0.0348875
0.445475
0.0348875
0.445475
0.0348875
0.445475
0.0348875
0.445475
0.0348875
0.445475
0.0348875
0.0637266
0.414736
-0.200265
0.414736
-0.200265
0.414736
-0.200265
0.414736
-0.200265
0.414736
-0.200265
0.414736
-0.200265
0.792681
-0.200265
0.792681
-0.200265
0.792681
-0.200265
0.792681
-0.200265
0.792681
-0.200265
0.792681
-0.200265
0.792681
-0.200265
0.792681
-0.200265
0.792681
-0.200265
0.792681
-0.200265
0.792681
-0.200265
0.792681
0.191033
0.792681
0.191033
0.792681
0.191033
-0.533285
0.191033
-0.533285
0.191033
-0.533285
0.191033
-0.533285
0.191033
-0.533285
0.191033
-0.533285
0.191033
-0.533285
-0.026594
-0.533285
-0.026594
-0.533285
-0.026594
-0.533285
-0.026594
-0.577784
-0.026594
-0.245968
-0.026594
-0.245968
-0.026594
-0.245968
-0.026594
-0.245968
-0.026594
-0.245968
-0.026594
-0.245968
-0.026594
-0.245968
-0.0541228
-0.245968
-0.0541228
-0.245968
-0.0541228
-0.245968
-0.0541228
-0.245968
-0.0541228
-0.245968
-0.0541228
-0.245968
-0.0541228
-0.245968
-0.0541228
-1.33552
-0.0541228
-1.33552
-0.0541228
-1.33552
-0.0541228
-1.33552
-0.0541228
-1.33552
-0.0541228
-1.33552
-0.0541228
1.75109
-0.0541228
1.75109
-0.0541228
1.31068
-0.0541228
1.31068
-0.0541228
0.55944
-0.0541228
0.55944
-0.0541228
0.55944
-0.0541228
0.55944
-0.0541228
0.55944
-0.0541228
-2.31508
-0.0541228
-2.31508
-0.0541228
-0.415496
-0.0541228
-0.415496
-0.0541228
0.826474
-0.0541228
1.33977
-0.0541228
-1.43979
-0.0541228
-1.43979
-0.0541228
-1.43979
-0.0541228
-1.43979
-0.0541228
-1.43979
-0.0541228
-1.43979
-0.0541228
-1.43979
-0.0541228
-1.43979
-0.0541228
-1.43979
-0.0541228
-1.43979
-0.0541228
-1.43979
-0.0541228
-1.43979
-0.0541228
-1.43979
-0.0541228
-0.862116
-0.0541228
-0.862116
-0.0541228
-1.17482
-0.0541228
0.00662841
-0.0541228
0.00662841
-0.0541228
0.00662841
-0.0541228
0.00662841
-0.0541228
-0.956133
-0.0541228
-1.60387
-0.0541228
-1.16545
-0.0541228
-1.16545
-0.0541228
1.506
-0.0541228
1.506
-0.0541228
1.506
-0.0541228
1.506
-0.0541228
1.506
-0.0541228
-0.76847
-0.0541228
-0.76847
-0.0541228
-0.76847
-0.0541228
-0.96561
-0.0541228
0.332162
-0.0541228
0.332162
-0.0541228
0.332162
-0.0541228
0.332162
-0.0541228
-0.125254
-0.0541228
-0.125254
-0.0541228
-0.125254
-0.438825
-0.125254
-0.438825
-0.125254
-0.168077
-0.125254
-0.168077
-0.125254
-0.168077
-0.125254
-0.168077
-0.125254
-0.168077
-0.125254
-0.168077
-0.125254
0.460299
-0.125254
0.460299
-0.125254
0.460299
-0.125254
0.460299
-0.125254
0.460299
-0.125254
0.460299
-0.125254
0.460299
-0.125254
0.460299
-0.125254
1.37559
-0.125254
1.37559
-0.125254
1.37559
-0.125254
1.37559
-0.125254
1.37559
-0.125254
1.37559
-0.125254
-1.65338
-0.125254
-1.65338
-0.125254
-1.65338
-0.125254
-1.29279
-0.125254
-1.29279
-0.125254
-1.29279
-0.125254
-1.29279
-0.125254
-1.29279
-0.125254
-1.29279
-0.125254
0.0798414
-0.125254
0.0798414
-0.125254
0.0798414
-0.125254
0.0798414
-0.125254
0.0798414
-0.125254
0.0798414
-0.125254
0.0798414
-0.125254
0.0798414
-0.125254
0.0798414
-0.125254
0.0798414
-0.125254
0.0798414
-0.125254
0.0798414
-0.125254
0.0798414
-0.125254
0.0798414
-0.125254
0.0798414
-0.129255
0.0798414
-0.129255
0.717909
-0.129255
0.717909
-0.129255
0.717909
-0.129255
0.717909
-0.129255
0.717909
-0.129255
0.717909
-0.129255
-0.127424
-0.129255
-0.127424
-0.129255
-0.127424
-0.129255
-0.127424
-0.129255
-0.127424
-0.129255
-0.127424
-0.129255
-0.127424
-0.129255
-0.127424
-0.129255
-0.127424
-0.129255
-0.127424
-0.129255
-0.127424
-0.129255
-0.127424
-0.129255
-0.127424
-0.129255
-0.127424
-0.129255
-0.127424
-0.129255
-0.127424
-0.129255
-0.127424
-0.129255
-0.127424
-0.129255
-0.127424
-0.129255
-0.127424
-0.328565
-0.127424
-0.328565
-0.127424
-0.328565
-0.127424
-0.328565
-0.127424
-0.328565
-0.127424
-0.328565
-0.127424
-0.328565
-0.127424
-0.328565
-0.127424
-0.328565
-0.127424
-0.328565
-0.127424
-0.328565
-0.127424
-0.328565
-0.127424
-0.328565
-0.127424
-0.328565
-0.127424
-0.328565
-0.127424
-0.328565
0.29087
-0.328565
0.29087
-0.328565
0.29087
-0.328565
0.29087
-0.328565
0.29087
-0.328565
-0.0772498
-0.328565
-0.0772498
-0.328565
-0.0772498
-0.328565
-0.0772498
-0.328565
-0.0772498
-0.328565
-0.0772498
-0.660683
-0.0772498
-0.660683
-0.0772498
-0.660683
-0.0772498
-0.660683
-0.0772498
-0.660683
-0.0772498
-0.660683
-0.0772498
-0.660683
-0.0772498
-0.660683
-0.0772498
-0.660683
-0.0772498
-0.660683
-0.0772498
-0.660683
-0.0772498
-0.660683
-0.0772498
-0.660683
-0.00547884
1.04149
0.0249951
1.04149
0.0249951
1.04149
0.0249951
1.04149
0.0249951
1.04149
0.0249951
1.04149
0.0249951
1.04149
0.0249951
1.04149
0.0249951
1.04149
0.0249951
1.04149
0.0249951
1.04149
0.0249951
0.90588
0.0249951
0.90588
0.0249951
0.90588
0.0249951
0.90588
0.0249951
0.584423
0.0249951
0.584423
0.0249951
0.584423
0.0249951
0.584423
0.0249951
0.584423
0.0249951
0.584423
0.0249951
0.584423
0.0249951
-1.00262
0.0249951
-0.871935
0.0249951
-0.871935
0.0249951
-0.871935
0.0249951
-0.871935
0.0249951
-0.871935
0.0249951
-0.450485
0.0249951
-0.450485
0.0249951
-0.450485
0.0249951
-0.450485
0.0249951
-0.450485
0.0249951
-0.450485
0.0249951
-0.450485
0.0249951
-0.450485
0.0249951
-0.736966
0.0249951
-0.736966
0.0249951
-0.736966
0.0249951
-0.736966
0.0249951
-0.736966
0.0249951
2.34585
0.0249951
2.34585
0.0249951
2.34585
0.0249951
1.49426
0.0249951
1.49426
0.0249951
-2.06765
0.0249951
-2.56552
0.0249951
-2.56552
0.0249951
1.66871
0.0249951
1.66871
0.0249951
1.66871
0.0249951
1.66871
0.0249951
1.66871
0.0249951
0.716408
0.0249951
1.35401
0.0249951
1.16828
0.0249951
0.941214
0.0249951
0.941214
0.0249951
0.941214
0.0249951
1.38348
0.0249951
1.38348
0.0249951
1.38348
0.0249951
1.38348
0.0249951
1.38348
0.0249951
1.38348
0.0249951
1.38348
0.0249951
1.38348
0.0249951
1.38348
0.0249951
1.38348
0.0249951
1.38348
0.0249951
1.38348
0.0249951
1.38348
0.0249951
1.38348
0.0249951
-0.166831
0.0249951
-0.166831
0.0249951
-0.166831
0.0249951
-0.166831
0.0249951
-0.166831
0.0249951
-0.166831
0.0249951
-0.166831
0.0249951
-0.166831
-0.173425
-0.166831
-0.173425
-0.166831
-0.173425
-0.166831
-0.173425
-0.166831
-0.173425
0.110544
-0.173425
0.110544
-0.173425
0.110544
-0.173425
0.110544
0.5942
0.110544
0.5942
0.110544
0.5942
0.110544
0.5942
0.110544
0.5942
0.110544
0.5942
0.110544
0.5942
0.110544
0.5942
0.110544
0.5942
0.110544
0.532069
0.110544
0.793862
0.110544
0.541804
0.110544
0.541804
0.0881795
0.541804
0.0881795
0.541804
0.0881795
-1.04584
0.0881795
-1.04584
0.0881795
-1.11128
0.0881795
-1.11128
0.0881795
-1.11128
0.0881795
-1.11128
0.0881795
-0.144137
0.0881795
-0.144137
-0.427553
0.0710142
-1.00714
0.0710142
-1.00714
0.0710142
0.743759
0.0710142
0.743759
0.0566931
1.3155
0.0566931
-1.15147
0.0566931
-1.15147
0.0566931
-1.15147
0.0566931
-1.12164
0.0566931
-1.12164
0.0566931
-1.12164
0.00104407
-1.12164
0.00104407
-1.12164
0.00104407
-1.12164
0.00104407
-1.44729
0.00104407
-1.44729
0.00104407
-1.44729
0.00104407
-1.44729
0.00104407
-1.44729
0.00104407
-1.44729
0.00104407
-0.209586
0.00104407
-0.209586
0.00104407
-0.209586
0.00104407
-0.209586
0.00104407
-0.209586
0.00104407
-0.209586
0.263975
-0.209586
0.263975
-0.209586
0.263975
-0.209586
0.263975
-0.209586
0.263975
-0.209586
0.263975
-0.00579846
0.263975
-0.00579846
-0.429222
-0.00579846
-0.429222
-0.00579846
-0.429222
-0.00579846
-0.794384
-0.00579846
1.00147
-0.00579846
0.842805
-0.00579846
0.842805
-0.00579846
0.842805
-0.00579846
-0.180329
-0.00579846
-0.180329
-0.00579846
-0.180329
0.917982
-0.180329
0.917982
-0.180329
-0.992314
-0.180329
-0.992314
-0.180329
-0.992314
-0.180329
-0.992314
-0.180329
0.637817
-0.180329
0.637817
-0.180329
0.637817
-0.180329
0.451015
0.21229
0.451015
0.21229
0.451015
0.21229
0.451015
0.21229
0.0279433
0.21229
0.0279433
0.21229
0.0279433
0.21229
0.0279433
0.21229
0.0279433
0.21229
-0.318431
0.21229
-0.318431
0.21229
-0.318431
0.21229
-0.318431
0.21229
-0.318431
-0.222612
-0.318431
-0.222612
0.304863
-0.222612
0.419825
-0.222612
0.419825
-0.222612
0.419825
-0.222612
0.419825
-0.222612
0.419825
-0.222612
0.419825
-0.222612
-0.00768947
-0.222612
-0.00768947
-0.222612
-0.00768947
-0.222612
-0.00768947
-0.222612
-0.00768947
-0.222612
-0.00768947
-0.222612
-0.00768947
-0.222612
-0.00768947
-0.222612
-0.00768947
-0.222612
-0.00768947
-0.244772
-0.00768947
-0.244772
-0.00768947
-0.244772
-0.00768947
1.30943
-0.00768947
1.30943
-0.00768947
1.30943
-0.00768947
1.30943
-0.00768947
1.30943
-0.00768947
1.30943
-0.00768947
1.30943
-0.00768947
-0.160724
-0.00768947
-0.160724
-0.00768947
-0.160724
-0.00768947
-0.160724
-0.00768947
-0.160724
-0.00768947
-0.160724
-0.00768947
-0.160724
-0.00768947
-0.160724
-0.00768947
-0.160724
-0.00768947
-0.160724
-0.00768947
-0.160724
-0.00768947
-0.160724
-0.00768947
-0.160724
-0.38833
-0.160724
-0.38833
-0.160724
-0.38833
-0.160724
-0.38833
-0.160724
-0.38833
-0.160724
-0.38833
-0.160724
-0.38833
-0.160724
-0.38833
-0.160724
-0.38833
-0.160724
-0.38833
-0.160724
-0.38833
-0.160724
-0.38833
-0.160724
-0.38833
-0.160724
-0.38833
-0.160724
-0.38833
-0.160724
-0.38833
-0.160724
-0.38833
-0.160724
-0.38833
-0.160724
-0.38833
-0.160724
-0.38833
-0.160724
-0.38833
-0.160724
-0.38833
-0.160724
-0.38833
-0.160724
-0.38833
-0.160724
-0.38833
-0.160724
0.00361602
-0.160724
0.00361602
-0.160724
0.00361602
-0.160724
0.00361602
-2.51976
0.00361602
-2.51976
0.00361602
2.06432
0.00361602
2.06432
0.00361602
-1.30643
0.00361602
-1.30643
0.00361602
-1.30643
0.00361602
-1.30643
0.00361602
-1.30643
0.00361602
-1.30643
0.00361602
-1.30643
0.00361602
-1.30643
0.00361602
-1.30643
0.00361602
-1.30643
0.00361602
-1.30643
0.00361602
-1.30643
0.00361602
-1.30643
0.00361602
-1.30643
0.00361602
-1.30643
0.00361602
-1.30643
0.00361602
0.479547
0.00361602
0.479547
0.00361602
0.479547
0.00361602
0.479547
0.00361602
0.479547
0.00361602
0.560647
-0.00948777
0.560647
-0.00948777
0.560647
-0.00948777
0.560647
-0.00948777
0.560647
-0.00948777
0.560647
-0.00948777
0.560647
-0.00948777
0.560647
-0.00948777
0.560647
-0.00948777
0.560647
-0.00948777
0.560647
-0.00948777
0.560647
-0.00948777
0.560647
-0.00948777
0.560647
-0.00948777
0.560647
-0.00948777
0.560647
-0.00948777
0.560647
-0.00948777
0.560647
-0.0151725
-0.612596
-0.0151725
-0.612596
-0.0151725
-0.612596
-0.0151725
-0.612596
-0.0151725
-0.612596
-0.0151725
-0.612596
0.0782609
1.65663
0.0782609
1.65663
0.0782609
1.65663
0.0782609
1.65663
0.0782609
1.65663
0.0782609
1.65663
0.0782609
1.09013
0.0782609
1.09013
0.0782609
1.09013
0.0782609
1.09013
0.0782609
1.09013
0.0782609
-0.244873
0.0782609
-0.244873
0.0782609
-0.244873
0.0782609
-0.244873
0.0782609
-0.244873
0.0782609
-0.244873
0.0782609
-0.244873
0.0782609
-0.244873
0.0782609
-0.244873
0.0782609
-0.244873
0.0782609
-0.244873
0.453102
-0.244873
0.453102
-0.244873
0.453102
-0.244873
0.453102
-0.244873
0.453102
-0.244873
0.453102
-0.244873
0.453102
-0.244873
0.453102
-0.244873
0.453102
-0.244873
0.453102
-0.244873
0.453102
-0.244873
0.453102
-0.244873
0.453102
-0.244873
-0.273817
-0.975763
-0.273817
-0.975763
-0.273817
-0.975763
-0.273817
0.852335
-0.273817
0.852335
-0.273817
0.852335
-0.273817
0.852335
-0.273817
0.852335
-0.273817
-0.38215
-0.273817
-0.38215
-0.273817
-0.38215
-0.273817
-0.38215
-0.273817
-0.38215
-0.273817
-0.38215
-0.230126
-0.38215
-0.230126
-0.38215
-0.230126
-0.38215
-0.230126
-0.38215
-0.230126
-0.38215
-0.230126
-0.38215
-0.230126
-0.38215
-0.230126
0.229012
0.590853
0.229012
0.590853
0.229012
0.590853
0.229012
0.454875
0.229012
0.454875
0.229012
0.454875
0.229012
0.104237
0.229012
0.104237
0.229012
0.104237
0.229012
0.528306
0.229012
0.528306
0.229012
0.528306
0.229012
0.528306
0.229012
0.528306
0.229012
0.528306
0.229012
0.528306
0.229012
0.528306
0.229012
0.528306
0.229012
0.528306
0.229012
0.528306
0.229012
0.528306
0.229012
0.528306
0.229012
0.528306
0.229012
0.528306
0.229012
0.528306
0.229012
0.528306
0.229012
0.528306
0.229012
0.528306
0.229012
0.528306
0.229012
0.528306
0.229012
-0.468525
0.229012
-0.468525
0.229012
-0.468525
0.229012
-0.468525
0.229012
-0.468525
0.229012
-0.468525
0.229012
-0.468525
0.229012
-0.468525
0.229012
-0.468525
0.229012
-0.468525
0.229012
-0.468525
0.229012
-0.468525
0.229012
-0.468525
0.229012
-0.468525
0.229012
-0.468525
-0.00447447
-0.468525
-0.00447447
-0.468525
-0.00447447
-0.468525
-0.0656097
-0.468525
-0.0656097
-0.468525
0.21262
-0.468525
0.115121
-0.468525
0.115121
-0.468525
0.115121
-0.468525
0.115121
-0.468525
0.115121
-0.468525
0.115121
-0.468525
0.115121
-0.468525
0.115121
-0.468525
0.115121
-0.0562048
0.115121
-0.0562048
0.115121
-0.0562048
0.115121
-0.0236385
0.863945
-0.0236385
0.863945
-0.0236385
0.863945
-0.0236385
0.863945
-0.0236385
0.863945
0.294992
0.863945
0.294992
-0.109565
0.294992
-0.109565
0.294992
-0.109565
0.294992
-0.109565
0.294992
-0.109565
0.294992
-0.109565
0.294992
-0.109565
0.294992
-1.16393
0.294992
-1.16393
0.294992
-1.16393
0.294992
-1.16393
0.294992
-1.16393
0.294992
-1.16393
acc = 0.102667
