0.0821719
1.20191
0.0821719
0.638638
0.0821719
0.638638
0.0821719
0.638638
0.0821719
0.638638
0.0821719
0.638638
0.0821719
-0.738995
0.0821719
0.54842
0.0821719
1.37931
0.0821719
1.09609
0.144789
1.09609
0.144789
-1.21494
0.144789
-1.21494
0.144789
0.102808
0.144789
0.102808
0.144789
0.102808
0.701234
0.102808
1.07353
0.102808
0.659832
0.102808
0.659832
0.102808
0.758449
0.102808
-0.90791
0.102808
-0.432595
-0.0716438
-0.195703
-0.0716438
0.244641
-0.0716438
0.244641
-0.0716438
0.244641
-0.0716438
0.0477081
-0.0716438
-0.121573
-0.0716438
-1.12761
-0.0716438
-1.12761
-0.0716438
0.261406
-0.0716438
0.261406
-0.0716438
-1.34477
-0.0716438
-1.54713
-0.0716438
-2.00963
-0.0716438
-2.00963
-0.0716438
0.0940598
-0.014225
0.0940598
-0.014225
0.0940598
0.62511
0.0940598
0.62511
-0.194287
0.62511
-0.194287
0.62511
0.131118
0.22988
0.131118
0.22988
0.131118
0.22988
0.131118
0.22988
0.131118
0.22988
0.131118
-0.321805
0.131118
-0.321805
0.131118
-0.321805
0.131118
0.623997
0.131118
-0.297516
0.131118
-0.297516
0.131118
-0.297516
0.131118
-0.297516
0.131118
-0.297516
0.131118
-0.297516
-0.184643
-0.297516
-0.184643
1.24986
-0.184643
1.24986
-0.0251753
0.220398
-0.0251753
0.220398
-0.0251753
1.24292
-0.0251753
0.994931
-0.0251753
0.994931
-0.0251753
1.22277
-0.0251753
0.810548
-0.0251753
0.896401
-0.0251753
-0.380188
-0.475297
-0.380188
-0.475297
-0.380188
-0.475297
-0.380188
-0.475297
-0.380188
-0.475297
-0.380188
-0.475297
-0.380188
-0.475297
-0.380188
-0.475297
-0.380188
-0.475297
-0.380188
-0.475297
-0.380188
-0.475297
-0.380188
-0.475297
-0.380188
-0.475297
-0.380188
-0.475297
-0.380188
-0.475297
-0.380188
-0.475297
-0.380188
0.0952079
-0.434723
0.0999893
-0.434723
0.0999893
-0.434723
0.0999893
-0.434723
-0.00313403
-0.434723
-0.00313403
-0.434723
-0.00313403
-0.434723
-0.00313403
-0.0799542
-0.164197
-0.0799542
-0.164197
-0.0799542
1.28096
-0.0799542
1.28096
-0.0799542
-1.04238
-0.0799542
-0.697558
0.0176996
-0.697558
0.0176996
-0.697558
0.0176996
0.481855
0.0176996
0.373624
0.0176996
-0.974332
0.0176996
-0.974332
-0.143054
-0.974332
0.0861882
-0.974332
0.0116267
-0.974332
0.0116267
-0.974332
0.0116267
-1.0738
0.0116267
-1.0738
0.0116267
-1.0738
0.0116267
-0.327257
0.0116267
-0.0947293
0.0116267
-0.0947293
0.0116267
-0.0947293
0.0116267
-0.0474268
0.0116267
-0.0474268
0.810371
-0.0474268
0.810371
-0.0474268
0.853087
-0.0474268
0.853087
0.0939504
0.853087
0.0939504
-0.296502
-0.618684
-0.296502
-0.618684
-0.296502
-0.618684
-0.296502
-0.248914
-0.0123156
-0.179588
-0.0123156
-0.179588
0.221941
-0.179588
0.221941
-0.179588
0.221941
0.181005
-0.220618
-0.503043
-0.220618
-0.503043
-0.220618
-0.503043
-0.220618
-0.503043
-0.220618
-0.503043
-0.220618
-0.503043
-0.276423
-0.503043
-0.276423
-0.503043
-0.276423
-0.551939
-0.276423
-0.551939
-0.276423
-0.551939
-0.276423
0.471763
-0.276423
0.471763
-0.276423
0.433047
-0.276423
0.433047
-0.336574
0.433047
-0.336574
0.433047
-0.336574
0.433047
-0.336574
0.433047
-0.336574
0.433047
-0.336574
0.433047
-0.336574
0.433047
-0.336574
0.433047
-0.336574
0.359928
-0.336574
-0.320707
-0.336574
0.0462922
0.338627
0.0462922
1.01042
0.0462922
0.840582
0.0462922
2.48735
0.0462922
1.41165
0.0462922
1.41165
0.0462922
-0.11617
-0.366696
-0.11617
-0.366696
-0.11617
-0.366696
-0.11617
1.54917
-0.11617
1.54917
-0.11617
1.54917
-0.11617
0.906707
-0.11617
-0.0531812
1.75623
-0.0531812
0.18417
-0.0531812
-1.3151
-0.0531812
0.559729
-0.0531812
0.559729
-0.0531812
-0.520071
-0.0531812
-0.512688
-0.0531812
-0.512688
-0.0531812
-0.313626
-0.0531812
-0.313626
-0.0531812
-0.580331
-0.0531812
-0.580331
-0.0531812
-0.580331
-0.0531812
-0.580331
-0.0531812
0.495302
-0.0531812
1.15473
-0.0531812
0.740326
-0.0531812
-0.0151712
-0.0531812
-0.0151712
-0.124513
0.673082
-0.198166
0.673082
-0.198166
-0.41302
-0.198166
-0.870487
-0.198166
-0.870487
-0.198166
1.03489
-0.198166
1.03489
-0.198166
1.03489
-0.198166
0.10387
-0.198166
0.10387
-0.198166
0.10387
-0.198166
0.10387
-0.687326
0.10387
-0.687326
0.10387
-0.687326
0.10387
-0.687326
0.10387
1.0901
0.10387
0.313047
0.10387
0.313047
0.10387
0.349259
0.10387
0.359277
0.10387
0.359277
0.10387
0.359277
0.10387
1.19089
0.10387
-0.0190744
0.10387
-0.0190744
-0.254723
-0.0190744
0.187667
-0.0190744
0.187667
-0.0190744
0.187667
-0.0190744
0.187667
0.270495
0.187667
-0.491754
0.187667
-0.491754
0.187667
0.596903
0.187667
0.596903
0.187667
0.596903
0.187667
0.118957
0.187667
0.23727
0.187667
0.23727
0.187667
0.23727
0.187667
0.23727
0.187667
0.23727
0.187667
0.23727
0.187667
0.23727
0.187667
0.23727
0.187667
0.23727
-0.0814549
0.23727
-0.0814549
0.23727
0.0250275
0.23727
0.0250275
0.23727
0.0250275
0.23727
0.247601
0.23727
-0.575508
0.23727
-0.575508
0.23727
-0.575508
0.23727
0.385277
0.23727
0.385277
0.23727
0.385277
0.23727
0.385277
0.23727
0.385277
0.23727
0.385277
0.23727
0.385277
0.23727
0.385277
0.23727
0.385277
0.23727
0.385277
0.23727
0.385277
0.23727
0.385277
-0.0199326
0.385277
-0.0199326
-0.939274
-0.0199326
1.84561
-0.0199326
1.00671
-0.0199326
1.00671
-0.0199326
1.38584
-0.0199326
-1.59777
-0.0199326
-1.59777
-0.0199326
-0.191271
-0.0199326
-0.191271
-0.0199326
0.964286
-0.0199326
0.964286
-0.0199326
0.964286
-0.0199326
0.964286
-0.0199326
0.964286
-0.0199326
0.964286
-0.0199326
-0.918817
-0.0199326
-0.918817
-0.0199326
0.172858
-0.0199326
0.172858
-0.872171
0.172858
0.354307
-0.117473
0.354307
-0.117473
-0.356855
-0.117473
-0.356855
-0.117473
-0.824891
-0.117473
-0.824891
-0.117473
-0.824891
-0.117473
0.806695
-0.117473
0.806695
-0.117473
0.806695
-0.117473
0.806695
-0.117473
0.164138
-0.0567014
-1.10504
-0.0567014
-1.08668
-0.0567014
-1.08668
-0.0567014
-1.08668
-0.0567014
-1.08668
-0.0567014
-1.08668
-0.0567014
-1.08668
-0.0567014
-1.08668
-0.0567014
-1.08668
-0.0567014
-0.488123
0.0759577
0.31331
0.0759577
-0.894729
0.0759577
-0.606798
0.0759577
-0.606798
0.0759577
-0.606798
0.0759577
0.392985
0.0759577
0.392985
0.179668
0.392985
0.179668
0.392985
0.179668
0.392985
0.179668
0.392985
0.179668
0.392985
0.179668
0.392985
0.179668
0.392985
-0.253894
0.392985
0.366027
0.392985
0.366027
0.392985
0.366027
0.392985
0.366027
0.392985
0.366027
0.392985
0.366027
0.392985
0.366027
0.392985
0.366027
0.392985
0.366027
-0.00271382
0.366027
0.230773
-0.137624
0.230773
0.196826
0.230773
0.196826
0.259732
0.196826
0.259732
0.196826
0.259732
0.196826
0.259732
0.196826
0.259732
0.196826
0.268706
0.196826
0.22642
0.196826
0.22642
-0.0849419
0.25534
-0.0849419
0.25534
-0.0849419
0.0212838
-0.0849419
0.0212838
-0.0849419
0.0212838
-0.0849419
-0.519201
-0.0849419
0.226169
-0.0849419
0.226169
-0.0849419
0.226169
-0.0849419
0.226169
-0.0849419
0.526339
-0.0849419
0.526339
-0.0849419
0.110946
-0.0849419
0.110946
-0.0849419
0.110946
-0.0849419
0.110946
-0.0849419
0.110946
-0.0849419
0.110946
-0.0849419
1.19457
-0.0849419
1.19457
-0.0849419
-0.794608
-0.0849419
-0.184669
-0.0849419
-0.184669
-0.0849419
0.189506
-0.0849419
-0.249616
-0.0849419
-0.0326229
0.712387
-0.0913709
0.712387
-0.0913709
0.905753
-0.0913709
0.905753
-0.0913709
0.905753
-0.0913709
0.905753
-0.0913709
0.905753
-0.0913709
-0.925171
-0.0913709
-0.925171
-0.0913709
-0.925171
-0.0913709
-1.22328
-0.0913709
1.38082
-0.0913709
1.38082
-0.0913709
-0.131052
0.0740941
-0.131052
0.0740941
-0.131052
0.0740941
0.000998917
0.0740941
0.000998917
0.301995
-0.543137
0.301995
-0.543137
0.301995
-0.543137
-0.021998
-0.0130072
-0.021998
-0.0130072
-0.572097
0.171455
-0.572097
0.171455
-0.572097
0.171455
-0.35677
0.171455
-0.35677
-0.451499
0.0340768
-0.451499
0.0340768
-0.450168
0.0340768
-0.450168
0.0340768
-0.450168
0.0340768
-0.450168
0.0340768
0.68049
0.0340768
0.68049
0.0340768
0.68049
0.0340768
0.68049
0.0340768
0.68049
0.0340768
-0.328814
0.0340768
1.08052
0.0340768
1.08052
0.0340768
-0.0299016
0.0340768
1.23518
0.0340768
0.587423
0.0340768
0.587423
0.0340768
0.587423
0.0340768
-1.36032
0.0340768
0.543078
0.0340768
0.196087
-0.189438
0.138778
-0.189438
0.138778
-0.189438
0.138778
-0.189438
0.138778
-0.189438
0.138778
-0.832409
0.138778
-0.832409
0.138778
-0.832409
0.138778
-0.832409
0.138778
1.04521
0.138778
0.623077
0.138778
0.623077
0.138778
-0.241042
0.138778
0.400898
0.138778
-0.110436
0.138778
0.101482
-0.935149
0.101482
-0.935149
0.101482
0.857085
0.101482
0.857085
0.101482
0.857085
0.101482
0.864278
0.101482
0.810601
0.101482
-0.778406
0.101482
0.492295
0.101482
-0.986097
0.101482
-0.986097
-0.126288
0.614365
-0.126288
0.614365
-0.126288
0.614365
-0.194459
0.614365
-0.194459
-0.783677
-0.194459
-0.783677
-0.194459
-0.783677
-0.194459
-0.783677
-0.194459
-0.810376
-0.115177
0.428555
-0.115177
0.428555
-0.115177
0.428555
-0.115177
0.428555
-0.115177
0.428555
-0.115177
0.428555
-0.115177
0.428555
-0.115177
0.428555
-0.115177
0.428555
-0.115177
-0.0903858
-0.115177
-0.0903858
0.527142
-0.0903858
1.10549
-0.15594
0.606719
-0.15594
0.175505
-0.15594
0.175505
-0.15594
0.175505
-0.15594
0.175505
-0.166425
0.462325
-0.166425
-0.29254
-0.166425
-0.29254
-0.166425
-0.29254
-0.166425
1.1795
-0.166425
1.1795
-0.166425
1.1795
-0.166425
-0.403472
-0.166425
-0.403472
-0.166425
-0.403472
-0.166425
-0.403472
-0.166425
-0.403472
-0.166425
-0.403472
-0.166425
0.179074
-0.775424
0.179074
-0.775424
0.179074
-1.16311
0.179074
-1.16311
0.179074
-1.16311
0.179074
-0.0237802
0.142301
0.21935
0.142301
0.21935
0.142301
0.21935
0.142301
0.21935
0.142301
0.21935
0.142301
0.21935
0.142301
0.21935
0.142301
0.21935
0.142301
0.21935
0.142301
0.21935
0.142301
-1.06097
0.142301
-1.06097
0.142301
-1.06097
0.142301
-1.50224
0.142301
-1.50224
0.142301
0.542909
0.142301
0.542909
0.142301
0.963779
0.0892832
1.25683
0.0892832
0.522824
0.0892832
-1.24641
0.0892832
-1.24641
0.0892832
-1.03573
0.0892832
0.0972821
0.0892832
0.0972821
0.0892832
0.0972821
0.0892832
0.162428
0.0892832
0.162428
0.0892832
0.162428
0.0892832
-1.77633
0.0892832
-1.82812
0.0892832
-1.82812
0.0892832
-1.73399
0.0892832
-0.237322
0.0892832
-0.237322
-0.020814
-0.237322
-0.020814
-0.237322
-0.020814
-0.542972
-0.020814
0.545834
-0.020814
-1.05034
-0.020814
-1.05034
-0.020814
-0.63947
-0.020814
-1.52409
-0.020814
-1.52409
-0.020814
-0.67299
-0.020814
-0.67299
-0.020814
-1.10616
-0.020814
-1.10616
-0.020814
1.63321
-0.020814
2.89372
-0.020814
0.640565
-0.020814
0.640565
-0.020814
-1.52311
-0.020814
-1.52311
-0.020814
-1.74266
-0.020814
-0.8628
-0.020814
-0.8628
-0.020814
-1.25549
-0.020814
0.203053
-0.020814
0.203053
-0.020814
0.203053
0.0917905
0.203053
0.0917905
0.203053
0.0917905
0.203053
0.0917905
0.203053
0.0917905
0.203053
0.0917905
-0.125249
0.0917905
-0.125249
0.0917905
-0.125249
-1.54154
-0.125249
1.09704
-0.125249
0.91012
-0.125249
0.91012
-0.125249
1.33389
-0.125249
-0.379405
-0.125249
-0.379405
-0.125249
-0.359863
-0.125249
-0.359863
-0.125249
-0.359863
-0.125249
-0.359863
-0.125249
-0.359863
-0.125249
-0.359863
-0.125249
-0.359863
-0.125249
-0.359863
-0.125249
-0.359863
-0.125249
-0.548837
-0.125249
-0.559519
-0.125249
-0.509798
-0.125249
-0.509798
-0.125249
-0.509798
-0.125249
-0.509798
-0.125249
-0.292047
-0.125249
-0.292047
-0.125249
-0.292047
0.174313
-0.292047
0.174313
-0.292047
0.174313
-0.292047
0.174313
-0.292047
0.174313
-0.292047
0.174313
-0.292047
0.174313
-0.292047
0.174313
-0.292047
0.00995725
-0.292047
0.00995725
-0.425258
0.00995725
-0.425258
0.00995725
-0.425258
0.00995725
-0.425258
0.00995725
-0.425258
0.00995725
-1.03423
0.00995725
-0.975981
0.00995725
1.27387
0.00995725
1.27387
0.00995725
1.27387
0.00995725
-0.554017
0.00995725
-0.554017
0.00995725
1.34506
0.00995725
1.34506
0.00995725
-0.1686
0.00995725
-0.1686
0.00995725
-0.1686
0.00995725
-0.1686
0.00995725
-0.1686
0.00995725
1.09347
0.00995725
-0.331395
0.00995725
-0.331395
0.00995725
-1.46843
0.00995725
-1.18298
0.00995725
0.707113
0.00995725
0.707113
0.00995725
0.707113
0.0733718
0.707113
0.0733718
-0.533529
0.0733718
-0.0504389
0.0733718
-0.0504389
0.0733718
-0.0504389
0.0733718
-0.0504389
-0.993319
-0.0504389
-0.854509
-0.0504389
0.994501
-0.0504389
0.994501
-0.0504389
-0.0459343
1.17296
-0.0459343
-1.07189
-0.0459343
-1.07189
-0.0459343
-1.7848
-0.0459343
-1.7848
-0.0459343
-1.7848
-0.0459343
-1.25946
-0.0459343
-1.25946
-0.0459343
-1.25946
-0.0459343
-1.25946
-0.0459343
-1.25946
-0.0459343
-0.131234
-0.0459343
0.634415
-0.0459343
0.585847
-0.0459343
-0.94281
-0.0459343
0.0898981
-0.0459343
0.0898981
-0.0459343
0.0898981
0.265684
0.0898981
1.13735
0.0898981
-0.37287
0.0898981
1.50886
0.0898981
1.4645
0.0898981
0.537893
0.0898981
0.537893
0.0898981
0.537893
0.0898981
0.537893
0.0898981
0.559982
0.0898981
0.351395
0.0898981
-0.834769
0.0898981
-0.834769
0.0898981
-0.834769
0.0898981
1.08317
0.0898981
1.08317
0.0898981
0.910169
0.223109
0.910169
0.223109
0.910169
0.223109
0.910169
0.223109
-0.253289
0.223109
-0.253289
0.223109
-0.253289
0.223109
-0.253289
0.223109
-0.253289
0.223109
-0.253289
0.179686
-0.253289
0.179686
-0.253289
0.179686
-0.253289
0.179686
-0.253289
0.340426
-0.253289
0.340426
-0.253289
0.340426
-0.253289
0.340426
-0.253289
0.340426
-0.253289
0.340426
-0.253289
-0.689534
-0.253289
-0.689534
-0.253289
-0.689534
-0.253289
-0.689534
-0.253289
-0.689534
-0.253289
-0.0594027
-0.253289
-0.0594027
-0.253289
-0.0594027
-0.253289
-0.0594027
-0.253289
-0.0594027
-0.253289
-0.0594027
-0.253289
-0.0594027
-0.253289
-0.0594027
-0.253289
-0.0594027
-0.059607
-0.0594027
-0.059607
-0.0594027
0.542117
-0.118148
0.542117
-0.118148
0.411638
-0.118148
0.411638
0.116309
0.411638
0.238066
0.411638
0.238066
0.411638
0.238066
-0.441362
0.238066
-0.441362
0.238066
-0.441362
0.238066
0.347179
0.238066
0.347179
0.238066
0.347179
0.238066
0.347179
0.238066
0.347179
-0.0470899
0.435001
-0.0470899
0.228359
-0.300511
0.228359
-0.300511
0.228359
-0.300511
0.228359
-0.300511
0.228359
-0.300511
0.228359
-0.300511
0.228359
-0.300511
0.228359
-0.300511
0.228359
-0.300511
0.228359
-0.338974
0.228359
-0.338974
0.228359
-0.338974
0.228359
-0.338974
0.228359
-0.338974
0.228359
-0.338974
0.228359
-0.185745
0.228359
0.43219
0.228359
0.465102
0.228359
0.465102
0.228359
0.151267
0.228359
0.151267
0.228359
0.151267
0.228359
0.151267
0.228359
0.151267
0.228359
0.151267
0.399824
0.151267
0.399824
0.151267
-0.169333
0.151267
-0.0819715
-0.135215
-0.0819715
-0.135215
-0.0895279
-0.135215
-0.478574
0.0246638
-0.478574
0.0246638
0.481605
0.0246638
0.481605
0.0246638
0.108262
-0.195771
0.108262
-0.195771
0.108262
-0.195771
0.108262
-0.195771
0.108262
-0.306413
0.108262
-0.306413
-0.0818144
-0.306413
-1.32255
-0.306413
-0.728375
-0.306413
-0.728375
-0.306413
-0.728375
-0.306413
-0.728375
-0.306413
-0.728375
-0.306413
0.226863
-0.306413
0.226863
-0.306413
0.226863
-0.306413
0.226863
-0.306413
0.226863
-0.306413
0.1923
-0.306413
0.1923
0.404244
0.1923
0.404244
0.1923
0.404244
0.1923
0.404244
0.1923
0.404244
0.1923
0.294058
0.1923
0.294058
0.1923
0.294058
0.1923
0.294058
0.1923
0.294058
0.1923
0.294058
0.1923
0.294058
0.1923
0.294058
0.1923
0.294058
0.1923
0.294058
0.1923
-0.407368
0.1923
-0.407368
0.1923
-0.407368
0.1923
-0.407368
0.1923
-0.407368
0.1923
0.412011
-0.414344
0.412011
-0.414344
-0.37975
-0.414344
-0.37975
-0.110482
-0.37975
-0.110482
-0.37975
-0.110482
-0.37975
-0.110482
0.713233
-0.110482
-0.71202
-0.110482
-0.71202
-0.110482
-0.71202
-0.110482
-0.71202
-0.110482
-0.412437
0.287279
-0.412437
0.287279
-0.412437
0.00446147
0.483431
0.00446147
-1.0941
0.00446147
-1.0941
0.00446147
-0.537494
0.00446147
-0.537494
0.00446147
0.638315
0.00446147
0.638315
0.00446147
0.441798
0.00446147
1.22409
0.00446147
-0.3235
0.00446147
1.23407
0.00446147
1.23407
0.00446147
-1.28195
0.00446147
1.31986
0.00446147
1.22097
0.00446147
2.61666
0.00446147
2.84529
0.00446147
0.380802
0.00446147
0.380802
0.00446147
0.619534
0.00446147
-0.0241111
0.530138
-0.0241111
-0.273739
-0.508053
-0.273739
-0.508053
0.056418
-1.45405
0.056418
-1.83267
0.056418
-2.03948
0.056418
-2.03948
0.056418
-1.73541
0.056418
-1.79043
0.056418
-1.79043
0.056418
-1.79043
0.056418
-0.311698
0.056418
-0.311698
0.056418
-0.311698
0.056418
0.939844
0.056418
0.939844
0.056418
0.939844
0.056418
0.241374
0.056418
0.241374
0.056418
0.241374
0.056418
0.241374
0.056418
0.241374
0.299477
0.241374
0.299477
0.143239
0.299477
0.143239
0.299477
0.143239
0.299477
0.143239
0.299477
0.143239
0.299477
0.143239
0.0718925
-0.558955
0.0718925
-1.23887
0.0718925
1.15799
0.0718925
1.15799
0.0718925
1.26668
0.0718925
1.26668
0.0718925
1.26668
0.0718925
1.26668
0.0718925
0.691293
0.0718925
0.0398915
0.0718925
0.0398915
0.350968
0.0398915
-0.00172779
0.0398915
-0.00172779
0.0398915
-0.00172779
0.0398915
1.08634
0.0398915
1.13203
0.0398915
1.13203
0.0398915
1.13203
0.0398915
0.0242359
0.326667
0.0242359
1.0902
0.0242359
1.0902
0.0242359
1.0902
0.0242359
0.867382
0.0242359
0.867382
0.0242359
0.949557
0.0242359
0.418129
0.0242359
0.418129
0.0242359
0.418129
0.0242359
0.418129
0.0242359
0.418129
-0.317364
0.418129
-0.317364
0.418129
-0.317364
0.602728
-0.317364
0.602728
-0.317364
0.602728
-0.317364
0.602728
-0.317364
0.295346
-0.317364
0.148056
0.322275
0.148056
0.322275
0.148056
0.322275
0.148056
0.322275
0.148056
0.322275
0.148056
0.322275
0.148056
0.416355
0.148056
0.560065
0.148056
0.560065
-0.0734333
-0.398711
-0.0734333
-0.993965
-0.0734333
-0.993965
-0.0734333
-0.925963
-0.0734333
0.1382
0.337952
0.1382
0.337952
0.1382
-0.0803426
1.01524
-0.0803426
-0.918351
-0.0803426
0.823579
-0.0803426
0.309895
-0.0803426
0.309895
-0.0803426
0.309895
-0.0803426
0.309895
-0.0803426
0.309895
-0.0803426
-0.463768
-0.0803426
0.184951
0.427797
0.184951
0.427797
0.184951
0.427797
0.184951
0.427797
0.184951
0.427797
0.184951
0.411883
0.184951
0.411883
0.184951
0.411883
0.0618937
0.411883
0.0618937
0.411883
0.0618937
0.411883
0.0618937
0.411883
0.0618937
0.411883
0.0618937
0.411883
0.0618937
0.411883
0.0618937
0.411883
0.0618937
-0.918673
0.0618937
-0.918673
0.0618937
-0.918673
0.0618937
-0.974955
0.0618937
-0.974955
0.0618937
-0.974955
0.0618937
-1.78564
0.0618937
-1.33134
0.0618937
-1.33134
0.0618937
-1.33134
0.0618937
-1.33134
0.0618937
-0.19235
0.0618937
0.135562
0.0618937
-0.697399
0.0618937
-0.697399
0.0618937
0.133595
0.0618937
0.133595
0.0618937
-1.41447
0.0648677
-0.380732
0.0648677
-0.380732
0.0648677
-0.380732
0.0648677
-0.380732
0.0648677
-1.12828
0.0648677
-1.12828
0.0648677
1.25093
0.0648677
1.55841
0.0648677
1.55841
0.0648677
0.131596
0.0648677
-0.950235
0.0648677
-0.950235
0.0648677
-0.950235
0.0648677
-0.806416
0.0648677
-0.187892
-1.10095
-0.187892
0.417045
-0.187892
0.417045
-0.187892
0.0922349
1.03672
0.0922349
0.150697
0.715501
0.0984079
0.715501
0.0984079
0.715501
0.0984079
0.847705
0.0984079
0.847705
0.0984079
0.847705
0.0984079
0.333638
0.0984079
0.333638
0.0984079
0.333638
0.0984079
-0.307039
0.0984079
-0.307039
0.0984079
-0.307039
0.0984079
0.0977529
0.0984079
0.0977529
0.0984079
-0.559816
0.0984079
1.27343
0.0984079
1.04571
0.0984079
1.04571
0.0984079
1.04571
0.0984079
-0.2103
0.0984079
-0.2103
0.0984079
-0.2103
0.0984079
-0.2103
-0.0218703
-0.2103
-0.157531
-0.2103
-0.157531
-0.2103
0.545644
-0.2103
0.545644
-0.2103
0.545644
-0.2103
0.545644
-0.2103
0.545644
-0.2103
0.545644
-0.2103
0.545644
-0.2103
0.545644
-0.2103
0.545644
-0.2103
0.545644
-0.2103
0.545644
-0.2103
0.578433
-0.2103
0.681017
-0.2103
-0.247954
0.128076
-0.247954
0.128076
-0.247954
0.128076
-0.247954
0.128076
-0.247954
0.128076
0.176613
0.58076
0.176613
0.58076
-0.0515965
0.664271
-0.0515965
0.418773
-0.0216404
-0.188344
-0.0216404
-0.188344
-0.372608
-0.188344
-0.372608
-0.188344
0.594835
-0.188344
0.594835
-0.188344
0.594835
0.084171
0.594835
0.084171
-0.655088
0.084171
0.437086
0.084171
0.437086
-0.212977
0.437086
-0.212977
0.437086
-0.212977
0.437086
-0.212977
-0.247154
-0.212977
-0.247154
-0.206587
-0.247154
-0.206587
-0.247154
-0.352129
-0.247154
-0.352129
-0.247154
-0.352129
-0.247154
-0.352129
-0.247154
-0.352129
-0.247154
-0.274165
-0.247154
-0.274165
-0.247154
-0.324995
-0.247154
-0.324995
-0.247154
-0.324995
-0.247154
-0.324995
-0.247154
-0.324995
-0.247154
-0.324995
-0.247154
-0.324995
-0.247154
-0.324995
-0.247154
-0.324995
-0.247154
-0.324995
-0.247154
-0.324995
-0.247154
-0.324995
-0.247154
-0.324995
-0.406341
-0.324995
-0.406341
-0.324995
0.225232
-0.324995
0.225232
-0.324995
0.225232
-0.324995
0.225232
0.305318
0.225232
0.305318
0.225232
0.305318
0.225232
0.305318
0.225232
0.305318
0.225232
-0.04422
-0.541559
-0.04422
-0.541559
-0.04422
1.06632
-0.04422
1.06632
-0.04422
1.25392
-0.04422
1.25392
-0.04422
-0.287041
-0.04422
-0.287041
-0.04422
0.22053
-0.414937
0.22053
0.11674
0.434025
0.11674
0.434025
0.11674
0.434025
0.11674
0.434025
0.0271801
0.434025
0.0271801
2.38714
0.0271801
0.263243
0.0271801
0.263243
0.0271801
-0.90344
0.0271801
-1.22367
0.0271801
0.240911
0.0271801
0.214361
0.0271801
0.231715
0.0271801
0.910549
0.0271801
0.910549
0.0271801
-1.23872
0.0271801
-1.23872
0.0271801
-1.36795
0.0271801
-1.36795
0.0271801
0.0298682
0.0271801
-0.336929
0.0271801
-0.336929
0.0271801
-0.186378
0.0271801
1.66152
0.0271801
1.66152
0.0271801
1.66152
-0.0272696
0.823394
-0.0272696
0.823394
-0.0272696
0.823394
-0.0272696
0.823394
-0.0272696
0.823394
-0.0272696
-0.102078
-0.0272696
-0.102078
-0.192319
-0.102078
-0.192319
-0.102078
-0.192319
-0.407959
0.0936378
-0.407959
0.0936378
-0.56629
0.0936378
-0.56629
0.0936378
0.633309
-0.0628515
0.633309
-0.0628515
0.633309
-0.0628515
0.633309
-0.0628515
0.633309
-0.0628515
0.633309
-0.0628515
0.633309
-0.0628515
0.633309
-0.0628515
0.633309
-0.0456157
0.633309
-0.0456157
-0.911161
-0.0456157
1.05399
-0.0456157
0.911597
-0.0456157
0.911597
-0.0456157
-0.788183
-0.0456157
-0.788183
-0.0456157
-0.788183
-0.0456157
0.685183
-0.0456157
0.685183
-0.0456157
-0.225756
0.368828
-0.225756
0.368828
-0.225756
0.368828
-0.25214
0.368828
0.389717
0.368828
0.389717
0.368828
-0.0979955
0.368828
-0.0979955
0.368828
-0.0979955
-0.291878
-0.0979955
-0.355534
-0.349964
-0.355534
-0.349964
-0.355534
-0.349964
-0.355534
-0.349964
-0.355534
-0.349964
-0.355534
-0.349964
-0.355534
-0.349964
-0.0998721
-0.210117
-0.0998721
-0.210117
-0.162846
0.0727986
-0.162846
0.0727986
-0.162846
0.0727986
0.46823
0.0727986
0.195498
0.0727986
0.195498
0.23811
0.195498
0.23811
0.195498
0.23811
0.195498
0.23811
0.140645
0.23811
-0.177737
0.272422
-0.177737
0.272422
-0.177737
0.272422
0.00278331
1.18009
0.00278331
0.595442
0.00278331
-0.29141
0.00278331
-0.267661
0.00278331
0.312658
0.00278331
0.312658
0.00278331
0.312658
0.00278331
0.312658
0.00278331
0.312658
0.00278331
0.312658
0.00278331
0.312658
0.0154636
-0.459927
0.0154636
-0.459927
0.0154636
0.0837556
-1.11498
0.0837556
-1.11498
0.0837556
1.2118
0.0837556
-0.620158
0.0837556
-0.709658
0.0837556
-0.709658
0.0837556
-0.709658
0.0837556
0.48741
0.0837556
0.887429
0.0837556
0.887429
0.0837556
0.887429
0.0837556
0.887429
0.0837556
-1.12493
-0.0687879
-0.962966
-0.0687879
-1.25567
-0.0687879
-1.25567
-0.0687879
-1.25567
-0.0687879
-0.821072
-0.0687879
-0.821072
-0.0687879
-0.821072
-0.0687879
0.1196
-0.0687879
0.1196
-0.0687879
0.1196
-0.0687879
0.489184
-0.0687879
0.489184
0.165506
0.489184
0.165506
0.489184
0.165506
-0.640705
0.165506
-0.640705
0.165506
-0.640705
0.165506
-0.640705
0.165506
-0.640705
0.165506
-0.640705
0.165506
-0.640705
0.165506
0.681539
0.165506
0.681539
0.165506
0.717061
0.165506
0.717061
0.165506
-0.721506
0.165506
-0.721506
0.261225
0.468543
-0.0624198
0.468543
-0.0624198
1.49568
-0.0624198
-0.396247
-0.0624198
0.314509
-0.0624198
-0.085013
-0.0624198
-0.085013
-0.0624198
-0.085013
-0.0624198
-0.085013
-0.0624198
-0.085013
-0.0624198
-0.085013
-0.0624198
-0.085013
-0.0624198
-0.085013
-0.0624198
-0.645066
-0.0624198
-0.216668
-0.0624198
1.06318
-0.0624198
-0.595174
-0.0624198
1.2868
-0.0624198
1.2868
-0.0624198
0.557414
-0.0624198
0.557414
-0.0624198
0.557414
-0.0624198
0.557414
0.0633544
0.557414
0.0633544
0.557414
0.0633544
0.557414
0.0633544
0.595208
0.0633544
0.595208
0.0633544
0.405743
0.0633544
0.405743
0.0633544
-0.470438
0.0633544
0.672242
0.0633544
0.672242
0.0633544
0.672242
0.0633544
0.216943
0.0633544
-0.692991
0.0633544
0.690508
0.0633544
0.690508
0.0633544
-0.0309423
0.232859
-0.0309423
0.448286
-0.0309423
0.448286
-0.0309423
0.448286
-0.0309423
0.448286
-0.0309423
-0.989593
-0.0309423
-0.989593
-0.0309423
-0.989593
-0.0309423
1.19138
-0.0309423
1.19138
-0.0309423
1.19138
-0.0309423
-1.58708
-0.0309423
-1.30653
-0.0309423
-0.32072
0.437508
-0.32072
0.437508
0.0845905
1.30395
0.0845905
-0.172369
0.0845905
-0.886127
0.0845905
-0.694173
0.0845905
-0.694173
0.0845905
0.285991
-0.0318135
0.285991
-0.0318135
-0.95372
-0.0318135
-0.448501
-0.0318135
-0.448501
-0.0318135
-0.159482
0.189249
-0.159482
0.189249
-0.567069
0.189249
0.225279
0.189249
0.225279
0.189249
0.257445
0.189249
0.257445
0.189249
0.257445
-0.87797
0.257445
-0.87797
0.257445
-0.87797
0.257445
-0.87797
0.257445
-0.87797
0.257445
-0.87797
0.257445
-0.87797
0.0833363
-0.96514
0.0833363
-0.96514
0.0833363
-1.41708
0.0833363
-1.41708
0.0833363
-1.35978
0.0833363
0.319045
0.0833363
-0.498433
0.0833363
-0.498433
0.0833363
-0.400515
0.0833363
0.279787
0.0833363
0.0153107
1.668
0.0153107
0.322169
0.0153107
0.322169
0.0153107
0.322169
0.0153107
0.322169
-0.0594783
0.358764
-0.0594783
-0.983009
-0.0594783
-0.983009
-0.0594783
-1.89856
-0.0594783
-1.89856
-0.0594783
-1.70828
-0.0594783
-1.70828
-0.0594783
-2.04691
-0.0594783
-0.213523
-0.0594783
-0.523576
-0.0594783
-0.523576
-0.101668
-0.523576
-0.101668
-0.523576
0.0555178
-0.302749
0.0555178
1.16044
0.0555178
1.16044
0.0555178
1.16044
0.0555178
1.01327
0.0555178
1.70358
0.0555178
1.70358
0.0555178
1.91538
0.0555178
0.781527
0.0555178
-0.656013
0.0555178
-0.656013
0.0555178
0.95984
0.0555178
-1.20354
0.0555178
1.38532
0.0555178
1.17619
0.0555178
1.17619
0.0555178
1.068
0.0555178
1.068
0.0555178
1.068
0.0555178
1.068
0.0555178
1.068
0.0555178
0.221617
0.0555178
0.221617
0.0555178
-0.183482
0.0555178
-1.49206
0.0555178
-1.49206
0.0555178
0.244917
0.0555178
0.244917
0.0555178
0.244917
0.0555178
0.244917
0.0555178
0.355564
0.0555178
0.355564
0.0555178
0.209267
0.0555178
0.209267
0.0555178
0.209267
0.0555178
0.209267
0.0555178
0.209267
0.0555178
0.209267
0.0555178
0.340136
0.0555178
0.340136
-0.0506937
0.340136
-0.0506937
0.340136
-0.0506937
0.340136
-0.0506937
0.644412
-0.0506937
0.644412
-0.0506937
-0.970071
-0.0506937
-1.74844
0.00750719
-1.74844
0.00750719
-1.74844
0.00750719
1.06509
0.00750719
1.48162
0.00750719
1.48162
0.00750719
-1.11467
0.00750719
0.366975
0.00750719
0.366975
0.2104
0.366975
0.224766
0.366975
0.224766
0.366975
0.224766
0.366975
0.224766
0.366975
0.224766
0.366975
0.224766
0.366975
0.224766
0.455379
0.224766
0.455379
0.224766
0.887611
0.224766
0.887611
0.224766
0.887611
0.224766
0.887611
0.224766
-0.663059
0.224766
-0.426526
-0.313695
-0.426526
0.0283118
-0.426526
0.0283118
0.514604
0.0283118
0.514604
0.0283118
0.514604
0.0283118
0.514604
0.0283118
-0.0413901
0.0283118
-0.0413901
-1.8592
-0.0413901
0.933819
-0.0413901
-0.216514
-0.0413901
-0.216514
-0.0413901
-0.216514
-0.0413901
0.804331
-0.018231
0.301667
-0.018231
1.53154
-0.018231
1.53154
-0.018231
0.0248096
-0.018231
0.0248096
-1.01076
0.0248096
-0.924603
0.0248096
-0.600937
0.0248096
-0.632056
0.0248096
-1.73525
0.0248096
-1.73525
0.0248096
-1.73525
0.0248096
-0.0290388
0.0248096
-0.275554
0.0248096
0.220271
0.0248096
0.220271
0.0248096
0.220271
0.0248096
0.220271
0.0248096
0.220271
0.635782
0.220271
0.635782
0.220271
0.635782
0.220271
0.635782
0.220271
0.635782
0.220271
0.635782
0.220271
-0.554058
0.220271
-0.554058
0.0288081
-0.554058
0.0288081
2.1575
0.0288081
1.6541
0.0288081
1.6541
0.0288081
1.6541
0.0288081
1.6541
0.0288081
-0.918575
0.0288081
-0.918575
0.0288081
-0.918575
0.0288081
1.10982
0.0288081
1.10982
0.0288081
1.10982
0.0288081
1.23026
0.0288081
1.23026
0.0288081
1.23026
0.0288081
1.23026
0.0288081
1.23026
0.0288081
1.23026
0.0288081
1.23026
0.0288081
1.23026
0.0288081
0.354919
0.0288081
0.4834
0.0288081
-0.205193
0.0288081
-0.205193
0.0288081
-0.205193
0.0288081
-0.205193
0.0288081
-0.34108
0.0288081
-0.34108
0.0288081
0.235097
0.0288081
2.2296
0.0288081
2.2296
0.0288081
1.79884
0.0288081
1.79884
0.0288081
1.79884
0.0288081
1.79884
0.0288081
0.468853
0.142802
0.468853
0.142802
0.468853
0.186781
0.468853
0.186781
0.468853
0.186781
0.468853
0.186781
0.468853
0.186781
-0.168783
0.186781
-0.168783
0.186781
-0.168783
0.186781
-0.168783
0.186781
-0.168783
0.186781
-0.168783
0.186781
-0.718655
0.186781
-0.718655
0.186781
0.494333
0.186781
0.855819
0.186781
0.855819
0.186781
0.855819
0.186781
0.855819
0.186781
0.855819
0.186781
0.855819
0.186781
0.855819
0.186781
0.855819
0.186781
0.855819
0.186781
0.689229
0.186781
0.689229
0.186781
-0.422737
0.186781
-0.422737
0.186781
-0.422737
0.186781
-0.422737
0.186781
-0.890773
0.186781
-0.890773
0.186781
-0.890773
0.00529706
-0.890773
0.00529706
-0.312385
0.00529706
-0.466551
0.00529706
0.206672
0.00529706
0.206672
0.00529706
0.412994
0.00529706
-0.0284187
0.00529706
0.176198
0.00529706
0.176198
-0.526453
0.176198
-0.526453
0.176198
-0.526453
0.176198
-0.526453
-0.305647
-0.50806
-0.305647
-0.50806
-0.305647
-0.50806
-0.305647
-0.50806
-0.305647
0.0127944
-0.305647
0.0127944
0.172352
0.0127944
-0.0440535
0.0127944
-1.11978
0.0127944
-1.11978
0.0127944
-1.69867
0.0127944
-1.69867
0.0127944
-1.69867
0.0127944
-1.69867
0.0127944
-1.69867
0.0127944
-1.69867
0.0127944
-1.69867
0.0127944
-1.69867
0.0127944
-0.718463
0.0127944
-0.718463
0.0127944
-0.695899
0.0127944
0.98488
0.0127944
-0.727681
0.0127944
-1.96205
0.0127944
-1.96205
0.0127944
-0.148332
0.0127944
-0.148332
0.0127944
-0.511806
0.0127944
-0.511806
0.0127944
-0.511806
0.0127944
-1.54637
0.0127944
-1.41691
0.0127944
-1.41691
0.0127944
-1.41691
0.0127944
-1.41691
0.0127944
-1.41691
0.0127944
1.388
0.0127944
-0.383008
0.0127944
-0.383008
0.0127944
-0.383008
-0.0622426
-0.383008
-0.0622426
-0.383008
-0.0622426
1.68127
0.079379
1.68127
0.079379
1.68127
0.079379
1.68127
0.079379
1.68127
0.079379
1.08528
0.079379
1.08528
0.079379
0.688575
0.079379
0.688575
0.079379
0.688575
0.079379
0.839204
0.079379
0.839204
0.079379
0.215601
0.079379
0.215601
0.079379
0.215601
0.079379
0.215601
0.079379
0.215601
0.079379
0.225665
0.079379
0.225665
0.079379
-0.316378
0.0187723
-0.185027
0.0187723
-0.00887791
0.0187723
0.752678
0.0187723
-0.311436
0.0187723
-0.768588
0.0187723
0.63091
0.0187723
0.63091
0.0187723
0.63091
0.0187723
0.63091
0.0187723
0.271514
0.0187723
0.451101
0.0187723
0.665706
0.0187723
-0.512314
0.0187723
-0.512314
0.0187723
-0.512314
0.0187723
1.5809
0.0187723
1.5809
0.0187723
0.382833
0.0187723
1.44457
0.0187723
-0.683526
-0.0344097
0.595835
-0.0344097
0.0993553
1.77604
0.0993553
-0.486007
0.0993553
-1.62466
0.0993553
-1.62466
0.0993553
-1.78954
0.0993553
1.06557
0.0993553
0.804539
0.0993553
0.804539
0.0993553
0.804539
0.0993553
0.804539
0.0993553
0.0953861
0.757813
0.0953861
0.0562028
0.0953861
0.0562028
0.294094
0.0562028
0.294094
0.0562028
0.294094
0.0562028
0.294094
0.0562028
0.294094
0.0562028
0.294094
0.17595
0.294094
0.17595
0.294094
0.17595
0.0714694
0.17595
0.0714694
0.17595
0.0714694
-1.37451
0.0714694
-1.37451
0.0714694
-1.22729
0.0714694
1.37103
0.0714694
0.981156
0.0714694
-1.18085
0.0714694
0.748226
0.0714694
0.748226
0.0714694
0.0492195
0.0714694
0.0566158
-0.60549
0.0566158
-0.940086
0.0566158
-0.940086
0.0566158
-1.27675
0.0566158
-0.698018
0.0566158
-1.05065
0.0566158
-0.289598
0.0566158
-0.289598
0.0566158
-0.289598
0.0566158
-0.289598
0.0566158
-0.289598
0.0566158
1.23166
0.0566158
1.23166
0.0566158
-1.0113
0.0566158
-1.0113
0.0566158
-0.47245
0.0566158
-0.47245
0.0566158
-0.47245
0.0566158
-0.00176809
0.0566158
-0.00176809
0.0566158
-0.00176809
0.0566158
-0.00176809
1.2832
-0.00176809
1.2832
-0.00176809
1.2832
-0.00176809
0.581821
-0.00176809
1.31427
-0.00176809
-0.037717
-1.32218
-0.037717
0.182622
-0.037717
-1.00558
-0.037717
-0.922944
-0.037717
0.55786
-0.037717
0.55786
-0.037717
1.26408
-0.037717
0.867821
-0.037717
-1.4697
-0.037717
0.825707
-0.037717
0.988424
-0.037717
-1.07339
-0.037717
-1.07339
-0.037717
0.300273
-0.037717
0.275456
-0.037717
0.275456
-0.037717
0.275456
-0.471412
0.395144
-0.471412
0.395144
-0.471412
0.0550814
0.67742
0.0550814
-0.433514
0.0550814
2.11903
0.0550814
0.850263
0.0550814
-0.816215
0.0550814
1.31211
0.0550814
0.481956
0.0550814
0.514833
0.0550814
-0.870807
0.0550814
-0.870807
0.0550814
0.863886
0.0550814
0.863886
0.0550814
-0.982285
0.0550814
0.267797
0.0550814
-0.269388
0.0550814
-0.269388
0.0550814
-0.269388
0.0550814
-0.846608
0.0550814
0.539939
0.0550814
0.437019
0.0550814
0.014431
1.5907
0.014431
0.592178
0.014431
-0.298363
0.014431
0.00513461
0.316292
0.00513461
0.316292
0.00513461
0.415829
0.00513461
0.415829
0.00513461
0.415829
0.00513461
0.0397216
0.00513461
-1.1267
0.00513461
-0.579577
0.00513461
-0.579577
0.00513461
0.206928
0.00513461
0.777686
0.00513461
0.777686
0.00513461
0.218995
0.00513461
0.218995
0.00513461
0.218995
0.00513461
1.37661
0.00513461
1.37661
0.00513461
-0.989751
0.00513461
-0.488447
0.00513461
-0.488447
0.00513461
-0.502592
0.301295
-0.502592
0.301295
-0.502592
0.301295
0.314594
0.301295
0.314594
0.301295
0.314594
0.301295
0.314594
-0.06396
0.314594
-0.06396
0.314594
0.139285
-0.241757
0.139285
-0.241757
0.139285
-0.241757
0.139285
-0.241757
0.139285
0.718033
0.139285
0.718033
0.139285
-1.18951
0.139285
0.253123
0.139285
-0.187409
0.139285
0.483018
0.139285
0.483018
0.139285
0.483018
0.139285
-0.00293024
0.139285
-0.00293024
0.139285
-0.00293024
0.870114
-0.00293024
0.870114
-0.00293024
0.870114
-0.00293024
0.664157
-0.00293024
0.304654
-0.00293024
0.304654
-0.00293024
0.304654
-0.00293024
0.304654
-0.394634
0.304654
-0.394634
0.304654
0.319631
0.304654
0.319631
0.304654
0.319631
-0.462601
-0.223854
-0.560451
-0.223854
-0.560451
-0.223854
-0.560451
-0.223854
-0.560451
-0.223854
-0.560451
-0.223854
0.415816
-0.223854
0.415816
0.0978767
0.415816
0.0978767
0.415816
0.117393
0.415816
0.117393
-0.534778
0.117393
-0.146801
0.117393
-0.146801
0.163228
-0.146801
0.163228
-0.146801
0.163228
-0.146801
0.161665
0.468773
0.161665
0.468773
0.161665
0.468773
0.161665
0.468773
0.161665
0.468773
0.161665
0.468773
0.161665
0.468773
0.161665
0.468773
0.161665
0.842707
0.161665
-0.851586
0.161665
0.183708
0.161665
0.183708
0.161665
0.183708
0.161665
-1.04465
0.161665
-1.04465
0.161665
-1.04465
0.161665
-1.04465
-0.0849933
-1.04465
-0.0849933
0.370025
-0.0849933
0.370025
-0.0849933
0.370025
-0.0849933
-1.88607
-0.0849933
1.06087
-0.0849933
1.06087
-0.0849933
1.06087
-0.0849933
1.06023
-0.0849933
-0.072321
-0.0849933
-0.173771
-0.0849933
-0.686778
-0.0849933
-0.757524
-0.0849933
-0.757524
-0.0849933
-0.770841
-0.0849933
-0.770841
-0.0849933
0.930131
-0.0849933
0.420255
-0.0849933
0.420255
-0.0849933
1.34889
-0.0849933
1.34889
-0.0849933
-0.215563
-0.0849933
-0.215563
-0.0849933
-0.594349
-0.0849933
-0.594349
-0.0357109
-0.594349
-0.0357109
-0.594349
-0.0357109
1.12575
-0.0357109
1.12575
-0.0357109
-1.53545
-0.0357109
-1.78273
-0.0357109
-1.78273
-0.0357109
-0.771409
-0.0357109
-1.29952
-0.0357109
-0.246847
-0.0357109
-0.246847
-0.0357109
-0.246847
-0.245131
-0.246847
-0.245131
-0.246847
-0.245131
-0.246847
-0.245131
-0.246847
-0.245131
-0.821546
-0.245131
-0.821546
-0.245131
0.785816
-0.245131
0.785816
-0.245131
0.378956
-0.245131
0.378956
-0.489652
0.378956
-0.293865
0.378956
-0.293865
0.378956
-0.293865
0.378956
-0.293865
0.378956
-0.293865
0.378956
-0.293865
0.378956
-0.293865
0.378956
-0.293865
0.378956
-0.293865
0.378956
-0.293865
-0.0622264
-0.293865
-0.0622264
-0.293865
-0.0622264
-0.293865
-0.0622264
-0.293865
-0.0622264
-0.293865
-0.0622264
1.23092
-0.0622264
1.23092
-0.0622264
1.23092
-0.0622264
-0.67739
-0.0622264
-0.67739
-0.0622264
0.624094
-0.0622264
0.624094
-0.0622264
0.624094
-0.0622264
-0.101228
-0.0622264
-0.101228
-0.0622264
-0.101228
-0.0622264
-0.101228
-0.0622264
-0.101228
-0.0622264
0.0184511
-0.0622264
0.0184511
-0.0622264
0.125924
-0.0622264
0.125924
0.215771
0.125924
-1.22761
0.125924
-1.22761
0.125924
1.28984
0.125924
1.28984
0.125924
-0.540479
0.125924
-0.0671756
0.125924
-0.0671756
1.43142
-0.0671756
1.32166
-0.0671756
1.32166
-0.0671756
1.32166
-0.0671756
1.32166
-0.00598646
1.32166
-0.00598646
-0.474501
-0.00598646
-0.512542
0.176169
0.928674
0.176169
0.928674
0.176169
-0.032506
0.176169
-0.032506
-1.17492
-0.032506
-1.17492
-0.0598288
-1.5697
-0.0598288
-1.5697
-0.0598288
-1.5697
-0.0598288
-0.790402
-0.0598288
-0.790402
-0.0598288
-0.790402
-0.0598288
-0.790402
-0.0598288
-0.844615
-0.0598288
-0.844615
-0.0598288
-0.844615
-0.0598288
-0.844615
-0.0598288
-0.844615
-0.0598288
-0.298896
-0.0598288
-0.298896
-0.0598288
-0.298896
-0.0598288
-0.298896
-0.0598288
-0.298896
-0.0598288
0.504073
0.0231628
0.504073
0.0231628
0.504073
0.0231628
0.504073
0.0231628
-0.167939
0.0231628
-0.167939
0.648439
-0.167939
0.648439
-0.167939
-0.370801
-0.167939
-0.370801
-0.167939
0.161982
-0.167939
0.161982
0.466911
0.161982
-0.427002
-0.447176
-0.427002
-0.447176
-0.427002
-0.447176
-0.427002
-0.447176
-0.427002
0.436756
-0.427002
0.379076
-0.427002
0.379076
-0.427002
0.379076
-0.427002
0.379076
-0.427002
0.379076
-0.427002
0.272725
-0.427002
0.272725
-0.427002
0.272725
-0.427002
0.272725
-0.427002
0.272725
-0.427002
0.272725
-0.427002
0.272725
0.248513
-0.758033
0.248513
0.463743
0.248513
0.463743
0.248513
0.565533
0.248513
0.565533
0.248513
0.565533
0.248513
0.565533
0.248513
0.565533
0.248513
0.977815
0.248513
0.977815
0.248513
0.977815
0.248513
0.635911
0.248513
0.635911
0.248513
-0.239611
0.248513
-0.239611
0.248513
0.511665
0.248513
0.511665
0.248513
0.0398548
0.519858
0.0398548
0.0366346
0.672594
0.0366346
-0.0615296
-0.590399
-0.0615296
0.711003
-0.0615296
0.38727
0.142702
-0.990012
0.142702
-0.145381
0.142702
-0.145381
0.142702
-0.145381
0.142702
-0.145381
0.142702
-0.145381
0.109726
-0.145381
-0.984403
-0.145381
-0.984403
-0.145381
0.248025
-0.145381
-0.0838832
-0.145381
-0.0838832
-0.145381
-0.0838832
-0.145381
-0.0838832
-0.145381
-0.0838832
-0.0888575
0.0823028
-0.0888575
0.0823028
-0.0888575
0.0823028
-0.100969
0.0823028
-0.100969
0.0823028
-0.100969
0.0823028
-0.100969
0.0823028
0.0299093
0.0823028
-0.854509
0.0823028
-0.854509
0.0823028
-0.854509
0.0823028
0.421838
0.0823028
0.421838
0.0823028
0.403649
0.0823028
0.403649
0.0823028
0.403649
0.0823028
-0.427962
0.0823028
-0.427962
0.0823028
-0.427962
0.0823028
-0.427962
0.0823028
-0.427962
0.0823028
-0.427962
0.0823028
-0.427962
0.0823028
-0.427962
0.0823028
-0.427962
0.0823028
-0.427962
0.0823028
-0.427962
0.0823028
-0.427962
0.0823028
-0.490492
0.0823028
-0.768141
0.0823028
-0.768141
0.0823028
-0.768141
0.0823028
-0.768141
3.23418e-05
-0.265067
3.23418e-05
-0.514572
3.23418e-05
0.838954
3.23418e-05
1.27071
3.23418e-05
2.24774
3.23418e-05
0.289892
3.23418e-05
0.289892
3.23418e-05
0.289892
3.23418e-05
-1.00759
3.23418e-05
-1.00759
3.23418e-05
-1.00759
3.23418e-05
0.300798
3.23418e-05
0.300798
-0.00932009
-1.45883
-0.00932009
0.948587
-0.00932009
-0.818761
-0.00932009
-0.818761
-0.00932009
-0.818761
-0.00932009
-0.818761
-0.00932009
0.193456
-0.00932009
-0.804533
-0.00932009
1.15753
-0.00932009
1.15753
-0.00932009
1.15753
-0.00932009
1.15753
-0.00932009
1.15753
-0.00932009
0.812514
-0.00932009
0.812514
-0.00932009
2.20563
-0.00932009
2.20563
-0.00932009
2.20563
-0.00932009
2.20563
-0.00932009
2.76643
-0.00932009
0.435473
-0.00932009
0.435473
-0.00932009
0.435473
-0.00932009
0.435473
-0.00932009
0.435473
-0.00932009
0.435473
0.192149
0.435473
0.192149
0.435473
0.192149
0.435473
0.192149
-0.288761
0.192149
-0.288761
0.192149
-0.288761
0.192149
-0.288761
-0.331488
-0.288761
-0.331488
-0.288761
-0.331488
0.0629614
-0.331488
0.0629614
-0.331488
0.0629614
-0.331488
0.0629614
-0.331488
0.0629614
-0.331488
0.0629614
1.75423
0.0629614
1.75423
0.0629614
1.75423
0.0629614
1.75423
0.0629614
1.75423
0.0629614
1.24134
0.0629614
-0.0788508
0.0629614
-0.266643
0.0629614
-0.266643
0.0629614
-0.230093
-0.108652
-0.230093
-0.108652
-0.139662
-0.108652
-0.139662
-0.108652
-0.139662
-0.108652
-0.139662
-0.108652
-0.139662
-0.108652
-0.648224
-0.108652
-0.164151
-0.108652
-0.164151
-0.687893
-0.164151
-0.687893
-0.164151
0.894174
-0.164151
0.894174
-0.164151
0.894174
-0.164151
0.894174
-0.164151
0.448339
-0.164151
0.448339
-0.164151
-0.405912
-0.164151
-0.405912
-0.164151
-0.405912
-0.164151
0.0198251
-0.164151
0.154277
-0.164151
0.154277
-0.16506
0.154277
0.208071
0.193229
0.208071
0.193229
0.208071
0.193229
0.208071
0.193229
0.208071
0.193229
0.208071
0.193229
0.208071
0.193229
-0.34963
0.193229
-0.34963
-0.334716
-0.34963
-0.334716
-0.34963
-0.334716
-0.34963
-0.334716
0.198401
0.521812
-0.226061
0.521812
-0.226061
0.521812
-0.226061
0.521812
-0.0392216
0.521812
0.222878
0.521812
0.222878
0.521812
0.222878
0.521812
0.222878
-1.08768
0.222878
-1.08768
0.222878
-1.08768
0.222878
-1.08768
0.222878
1.12919
0.222878
1.12919
0.222878
-0.675101
0.222878
0.209408
0.222878
1.59246
0.222878
1.57553
0.222878
-0.520911
0.222878
-0.520911
0.222878
-0.520911
0.222878
-0.520911
0.222878
-0.520911
0.222878
-0.35386
0.222878
-0.35386
0.222878
-0.35386
0.222878
0.340361
0.222878
0.475229
0.222878
0.475229
0.222878
0.475229
0.242549
0.475229
0.242549
0.412906
0.242549
-0.406479
0.242549
-0.406479
0.242549
-0.406479
-0.223212
-0.406479
-0.223212
-0.406479
-0.223212
-0.406479
-0.223212
-0.406479
-0.223212
-0.406479
-0.223212
-0.406479
-0.223212
-0.406479
-0.223212
-0.53648
-0.223212
-0.53648
-0.223212
-0.441945
-0.223212
0.0337631
0.189142
1.44868
0.189142
-1.36372
0.189142
-1.36372
0.189142
-0.965241
0.189142
-0.965241
0.189142
-0.602942
0.189142
-0.602942
0.189142
-0.602942
0.189142
0.824258
0.189142
0.824258
0.189142
0.824258
0.189142
0.824258
0.189142
0.408591
0.197104
0.408591
-0.0725927
0.408591
-0.0725927
0.408591
0.0541307
0.408591
0.0541307
0.408591
0.0541307
0.239215
0.0541307
0.239215
0.0541307
0.239215
0.0541307
0.239215
0.0541307
-0.178061
0.242663
-0.178061
0.242663
-0.178061
0.488296
-0.178061
0.488296
-0.178061
0.488296
-0.178061
0.488296
-0.178061
0.488296
-0.178061
0.095515
0.506862
0.095515
0.506862
0.095515
0.506862
0.095515
0.749235
0.095515
0.749235
0.132863
0.749235
0.132863
0.749235
0.132863
0.749235
0.132863
0.236669
-0.555076
0.236669
-0.555076
0.236669
-0.133437
0.236669
-0.394673
0.236669
-0.394673
0.236669
-0.394673
0.236669
-0.394673
0.236669
-0.394673
0.236669
-0.394673
0.236669
-0.394673
0.236669
-0.394673
-0.393669
-0.394673
-0.393669
-0.394673
0.233963
-0.394673
0.233963
-0.394673
0.233963
-0.394673
0.233963
-0.472815
0.233963
-0.472815
0.233963
-0.472815
-0.0491958
-0.472815
-0.0491958
-0.472815
-0.0491958
-0.472815
-0.0491958
0.54039
-0.0491958
0.54039
-0.0491958
0.729252
-0.0491958
-0.744816
-0.0491958
-0.744816
-0.0491958
-0.744816
-0.0491958
-0.744816
-0.0491958
-0.460062
-0.0491958
-0.460062
-0.0491958
-0.689191
0.00910854
-0.689191
0.00910854
0.275704
0.00910854
-1.79379
0.00910854
-1.79379
0.00910854
-1.79379
0.00910854
-1.56958
0.00910854
-1.49786
0.00910854
0.0889371
0.00910854
0.00192948
0.164687
1.07448
-0.149076
0.300865
-0.149076
0.722638
-0.149076
-0.497684
0.0787493
1.1204
0.0787493
1.1204
0.0787493
1.1204
0.0787493
1.1204
0.0787493
1.1204
0.0787493
1.1204
0.0787493
1.1204
0.0787493
1.1204
0.0787493
-0.803614
0.0787493
-0.932014
0.0787493
-0.0261483
0.858912
-0.0261483
0.42615
-0.0261483
0.224113
-0.0261483
0.224113
-0.0261483
0.855129
-0.0261483
-1.41587
-0.0261483
-1.41587
-0.0261483
-1.41587
-0.0261483
-1.12913
-0.0261483
-0.783799
-0.0261483
-0.783799
-0.0261483
0.702468
-0.0261483
0.702468
-0.0261483
-0.700894
-0.0261483
0.442285
-0.0261483
0.442285
-0.0261483
-0.773598
-0.0261483
-0.666876
-0.0261483
1.54503
-0.0261483
-0.814986
-0.0261483
1.04644
-0.0261483
-0.83857
-0.0261483
-0.83857
-0.0261483
-0.83857
-0.0261483
-0.798343
-0.0261483
0.208474
-0.0261483
0.208474
-0.0261483
0.208474
-0.0261483
0.208474
-0.0261483
0.208474
-0.0261483
0.475006
-0.0261483
-0.0966308
-0.0261483
-0.0966308
-0.0261483
-0.328172
-0.0261483
-0.328172
-0.0261483
0.565057
-0.0261483
0.805825
-0.0261483
0.805825
-0.0261483
-1.72241
-0.0261483
-1.72241
-0.0261483
1.23862
-0.0261483
0.79201
-0.0261483
0.823876
-0.0261483
0.823876
-0.0261483
0.929576
-0.0261483
0.929576
-0.0261483
0.929576
-0.0261483
0.929576
0.0878843
0.929576
0.0878843
0.494314
0.0878843
0.8369
0.0878843
0.679235
0.0878843
0.989747
0.0878843
0.621839
0.0878843
0.60176
0.0878843
0.848629
0.0878843
0.848629
0.0878843
0.848629
0.0878843
0.848629
-0.136977
0.848629
-0.136977
0.924948
-0.136977
0.924948
-0.136977
-0.929572
-0.136977
0.573369
-0.136977
-0.51524
-0.136977
-0.51524
-0.136977
-0.51524
-0.136977
0.111497
-0.136977
0.111497
1.0018
0.111497
1.0018
0.111497
1.0018
0.111497
1.0018
0.111497
0.323049
0.111497
-0.652442
0.111497
-0.731695
0.111497
-0.731695
-0.0624022
-0.708433
-0.000689603
1.10495
-0.000689603
1.04237
-0.000689603
1.04237
-0.000689603
1.04237
-0.000689603
1.04237
-0.000689603
-0.314017
-0.000689603
-1.74105
-0.054996
-1.74105
-0.054996
-0.499906
-0.054996
-2.56641
-0.054996
-1.65744
-0.054996
-1.24628
-0.054996
0.410453
-0.054996
0.19081
-0.054996
0.19081
-0.054996
0.148259
0.035331
0.148259
-0.41088
0.148259
-0.41088
0.148259
-0.41088
0.148259
-0.41088
0.148259
-0.41088
0.148259
-0.41088
0.148259
-0.212293
0.148259
-0.212293
0.148259
-0.212293
0.148259
-0.212293
0.148259
-0.245936
0.148259
-0.245936
0.148259
-0.245936
0.148259
-0.245936
0.148259
-0.245936
-0.123189
-0.245936
-0.123189
-1.17157
-0.123189
-1.57318
-0.123189
-1.57318
-0.123189
-1.57318
-0.123189
-0.088552
-0.0317575
2.71032
-0.0317575
0.996217
-0.0317575
0.996217
-0.0317575
-1.16496
-0.0317575
-1.16496
-0.0317575
-1.16496
-0.0317575
-1.05485
-0.0317575
-0.170838
-0.0317575
-0.170838
-0.0317575
1.66388
-0.0317575
-0.471939
-0.0317575
0.0203099
-0.0317575
0.0203099
-0.0317575
0.0203099
-0.0317575
0.0203099
0.379006
0.0203099
-0.685467
-0.178975
-0.685467
-0.178975
-0.685467
-0.178975
0.812429
-0.178975
0.812429
-0.178975
0.812429
-0.178975
0.812429
-0.178975
-0.320946
-0.178975
-0.320946
-0.178975
-0.320946
-0.178975
-0.320946
-0.178975
-0.320946
-0.178975
-0.320946
-0.178975
-0.320946
-0.178975
0.758225
-0.178975
-0.500653
-0.178975
-0.16035
0.281986
-0.16035
-0.35507
-0.16035
-0.35507
0.143847
-0.35507
0.0876035
-0.35507
0.0876035
0.806218
0.0876035
-0.307873
0.0876035
-0.307873
0.0876035
0.842119
0.0876035
0.469135
0.0876035
0.469135
-0.300579
-0.363886
-0.300579
-0.363886
-0.300579
-0.363886
0.364979
-0.363886
0.364979
-0.363886
0.364979
-0.363886
0.364979
-0.107221
0.364979
-0.107221
-0.738502
-0.107221
-0.751145
-0.107221
-0.751145
-0.107221
-1.14827
-0.107221
-1.14827
-0.107221
-1.2635
-0.107221
-1.2635
-0.107221
-1.2635
-0.107221
0.307555
0.0181074
-0.782374
0.0181074
-0.782374
0.0181074
-0.782374
0.0181074
-0.782374
-0.0071609
0.134315
-0.0071609
-0.0256317
0.179128
-0.0256317
1.75967
-0.0256317
1.75967
-0.0256317
1.75967
-0.0256317
-1.15653
-0.0256317
-1.15653
-0.0256317
-1.70168
-0.0256317
-1.24694
-0.0256317
0.421244
-0.0256317
0.421244
-0.0256317
1.15187
-0.0256317
-1.47865
-0.0256317
-1.47865
-0.0256317
-1.47865
-0.0256317
-1.32558
-0.0256317
-1.32558
-0.0256317
0.839418
-0.0256317
0.839418
-0.0256317
0.19356
-0.0256317
-0.324473
-0.279118
-0.324473
-0.279118
-0.324473
-0.279118
-0.324473
-0.279118
0.516683
-0.279118
-0.387628
0.421027
-0.387628
0.421027
-0.387628
0.181513
-0.387628
0.181513
0.518409
0.181513
-1.12048
0.181513
0.793242
0.181513
0.793242
0.181513
0.793242
-0.2807
0.793242
-0.2807
0.793242
-0.2807
0.793242
-0.2807
0.793242
-0.2807
-0.226091
-0.2807
-0.226091
-0.2807
-0.226091
-0.2807
-0.226091
0.45206
-0.226091
0.45206
0.241783
0.45206
0.241783
0.45206
0.241783
0.45206
0.241783
0.45206
0.0768535
0.45206
0.0768535
0.522723
0.0768535
0.522723
0.0768535
-0.331986
0.0768535
0.164337
0.0768535
0.164337
0.0768535
0.164337
0.0768535
0.164337
0.0768535
0.164337
0.0768535
0.164337
0.53391
0.164337
0.53391
0.164337
0.0951183
0.164337
0.0951183
0.164337
0.0951183
0.164337
0.0951183
0.245402
0.303557
0.386447
0.303557
0.386447
0.303557
0.386447
0.303557
0.386447
0.303557
0.0501237
0.303557
0.0501237
0.303557
0.0501237
0.121714
0.0501237
0.121714
0.0501237
0.121714
0.0501237
0.121714
0.176583
0.121714
0.176583
0.121714
0.176583
0.121714
0.176583
0.121714
0.46657
0.121714
0.571183
0.121714
0.571183
0.121714
0.571183
0.121714
0.571183
0.121714
0.571183
0.121714
-0.506434
0.121714
-0.506434
0.121714
-0.506434
0.121714
-0.139701
0.121714
-0.139701
0.356942
-0.139701
0.356942
-0.139701
0.356942
-0.139701
0.356942
-0.471244
0.356942
0.519229
0.356942
0.519229
0.356942
0.519229
0.356942
0.519229
0.356942
0.519229
-0.130833
0.519229
-0.130833
0.695814
-0.130833
0.695814
-0.130833
0.695814
-0.130833
0.641748
-0.130833
0.641748
-0.130833
0.641748
-0.130833
0.641748
-0.130833
0.641748
-0.130833
0.641748
-0.130833
0.641748
-0.130833
0.641748
-0.130833
0.641748
-0.130833
0.641748
-0.130833
-0.700147
-0.130833
-0.700147
-0.130833
-0.700147
-0.130833
-0.700147
-0.130833
-0.700147
-0.130833
-0.345013
-0.130833
-0.345013
-0.130833
0.442991
-0.130833
0.442991
-0.130833
0.442991
-0.130833
-0.417081
-0.130833
-0.417081
-0.130833
-0.417081
-0.130833
-0.417081
-0.130833
1.28951
-0.130833
1.28951
-0.130833
-1.51713
-0.130833
-1.51713
-0.130833
-1.51713
-0.130833
-0.401264
-0.130833
-0.401264
-0.343378
-0.414978
-0.343378
-0.414978
-0.343378
-0.414978
-0.236028
-0.414978
-0.236028
-0.376667
-0.236028
-0.376667
-0.236028
-0.376667
-0.236028
-0.376667
-0.236028
0.0044355
-0.236028
0.0044355
0.0719135
-1.40015
-0.0860428
-1.58523
-0.0860428
-0.17621
-0.0860428
-0.17621
-0.0860428
-0.17621
-0.0860428
-0.17621
-0.0860428
-0.983473
-0.0860428
-0.983473
-0.0860428
-0.983473
-0.0860428
-0.983473
-0.0860428
-0.789245
-0.0860428
0.376115
-0.0860428
-0.475604
-0.0860428
-0.475604
-0.0860428
0.749
-0.0860428
1.3468
-0.0860428
1.3468
-0.0860428
1.3468
-0.0860428
0.701402
-0.0860428
0.701402
-0.0860428
-1.13479
-0.0860428
-1.13479
-0.0860428
0.27934
-0.0860428
-1.3338
-0.0860428
-1.15154
0.121204
-1.15154
0.121204
0.0860911
0.121204
0.0860911
0.121204
-1.46749
0.121204
-1.46749
0.121204
-1.16529
0.121204
-1.16529
0.121204
-1.14231
0.121204
1.19226
0.121204
1.19226
0.121204
1.19226
0.121204
1.19226
0.121204
1.19226
0.121204
1.19226
-0.0222131
1.19226
-0.0222131
1.19226
-0.0222131
1.13735
-0.0222131
1.13735
-0.0222131
0.606718
-0.0222131
-1.19306
-0.0222131
1.16659
-0.0222131
1.16659
-0.0222131
0.359107
-0.0222131
0.865795
-0.0222131
-1.78106
-0.0222131
-1.4492
-0.0222131
-1.4492
-0.0222131
-1.50411
-0.0222131
-1.50411
-0.0222131
-1.50411
-0.0222131
-0.627611
-0.0222131
-0.627611
-0.0222131
-0.81362
-0.0222131
-0.81362
-0.0222131
0.388258
-0.0222131
0.388258
-0.0222131
0.388258
-0.0222131
0.506573
-0.0222131
0.512428
-0.0222131
2.17462
-0.0222131
-0.167857
-0.0222131
-0.167857
-0.0222131
-0.167857
-0.0222131
-0.871908
-0.0222131
0.398949
-0.0222131
0.398949
0.0115736
2.12897
0.0115736
1.38081
0.0115736
-1.11438
0.0115736
-1.11438
0.0115736
0.397519
0.226993
0.397519
0.226993
0.397519
0.226993
0.397519
0.226993
0.397519
0.226993
0.397519
0.226993
0.397519
0.226993
-0.765264
0.229311
-0.40577
0.229311
-0.40577
0.270298
-0.40577
0.270298
-0.40577
0.270298
-0.40577
0.270298
-0.40577
0.270298
-0.40577
0.187891
0.714159
0.187891
0.482539
0.187891
-0.493852
0.187891
-0.493852
0.187891
-0.493852
-0.0400763
1.0107
-0.0400763
1.0107
-0.0400763
1.0107
-0.0400763
-0.848193
-0.0400763
0.414483
-0.0400763
0.71385
-0.0400763
0.788888
0.135434
0.867891
0.135434
0.867891
-0.100544
-0.364543
-0.100544
-0.364543
-0.100544
-0.364543
-0.100544
-0.364543
-0.100544
-0.364543
-0.100544
-0.364543
-0.100544
-0.364543
0.0151258
1.16784
0.0151258
1.16784
0.0151258
1.30837
0.0151258
0.0781603
-1.10422
0.0596045
-1.10422
0.0596045
-1.10422
0.0596045
1.63759
-0.134222
-0.869599
-0.134222
-0.476987
-0.134222
-0.476987
-0.134222
0.838271
-0.134222
0.838271
-0.134222
0.838271
-0.134222
-0.0649217
0.763729
-0.0649217
0.763729
-0.0649217
0.763729
-0.0320446
-0.262553
-0.0320446
-0.262553
-0.0320446
0.109741
-0.0320446
-0.245743
-0.0320446
-0.245743
-0.0320446
-0.659377
-0.0320446
-0.659377
-0.0320446
-0.659377
-0.0320446
-0.490426
-0.0320446
-0.490426
-0.0320446
-0.426159
-0.0320446
-0.426159
-0.0320446
-0.426159
-0.0320446
1.10639
-0.0320446
-0.62506
-0.0320446
0.128757
-0.0320446
0.128757
-0.0320446
0.128757
-0.0320446
0.268785
0.181322
0.268785
0.181322
0.268785
0.181322
0.268785
0.181322
0.712674
0.181322
0.712674
0.181322
0.712674
0.181322
0.712674
0.181322
0.712674
0.181322
0.712674
0.181322
0.712674
0.181322
0.712674
0.181322
0.712674
0.181322
0.712674
0.181322
0.712674
0.181322
0.712674
0.181322
0.712674
0.181322
0.712674
0.181322
0.712674
0.181322
-0.909525
0.181322
-0.909525
0.181322
0.469342
0.181322
0.469342
0.181322
-0.245872
0.181322
-0.245872
0.181322
-0.245872
0.181322
-0.707564
0.181322
-0.450982
0.181322
-0.24394
-0.186546
-0.24394
-0.186546
-0.24394
-0.186546
-0.49665
-0.186546
-0.49665
-0.186546
-0.49665
-0.186546
-0.49665
-0.186546
-0.49665
-0.186546
-0.49665
-0.136714
-0.49665
-0.136714
-0.49665
-0.136714
-0.49665
-0.136714
-0.49665
-0.136714
-0.49665
-0.136714
-0.49665
-0.136714
-0.0959222
-0.136714
0.458389
-0.136714
0.458389
-0.136714
0.458389
-0.136714
0.458389
-0.136714
0.458389
-0.136714
0.458389
-0.136714
0.458389
-0.136714
0.458389
-0.136714
0.458389
-0.136714
-0.26145
-0.136714
-0.26145
-0.136714
-0.26145
-0.136714
-0.26145
-0.136714
-0.26145
-0.136714
-0.26145
-0.136714
-0.26145
0.632843
-0.26145
0.632843
-0.26145
0.632843
-0.26145
0.632843
-0.26145
0.632843
-0.26145
0.632843
-0.26145
0.305794
-0.26145
0.305794
-0.26145
0.305794
-0.26145
-0.173142
-0.26145
-0.223548
0.198453
-0.308129
0.198453
-0.308129
0.198453
-0.308129
0.198453
-0.308129
0.198453
-0.308129
0.198453
-0.308129
0.198453
0.616119
0.198453
0.616119
0.198453
0.616119
0.198453
0.616119
-0.152577
0.616119
-0.152577
0.626908
-0.0680335
0.626908
-0.0680335
0.626908
-0.0680335
0.626908
-0.0680335
0.626908
-0.0680335
0.796623
-0.0680335
0.796623
0.0101103
0.796623
0.0101103
0.796623
0.0101103
-0.790643
0.0101103
-0.790643
0.0101103
-0.790643
0.0101103
-0.647026
0.0101103
0.893499
0.0101103
0.893499
0.0101103
0.893499
0.0101103
0.893499
0.0101103
0.893499
0.0101103
0.406402
0.0101103
0.406402
0.0101103
0.774937
0.0101103
0.774937
0.0101103
0.294823
0.0101103
0.294823
-0.529328
0.294823
-0.529328
0.294823
-0.529328
0.294823
-0.306503
0.294823
-0.306503
0.294823
-0.306503
0.294823
-0.306503
0.294823
0.574495
0.294823
0.574495
0.294823
0.574495
0.294823
0.574495
0.294823
0.574495
0.294823
0.574495
0.294823
0.574495
0.294823
0.574495
0.294823
0.574495
0.294823
0.574495
-0.235492
0.574495
-0.235492
0.574495
-0.235492
0.574495
-0.235492
-0.0425125
-0.235492
-0.0425125
-0.235492
-0.0425125
-0.235492
-0.0425125
-0.235492
-0.031493
0.391942
0.460077
-0.0455967
0.460077
-0.0455967
0.460077
-0.0455967
0.460077
-0.0455967
0.460077
-0.0455967
-0.303889
-0.0455967
-0.303889
-0.0455967
-0.441597
-0.0455967
2.26005
0.0408919
1.33583
0.0408919
1.33583
0.0408919
1.33583
0.0408919
-1.13403
0.0408919
-0.713494
0.0408919
-0.713494
0.0408919
0.887957
0.0408919
-0.839487
0.0408919
-0.839487
0.0408919
-0.368317
0.0408919
1.08946
0.273904
0.939678
0.273904
0.0596334
0.425998
0.0596334
0.425998
0.0596334
0.425998
0.0596334
-0.0283759
-1.26981
-0.0283759
-1.6033
-0.0283759
-0.852269
-0.0283759
-0.852269
-0.0283759
-0.884636
-0.0283759
-0.884636
-0.0283759
-1.82477
-0.0283759
-0.890478
-0.0283759
0.489752
0.185299
0.489752
0.185299
0.489752
0.185299
0.489752
0.185299
-0.455598
0.185299
-0.455598
0.185299
-0.455598
0.185299
-0.455598
0.185299
0.2102
0.185299
-0.0996658
0.185299
-0.0996658
0.185299
-0.0996658
0.185299
0.245574
0.185299
0.245574
0.185299
0.126236
0.185299
-0.223492
0.185299
0.165761
0.185299
0.165761
0.185299
0.165761
0.185299
0.165761
0.185299
0.165761
-0.747642
0.165761
-0.747642
0.165761
0.878579
0.165761
0.878579
0.165761
0.878579
0.165761
0.878579
0.165761
0.878579
0.165761
0.878579
0.165761
0.878579
0.165761
0.878579
0.165761
0.0815912
0.165761
0.0815912
0.165761
0.0815912
-0.611035
0.0815912
0.781507
0.0815912
1.3318
0.0815912
-0.364534
0.0815912
-0.364534
0.0815912
-0.364534
0.0815912
-0.364534
-0.314214
0.0141668
-0.314214
0.0141668
1.10741
0.0141668
-1.68488
0.0141668
-1.91971
0.0141668
-0.298885
0.0141668
-0.192361
0.0141668
-0.192361
0.0141668
-0.261879
0.0141668
0.430006
0.0141668
0.430006
0.0141668
-0.3433
-0.158557
-0.3433
-0.158557
0.380985
-0.158557
0.380985
0.0788592
0.380985
0.0788592
0.380985
0.0788592
0.380985
0.0788592
-0.809093
0.0788592
0.356909
0.0788592
-0.421079
0.0788592
-0.101495
0.0788592
-0.101495
-0.0308468
-1.51367
-0.0308468
-1.51367
-0.0308468
-0.974671
-0.0308468
-0.974671
-0.0308468
-0.695302
-0.0308468
-0.695302
-0.0308468
-0.695302
-0.0308468
-0.695302
-0.0308468
-0.695302
-0.0308468
-0.695302
-0.0308468
-0.695302
-0.0308468
-0.0178488
-0.0308468
0.926102
-0.0308468
0.975264
-0.0308468
0.657184
-0.0308468
0.657184
-0.0308468
0.657184
-0.0308468
0.369847
-0.0308468
0.335099
-0.0308468
0.335099
-0.0308468
0.335099
-0.0308468
-1.3713
-0.0308468
-1.19802
-0.0308468
-1.5338
-0.0308468
-1.5338
-0.0308468
-1.5338
-0.0308468
1.34984
-0.0308468
1.34984
-0.0308468
-0.771909
-0.0308468
0.457676
-0.0308468
-0.896351
-0.0308468
-1.00125
-0.0308468
-1.00125
-0.0308468
1.92218
-0.0308468
-0.0119045
1.71772
-0.0119045
-0.651809
-0.0119045
0.454657
-0.0119045
0.403609
-0.0119045
0.403609
-0.0119045
0.886474
-0.0119045
0.886474
-0.0119045
0.886474
-0.0119045
0.25891
-0.0119045
0.25891
0.45642
0.25891
0.45642
0.25891
0.45642
0.25891
0.45642
0.25891
0.45642
0.25891
0.45642
0.25891
0.45642
0.25891
0.45642
0.25891
0.0921409
0.25891
0.0921409
0.25891
0.0921409
0.25891
-0.239284
0.25891
-0.239284
0.25891
-0.239284
0.25891
-0.239284
0.25891
-0.239284
0.25891
0.117385
0.25891
0.117385
-0.730006
0.117385
-0.730006
0.117385
0.360736
0.117385
1.13969
0.117385
1.13969
0.117385
1.13969
0.117385
1.13969
0.117385
1.13969
0.117385
0.925182
0.117385
0.925182
0.117385
0.925182
0.117385
0.925182
-0.334845
0.925182
-0.334845
0.925182
-0.334845
0.925182
-0.268943
0.925182
-0.268943
0.925182
-0.268943
0.925182
-0.268943
0.925182
-0.268943
0.925182
0.272178
0.452088
0.272178
0.452088
0.272178
0.452088
-0.00555038
0.3455
-0.00555038
0.79537
-0.00555038
0.79537
-0.00555038
0.79537
-0.00555038
0.79537
-0.00555038
0.79537
-0.00555038
1.60791
-0.00555038
1.75703
-0.00555038
1.75703
-0.00555038
2.37055
-0.00555038
0.108462
-0.00555038
0.108462
-0.00555038
0.108462
-0.0902642
0.108462
-0.0902642
0.108462
-0.0902642
-0.914435
-0.0902642
-0.914435
-0.0902642
-0.661437
-0.0902642
0.564932
-0.0902642
0.564932
-0.0902642
0.820604
-0.0902642
0.820604
0.181574
-0.470325
0.480245
-0.470325
0.0263429
-0.470325
0.0263429
-0.470325
0.0263429
-0.470325
0.0263429
-0.470325
0.0263429
-0.470325
0.0263429
-0.470325
0.0263429
-1.77319
0.0263429
0.721536
0.0263429
0.559424
0.0263429
-0.832001
0.0263429
-0.832001
0.0263429
1.80738
0.0263429
1.80738
0.0263429
0.85689
0.0263429
0.465133
0.0263429
0.465133
0.0263429
2.14326
0.0263429
0.435792
0.0263429
0.435792
0.0263429
-1.87136
0.0263429
-1.21333
0.0263429
-1.21333
0.0263429
-1.21333
0.0263429
-1.21333
0.0263429
1.61286
0.0263429
1.61286
0.0263429
0.799561
0.0263429
0.799561
0.0263429
0.799561
0.0263429
0.799561
0.0787381
0.441396
0.437579
0.236747
0.374593
0.236747
0.374593
0.236747
0.374593
0.236747
0.374593
0.00502041
0.374593
0.00502041
0.374593
0.00502041
0.374593
0.00502041
-0.539697
0.00502041
-0.539697
0.00502041
-0.539697
0.00502041
0.219243
0.00502041
0.219243
0.00502041
1.60956
0.00502041
0.626532
0.00502041
0.626532
0.00502041
0.626532
0.00502041
0.868595
0.00502041
0.868595
0.0917239
0.868595
0.0909202
0.868595
0.0909202
0.868595
0.0909202
1.04641
0.0909202
1.04641
0.0909202
1.04641
0.0909202
0.945049
-0.0651611
0.673557
-0.0651611
0.673557
-0.0651611
0.673557
-0.0651611
0.908319
-0.0651611
1.11956
-0.0651611
1.11956
-0.0651611
1.11956
-0.0651611
-0.645428
-0.0651611
-0.645428
-0.0651611
-0.645428
-0.0651611
-0.645428
-0.0651611
0.342718
-0.0651611
0.342718
-0.0651611
0.342718
-0.0651611
1.47131
-0.0651611
0.402147
-0.0651611
0.402147
-0.0651611
0.402147
-0.0651611
-0.67602
-0.0651611
-0.67602
-0.0651611
-0.67602
-0.0651611
-0.67602
-0.0651611
1.04588
-0.0651611
0.852801
-0.0651611
0.852801
-0.0651611
0.852801
-0.0651611
0.732096
-0.0651611
0.26049
-0.0651611
0.26049
-0.0651611
0.26049
-0.0651611
0.26049
-0.0651611
0.26049
-0.0651611
0.26049
-0.0651611
0.26049
-0.0651611
0.26049
-0.0651611
0.26049
-0.0651611
0.26049
-0.0651611
0.26049
-0.0651611
0.26049
-0.0651611
-0.0892458
-0.0651611
-0.0892458
-0.0651611
-0.0892458
-0.0651611
-0.0892458
-0.0651611
-1.49799
-0.0651611
-1.42423
-0.0651611
-1.42423
-0.0651611
-0.319628
-0.0651611
-0.319628
-0.00700642
-0.901589
-0.00700642
-0.1077
-0.00700642
0.680198
-0.00700642
0.680198
-0.11873
0.680198
-0.11873
0.680198
-0.11873
-0.447359
-0.11873
-0.447359
-0.11873
-0.447359
-0.11873
-0.658715
-0.11873
-0.658715
-0.11873
0.754471
-0.11873
0.754471
-0.11873
0.754471
-0.11873
-0.429719
-0.11873
-0.429719
-0.11873
-0.429719
-0.11873
-0.950276
-0.11873
-0.838663
-0.11873
0.702294
-0.11873
0.702294
-0.11873
0.228287
-0.11873
0.228287
-0.11873
0.228287
-0.11873
0.228287
0.0527684
0.228287
0.0527684
0.228287
0.0986254
0.228287
0.0986254
0.228287
0.0986254
0.228287
0.0986254
0.228287
0.0986254
0.228287
0.0986254
-0.247609
0.0986254
-0.247609
0.0986254
-0.247609
0.0986254
-0.247609
0.0986254
-0.247609
0.0986254
-0.247609
0.0986254
-0.247609
0.0986254
-0.247609
0.0986254
-0.247609
0.0986254
-0.247609
0.0986254
-0.247609
0.0986254
-0.247609
0.0986254
-0.247609
0.154435
-0.247609
0.154435
-0.377249
0.132184
0.338705
0.132184
0.338705
0.132184
0.338705
0.132184
0.338705
0.357576
-0.40404
0.357576
-0.40404
0.357576
-0.40404
-0.0397643
1.45084
-0.0397643
-1.43964
-0.0397643
-1.73282
-0.0397643
-1.06596
-0.0397643
-1.06596
-0.0397643
-1.06596
-0.0397643
1.14585
-0.0397643
0.679166
-0.0397643
0.679166
-0.0397643
0.679166
-0.0397643
0.679166
-0.0397643
-1.16495
-0.0397643
-1.16495
-0.0397643
-1.16495
-0.0397643
-0.848453
-0.0397643
-0.0738008
-0.344403
-0.0738008
-0.344403
-0.0738008
-0.472866
-0.0738008
-1.14142
-0.0738008
-1.14142
-0.0738008
-1.14142
-0.0738008
1.77698
-0.0738008
-0.465692
-0.0738008
0.986889
-0.0738008
0.652989
-0.0738008
0.652989
-0.0738008
-0.592753
-0.0738008
0.992992
-0.0738008
2.09177
-0.0738008
2.09177
-0.0738008
0.661373
-0.0738008
1.17299
-0.0738008
-0.751179
-0.0738008
-0.751179
-0.0738008
-0.751179
-0.0738008
-0.751179
-0.0738008
-1.80829
-0.0738008
1.06909
-0.0738008
1.44064
-0.0738008
1.23516
-0.0738008
2.31074
-0.0738008
2.31074
-0.0738008
2.31074
-0.0738008
2.31074
-0.0738008
1.94913
-0.0738008
1.76454
-0.0738008
1.28865
-0.0738008
1.28865
-0.0738008
1.28865
-0.0738008
1.04039
-0.0738008
1.04039
0.0703107
1.07675
0.0703107
1.07675
0.0703107
1.32513
0.0703107
1.32513
0.0703107
1.32513
0.0703107
1.27915
0.0703107
1.27915
0.0703107
-1.14972
0.0703107
-1.14972
0.0703107
-1.14972
0.0703107
-1.14972
0.0703107
-1.14972
0.0703107
-1.14972
0.0703107
-1.14972
0.0703107
-1.70884
0.0703107
-1.70884
0.0703107
-1.70884
0.0703107
-1.16296
0.0703107
1.80372
0.0703107
1.80372
0.0703107
0.3997
0.0703107
0.3997
-0.253755
0.3997
-0.253755
0.3997
-0.253755
0.3997
-0.175939
0.3997
-0.175939
0.3997
-0.175939
0.3997
-0.175939
0.3997
-0.175939
0.3997
-0.175939
0.3997
-0.175939
0.3997
0.361697
0.3997
0.361697
0.3997
0.361697
0.3997
0.361697
-0.0251699
0.361697
-0.0251699
0.361697
-0.0251699
-0.960785
-0.0251699
-0.130058
-0.0251699
-0.130058
-0.0251699
-0.130058
-0.0251699
-0.579289
-0.0251699
-0.285531
-0.0251699
-0.592822
-0.0251699
-0.286105
-0.0251699
-0.286105
-0.0251699
-1.72944
0.0914
-1.72944
0.0914
1.05161
0.0914
1.05161
0.0914
1.05161
0.0914
1.02712
0.0914
1.02712
0.0914
-0.567312
0.0914
1.15604
0.0456933
1.25203
0.0456933
1.25203
0.0456933
1.25203
0.0456933
1.25203
0.0456933
1.25203
0.0456933
-1.73897
0.0456933
0.980202
0.0456933
0.980202
0.0456933
0.980202
0.0456933
-0.0825308
0.0456933
-0.0825308
0.261699
0.222881
0.261699
0.222881
0.261699
0.222881
0.261699
0.222881
0.261699
-0.0429979
0.261699
-0.0429979
-1.15708
-0.0429979
-0.737448
-0.0429979
-0.737448
-0.0429979
0.0910791
-0.0429979
0.0910791
-0.0429979
0.0910791
-0.607665
0.0910791
-0.607665
0.0910791
-1.91982
0.0910791
1.04137
0.0910791
1.04137
0.0910791
1.04137
0.0910791
1.04137
0.0910791
1.04137
0.0910791
0.570041
0.0910791
0.570041
0.250025
0.570041
0.250025
0.570041
0.270686
0.570041
0.270686
0.0217413
0.270686
0.0217413
0.270686
0.0217413
0.299082
0.0217413
0.299082
0.0217413
0.233352
0.0217413
-0.904179
0.0217413
-0.152866
0.0217413
-0.152866
0.0217413
-0.152866
0.0217413
-0.152866
0.0217413
0.94906
0.0217413
0.94906
0.0217413
-1.13769
0.0217413
-1.13769
0.0217413
-0.0431036
0.0217413
0.692225
0.0217413
0.692004
0.0217413
0.692004
0.0217413
0.692004
0.0217413
0.692004
0.0217413
0.692004
0.0217413
0.805454
0.0217413
0.440739
0.0217413
0.440739
0.329555
0.440739
0.329555
-0.0681872
0.744711
-0.0681872
0.744711
-0.0681872
-0.494507
-0.0681872
-0.494507
-0.0681872
-0.494507
-0.0681872
-0.494507
-0.0681872
0.0752404
-1.12987
0.0752404
-1.0168
0.0752404
-1.0168
0.0752404
-1.25306
0.0752404
0.2705
0.0752404
0.2705
0.0752404
0.2705
0.0388033
0.2705
0.0388033
-0.286383
0.0388033
-0.426245
0.50716
-0.426245
0.50716
-0.426245
-0.32317
-0.0371682
0.967819
-0.0371682
0.967819
-0.0371682
-1.25579
-0.0371682
-1.25579
-0.0371682
-0.483744
-0.0371682
0.247084
-0.498437
0.247084
-0.498437
0.247084
-0.498437
0.247084
-0.498437
0.247084
-0.498437
0.247084
-0.498437
0.247084
-0.498437
0.247084
-0.498437
0.247084
-0.498437
0.247084
-0.498437
0.247084
-0.229829
0.247084
-0.229829
0.247084
-0.229829
0.247084
-0.0211925
0.437407
-0.0211925
0.437407
-0.0211925
0.169166
1.06834
0.169166
0.718735
0.169166
-0.884922
0.169166
-0.570639
0.169166
-0.570639
0.169166
-0.570639
0.169166
-0.570639
0.169166
-0.506857
0.169166
0.177135
0.0839373
0.177135
0.0839373
-0.161173
0.226312
-0.161173
-0.608025
-0.161173
-0.608025
-0.161173
-0.182257
-0.161173
-0.182257
-0.161173
-0.182257
-0.161173
0.477622
-0.161173
0.477622
-0.161173
0.477622
-0.161173
0.477622
-0.101596
1.94992
-0.101596
1.33756
-0.101596
-0.283322
-0.101596
-0.283322
-0.101596
-0.283322
-0.265202
-0.283322
-0.265202
-0.283322
-0.169087
-0.283322
-0.169087
-0.0138521
0.5803
-0.0138521
0.5803
-0.0138521
0.5803
-0.0138521
0.5803
-0.0138521
-1.78705
-0.0138521
-1.34034
-0.0138521
-1.34034
-0.0138521
-1.34034
-0.0138521
1.0805
-0.0138521
1.0805
-0.0138521
1.0805
-0.0138521
1.0805
-0.0138521
1.0805
-0.0138521
0.896551
-0.0138521
1.53824
-0.0138521
1.53824
-0.0138521
1.53824
-0.0138521
1.53824
-0.0138521
-0.594034
-0.0138521
-0.594034
-0.0138521
0.550914
-0.0138521
-0.836918
-0.0138521
-0.185131
-0.0138521
-0.185131
-0.0138521
-0.185131
1.00974
-0.185131
0.672453
-0.185131
0.672453
-0.23084
-0.48981
-0.23084
0.684505
-0.23084
0.684505
-0.23084
0.684505
-0.23084
0.42505
-0.23084
0.435695
-0.23084
-0.269562
-0.23084
-0.269562
-0.23084
0.292149
-0.23084
0.292149
-0.23084
0.292149
-0.23084
0.292149
-0.23084
-0.187829
-0.24239
-0.291676
-0.24239
-0.291676
-0.24239
-0.291676
-0.24239
-0.291676
0.000416007
1.68814
0.000416007
1.68814
0.000416007
0.120582
0.399627
0.120582
0.399627
0.120582
1.05663
0.120582
-0.192374
0.120582
-0.192374
0.120582
-0.192374
0.120582
-0.350111
0.120582
-0.350111
0.120582
-0.350111
0.120582
-0.350111
0.120582
-0.350111
0.01872
-0.292063
0.01872
-0.292063
0.01872
-1.66494
0.01872
-1.66494
0.01872
-1.66494
0.01872
-1.66494
0.01872
0.987343
0.01872
0.987343
0.01872
-1.28025
0.01872
-0.0315833
0.01872
-0.0315833
0.01872
-0.317825
0.01872
1.71594
0.01872
2.9414
0.01872
2.9414
0.01872
2.9414
0.01872
2.14146
0.01872
3.04369
0.01872
2.11587
0.01872
0.975639
0.01872
-0.130742
0.01872
-0.765953
0.01872
-0.765953
0.01872
-0.765953
0.01872
-1.11767
0.01872
0.976633
0.01872
0.976633
0.01872
-0.696091
0.01872
1.03245
0.01872
1.03245
0.01872
1.03245
0.0262268
1.03245
0.0262268
1.03245
0.0262268
0.749125
0.0262268
-1.14577
0.0262268
-1.14577
0.0262268
1.0107
0.0262268
0.653527
0.0262268
0.653527
-0.0523771
0.653527
0.106785
-0.131232
0.106785
-0.131232
0.106785
-0.131232
0.106785
0.587279
0.106785
-0.270948
0.106785
-0.270948
0.106785
-0.115257
0.106785
-0.115257
0.106785
-0.516987
0.106785
-0.516987
0.106785
-0.516987
0.106785
-0.516987
0.106785
-0.253949
0.106785
-0.253949
0.106785
-0.253949
0.106785
1.00718
0.106785
1.00718
0.106785
-1.17219
0.106785
-1.17219
0.106785
-1.72314
0.106785
-2.1681
0.106785
-2.1681
0.106785
-2.1681
0.106785
0.521121
0.106785
-0.315597
0.106785
0.224283
0.106785
0.224283
0.106785
-0.582769
0.106785
-0.164362
0.106785
-0.164362
0.106785
-0.164362
0.106785
-0.164362
0.560752
-0.164362
0.560752
-0.164362
-0.104918
-0.164362
-0.104918
-0.164362
-0.104918
-0.164362
-0.104918
-0.201502
-0.104918
-0.201502
-0.104918
-0.201502
-0.104918
-0.591024
-0.104918
-0.591024
-0.104918
-0.674689
-0.104918
-0.674689
-0.104918
-0.674689
-0.104918
-0.860032
-0.104918
-0.0510969
-0.572444
-0.0510969
-0.500445
-0.0510969
-0.500445
-0.0510969
-0.467881
0.0443015
-0.467881
0.0443015
-0.467881
0.0443015
0.0971302
0.0443015
0.0971302
-0.150645
0.154836
-0.150645
0.154836
-0.150645
-0.639523
-0.150645
0.944871
-0.150645
-0.240274
-0.150645
-0.240274
-0.150645
-0.240274
-0.150645
-0.240274
-0.150645
-0.240274
-0.470849
-0.240274
-0.470849
-0.240274
-0.470849
-0.240274
-0.470849
-0.240274
-0.470849
-0.240274
-0.545434
-0.240274
-0.545434
-0.240274
-0.545434
-0.240274
-0.545434
-0.240274
-0.545434
-0.240274
-0.150662
-0.240274
-0.150662
1.64667
-0.150662
1.64667
-0.150662
-1.25361
-0.150662
-1.25361
-0.150662
0.301999
-0.150662
-0.186575
-0.150662
-0.186575
0.615081
-0.309373
0.615081
-0.309373
0.615081
-0.309373
0.615081
-0.309373
0.615081
-0.309373
0.615081
-0.309373
0.615081
0.300386
0.615081
0.300386
0.615081
-0.0280129
0.615081
-0.0280129
0.615081
-0.0280129
0.615081
-0.0280129
-0.349585
-0.0280129
-0.349585
-0.0280129
-0.349585
-0.0280129
0.0588431
-0.0280129
0.0588431
-0.0280129
0.0588431
-1.08666
0.0588431
-0.213568
0.0588431
-0.213568
0.0588431
-0.213568
1.04811
-0.213568
1.04811
-0.213568
1.04811
-0.213568
1.04811
-0.213568
1.04811
-0.213568
1.04811
-0.213568
1.04811
-0.213568
1.06307
-0.213568
1.06307
-0.213568
0.803148
-0.213568
0.803148
-0.213568
0.803148
-0.213568
0.803148
-0.213568
-0.91066
-0.213568
-0.91066
-0.213568
-0.275248
-0.213568
-0.0194086
-0.213568
-0.0194086
0.779524
-0.030089
0.743267
-0.030089
0.743267
-0.030089
0.537734
-0.030089
0.537734
-0.270814
0.537734
-0.270814
0.537734
-0.270814
0.537734
-0.270814
0.537734
-0.270814
0.537734
-0.270814
0.537734
-0.270814
0.537734
-0.270814
0.537734
-0.270814
0.537734
-0.270814
0.537734
-0.0858202
0.537734
0.15009
0.537734
0.15009
0.475051
0.15009
0.475051
0.15009
0.475051
0.15009
0.68182
0.15009
0.0580781
0.15009
0.0580781
0.796954
0.0580781
0.508356
0.0580781
0.508356
0.0580781
0.508356
0.0580781
0.508356
0.0580781
-1.06397
0.0580781
0.953192
0.0580781
1.36483
0.0580781
1.36483
0.0580781
-0.734782
0.00183777
-0.734782
0.00183777
-0.754075
0.00183777
-0.754075
0.00183777
-0.754075
0.00183777
-0.754075
0.00183777
-0.754075
0.00183777
-0.754075
0.00183777
-1.11303
0.00183777
-1.11303
0.00183777
-1.11303
0.00183777
-1.25766
0.00183777
-1.25766
0.00183777
-1.25766
0.00183777
-3.41371
0.00183777
-2.43428
0.00183777
-2.43428
0.00183777
0.43387
0.00183777
-0.0825584
0.00183777
1.26165
0.00183777
1.26165
0.00183777
-1.61324
0.00183777
0.636573
0.00183777
1.02363
0.00183777
1.02363
0.00183777
1.02363
0.00183777
1.02363
0.00183777
1.48077
0.00183777
1.48077
0.00183777
1.48077
0.00183777
1.48077
0.00183777
2.1813
0.00183777
0.68354
0.00183777
0.68354
0.00183777
1.04888
0.00183777
1.04888
0.00183777
-0.978449
0.00183777
-0.978449
0.00183777
-1.06885
0.00183777
1.30688
0.00183777
1.30688
0.00183777
0.697773
0.0567421
0.697773
0.0567421
0.697773
0.0567421
0.661799
0.0567421
0.661799
0.0567421
0.661799
0.0567421
0.661799
0.0567421
0.661799
0.0567421
0.457428
0.0567421
-0.851523
0.0567421
-0.812401
0.0567421
0.173857
0.0567421
0.173857
0.0484292
0.173857
0.0484292
0.173857
0.0484292
0.813798
0.0484292
0.813798
0.0484292
0.813798
0.0484292
0.813798
0.0484292
-1.25598
0.0484292
-1.25598
0.0484292
-1.25598
0.0484292
-0.870038
0.0484292
-0.870038
0.0484292
0.133626
0.0484292
-1.35522
0.0484292
-1.35522
0.0484292
0.942547
0.0484292
0.628829
0.0484292
0.628829
0.0484292
-0.759269
0.0484292
-0.759269
0.0484292
-0.759269
0.0484292
0.819027
0.0484292
-0.965086
0.0484292
0.486244
0.0484292
0.486244
0.0484292
0.486244
0.0484292
0.486244
0.0484292
0.486244
0.0484292
0.486244
0.0484292
0.486244
0.0484292
-0.762351
0.0484292
0.554423
0.0484292
0.554423
0.0484292
0.554423
0.0484292
1.26296
0.0484292
0.294552
-0.0257197
0.154027
-0.0257197
-0.392219
-0.0257197
0.0187814
-0.0257197
0.0187814
-0.0257197
0.0187814
-0.0257197
0.507884
-0.0257197
0.507884
-0.0257197
0.132742
0.315453
0.132742
-0.608442
0.132742
0.430413
0.132742
0.430413
0.132742
1.45818
0.132742
1.45818
0.132742
1.45818
0.132742
1.45818
0.132742
1.1225
0.132742
-0.291112
0.132742
-1.08973
0.132742
-0.944249
0.132742
-0.944249
0.132742
-0.944249
0.132742
-0.930671
0.132742
-0.525901
0.132742
-0.525901
-0.296841
-0.525901
-0.459359
-0.525901
-0.459359
-0.525901
-0.459359
-0.24773
-0.394023
-0.24773
-0.394023
-0.24773
-0.394023
-0.24773
-0.394023
-0.24773
0.197135
-0.24773
0.197135
-0.24773
-0.0621933
-0.24773
-0.0621933
-1.4875
-0.0621933
-2.19799
-0.0621933
-2.19799
-0.0621933
-1.25712
-0.0621933
-1.25712
-0.0621933
1.58862
-0.0621933
1.58862
-0.0621933
-0.835329
-0.0621933
0.243104
-0.0621933
-1.08903
-0.0621933
-1.08903
-0.0621933
-1.08903
-0.0621933
-1.62283
-0.0621933
-1.62283
-0.0621933
0.181071
-0.0621933
0.172759
-0.0621933
0.172759
-0.0621933
0.714369
0.0615752
-0.391861
0.0615752
-0.391861
0.0615752
-0.391861
0.0615752
0.573344
0.0615752
0.573344
0.0615752
0.573344
0.0615752
0.89276
0.0615752
1.1246
0.0615752
1.1246
0.0615752
1.1246
0.0615752
1.1246
0.0615752
-1.8584
0.0615752
0.268281
0.0615752
0.268281
0.0615752
-0.0443343
0.0615752
-0.0443343
0.0615752
1.15143
0.0615752
0.179881
-0.354439
0.179881
-0.354439
0.179881
0.123889
0.179881
0.123889
0.179881
0.123889
0.179881
0.123889
0.179881
0.123889
1.05522
0.123889
-0.100985
0.123889
-0.100985
0.123889
-0.100985
0.123889
-0.100985
0.123889
0.646083
0.123889
0.646083
0.123889
0.646083
0.123889
0.646083
0.123889
-0.127306
0.123889
-0.127306
0.346163
0.0845324
0.346163
0.0845324
-0.0495251
0.0845324
-0.105001
0.0845324
-0.803454
-0.182513
-0.803454
-0.182513
0.700318
-0.182513
0.700318
-0.182513
0.700318
-0.182513
1.00821
-0.182513
0.0577587
-1.50122
0.0577587
-0.97166
-0.100886
-1.12001
-0.100886
-0.855545
-0.100886
-0.869517
-0.100886
-0.869517
-0.100886
-0.869517
-0.100886
-0.00350428
-0.100886
-0.00350428
-0.100886
-0.00350428
-0.100886
-0.00350428
0.72765
-0.00350428
0.72765
-0.00350428
-0.975038
-0.00350428
-0.975038
-0.00350428
-0.975038
0.0202393
-0.975038
0.0202393
-0.975038
0.0202393
0.580265
0.0202393
-0.661343
0.0202393
-0.661343
0.0202393
-1.28856
-0.0149669
-0.0397693
-0.0149669
-0.0397693
-0.0668546
-0.0397693
0.22869
0.448728
0.22869
0.448728
0.22869
0.448728
0.22869
0.448728
0.22869
0.448728
0.0636145
0.448728
0.0636145
0.448728
0.0636145
0.448728
0.0636145
0.448728
0.0636145
0.448728
0.0636145
0.814585
0.0636145
0.431395
0.0636145
-0.604842
0.0636145
-0.604842
0.0636145
-1.57755
0.0636145
-1.57755
0.0636145
-1.57755
0.0636145
-1.57755
0.0636145
-0.933517
0.0636145
-0.579991
0.0636145
-0.579991
0.0636145
-0.579991
0.0636145
-0.579991
0.0636145
-0.579991
0.0636145
-0.839884
0.0636145
-0.839884
0.0636145
0.632661
0.0636145
-0.413311
0.0636145
-0.413311
0.0636145
-0.413311
0.0636145
-0.413311
-0.310759
-0.413311
-0.310759
-0.340189
-0.310759
-0.340189
-0.310759
0.270042
-0.310759
0.270042
-0.310759
-0.351842
-0.310759
-0.351842
-0.310759
-0.351842
-0.310759
-0.351842
-0.310759
-0.351842
-0.310759
-0.351842
0.183356
-0.351842
0.183356
-0.351842
0.183356
-0.351842
0.183356
-0.351842
0.183356
-0.351842
-0.347055
-0.351842
-0.347055
-0.351842
-0.347055
-0.351842
-0.347055
-0.351842
-0.371809
-0.439899
-0.371809
0.389333
-0.371809
-0.225811
-0.371809
-0.225811
-0.371809
-0.225811
-0.371809
-0.225811
-0.371809
-0.225811
-0.371809
-0.225811
-0.371809
-0.225811
-0.371809
-0.225811
-0.371809
-0.225811
-0.371809
-0.225811
-0.371809
-0.225811
-0.371809
-0.225811
0.369503
-0.225811
0.369503
-0.225811
0.369503
-0.225811
0.369503
-0.264375
-0.317245
-0.264375
-0.317245
-0.264375
-0.317245
-0.264375
-0.317245
-0.264375
-0.0738694
-0.264375
-0.0738694
-0.264375
-0.0738694
0.532946
-0.0738694
0.292922
-0.65729
0.318941
-0.65729
0.318941
-0.65729
0.318941
-0.65729
0.318941
0.797764
0.318941
-0.271399
0.318941
-0.271399
0.318941
-0.271399
0.318941
-0.271399
0.318941
-0.271399
0.318941
-0.271399
0.318941
-0.475095
0.318941
-0.475095
0.318941
-0.745113
0.318941
-0.745113
0.318941
-0.745113
0.318941
-0.745113
0.318941
-0.745113
0.318941
-1.061
0.318941
0.213793
0.318941
0.213793
0.318941
0.213793
-0.166474
-0.175432
1.1334
-0.175432
0.452983
-0.175432
0.452983
-0.175432
0.452983
-0.175432
0.452983
-0.175432
0.452983
-0.175432
0.176851
-0.175432
0.176851
0.25247
0.176851
0.25247
0.176851
0.25247
0.176851
0.25247
0.176851
0.25247
-0.945793
0.25247
-0.945793
0.25247
-0.945793
0.25247
-0.945793
0.25247
-0.945793
0.25247
-1.11634
0.25247
-1.11634
0.25247
0.42837
0.25247
0.42837
0.25247
0.42837
0.25247
0.42837
0.25247
0.42837
0.25247
0.42837
0.25247
0.42837
0.25247
0.42837
0.25247
0.42837
0.25247
0.42837
0.25247
0.42837
0.25247
0.42837
0.25247
0.0879047
0.457245
0.0879047
0.751186
0.0879047
-0.431382
0.0879047
-0.431382
0.0879047
-0.431382
0.0879047
-0.274088
0.0879047
-0.274088
0.0879047
-0.274088
0.0879047
-0.274088
0.0879047
-0.274088
-0.809216
-0.274088
1.13428
-0.274088
1.13428
-0.274088
1.13428
-0.274088
1.13428
-0.274088
0.451422
-0.274088
0.451422
0.088299
0.815485
0.088299
-0.184901
0.088299
-0.184901
0.088299
0.483003
0.088299
-1.4182
0.088299
1.31207
0.088299
1.31207
0.088299
1.31207
0.088299
1.31207
0.088299
1.31207
0.088299
1.31207
0.088299
0.718674
0.088299
0.319324
0.088299
0.319324
0.088299
0.596442
0.088299
0.596442
0.088299
0.141368
0.088299
0.516576
0.088299
0.0815843
0.42679
-0.388813
0.42679
-0.388813
0.42679
-0.388813
0.42679
-0.483085
0.42679
-0.483085
0.42679
-0.483085
0.42679
0.253718
-0.438198
0.253718
-0.438198
0.253718
-0.438198
0.253718
-0.438198
0.253718
-0.438198
0.253718
-0.438198
0.253718
-0.438198
0.253718
-0.438198
0.253718
-0.438198
0.253718
-0.438198
0.253718
-0.438198
0.253718
-0.438198
0.253718
-0.0729176
0.72798
-0.0729176
-0.414139
-0.0729176
-0.414139
-0.0729176
-0.414139
0.0485214
-0.0914208
0.0485214
1.19693
0.0485214
1.19693
0.0485214
1.19693
0.0485214
1.19693
0.0485214
-0.00261673
0.0485214
-0.515103
0.0485214
-0.515103
0.0485214
-0.515103
0.0485214
-0.799315
-0.0980009
-0.799315
-0.0980009
-0.799315
-0.0980009
-0.799315
-0.0980009
-0.799315
-0.0980009
-0.799315
-0.0980009
0.371232
-0.0980009
0.646044
-0.0980009
0.646044
-0.0980009
0.646044
-0.0980009
0.646044
-0.0980009
0.5594
-0.0980009
0.5594
-0.0980009
-0.784732
-0.0980009
-0.784732
-0.0980009
-0.982834
-0.0980009
0.31708
-0.0980009
-0.949475
-0.0980009
-0.949475
-0.0980009
-0.949475
0.240545
0.771488
0.240545
0.771488
0.240545
0.771488
0.240545
0.771488
0.240545
0.771488
0.240545
-0.147984
0.240545
-0.147984
0.240545
-0.147984
0.240545
-0.147984
0.240545
-0.147984
0.240545
-0.147984
0.0503294
-0.147984
-1.00319
-0.147984
-0.814951
-0.147984
-0.814951
-0.147984
-0.814951
-0.147984
-0.814951
-0.0616745
-1.03527
-0.120519
-1.03527
-0.120519
-1.03527
-0.120519
-1.03527
-0.120519
0.590302
-0.120519
0.753956
-0.120519
0.753956
-0.120519
0.753956
-0.120519
0.753956
-0.120519
-0.92437
-0.120519
-0.595621
-0.120519
-0.595621
-0.475505
-0.595621
-0.475505
-0.595621
-0.475505
-0.595621
-0.475505
-0.595621
-0.475505
-0.268264
-0.475505
-0.268264
-0.666732
-0.268264
-0.666732
-0.268264
-0.666732
-0.268264
-0.666732
-0.268264
-0.666732
-0.268264
-0.666732
-0.268264
-0.666732
-0.268264
-0.666732
-0.268264
-0.666732
-0.268264
-0.666732
0.214695
0.350698
-0.149084
0.350698
-0.149084
0.350698
-0.149084
0.350698
-0.149084
0.350698
-0.149084
0.00638717
-0.149084
0.00638717
-1.98358
0.00638717
-1.98358
0.00638717
-1.98358
0.00638717
-1.93887
0.00638717
-0.376263
0.533223
-0.376263
0.533223
-0.0346272
-0.254694
-0.0346272
-0.254694
-0.0346272
-0.254694
-0.0346272
-1.65373
-0.0346272
0.623121
-0.0346272
0.623121
-0.0346272
1.11296
-0.0346272
-0.422731
-0.0346272
-0.422731
-0.0346272
-0.422731
-0.0346272
1.06148
-0.0346272
1.06148
-0.0346272
0.306169
-0.0911111
-0.0321131
-0.0911111
-0.0321131
0.590801
-0.0321131
0.590801
-0.0321131
0.590801
-0.0321131
0.590801
-0.0321131
0.590801
-0.0321131
0.590801
-0.0321131
0.590801
0.0466376
-0.275664
0.0466376
-0.0382234
0.0466376
-0.0382234
-0.717008
-0.0382234
-0.663604
-0.0382234
-0.663604
-0.0382234
-0.663604
-0.0382234
0.0574647
1.76488
0.0574647
0.758034
0.0574647
0.758034
0.0574647
0.758034
0.0574647
-0.256583
0.0574647
-0.256583
0.0505896
-0.256583
0.0505896
-0.256583
0.0505896
0.154474
0.0505896
0.568734
0.0505896
0.76759
0.0505896
0.76759
0.0505896
0.76759
0.0505896
0.76759
-0.0182664
0.76759
-0.0182664
0.76759
-0.0182664
-0.926014
-0.0182664
-0.926014
-0.0182664
-0.926014
-0.0182664
-0.225068
-0.0182664
-0.225068
-0.0182664
-0.225068
-0.0182664
-0.225068
-0.0182664
-0.218235
-0.0182664
-0.218235
-0.0182664
-0.218235
-0.0182664
-0.218235
-0.0182664
-0.218235
-0.0182664
-0.218235
-0.0182664
-0.218235
-0.0182664
0.504124
-0.0182664
0.504124
0.108755
0.504124
0.108755
0.504124
0.108755
0.504124
0.108755
0.504124
0.108755
1.11772
0.108755
-0.580614
0.108755
-0.580614
0.419087
-0.482132
0.419087
-0.482132
0.343386
-0.482132
-0.430162
-0.482132
-0.430162
-0.482132
-0.430162
-0.482132
-0.430162
-0.482132
0.253288
-0.482132
-0.199131
-0.482132
-0.199131
-0.482132
-0.199131
-0.482132
0.181571
-0.489587
0.181571
-0.489587
0.181571
-0.489587
0.0844287
-0.489587
0.0844287
-0.599841
0.0844287
-0.599841
-0.383772
-0.599841
-0.383772
-0.599841
-0.383772
-0.599841
0.331269
-0.599841
0.331269
-0.599841
-0.160384
0.316071
0.0582273
0.316071
0.0582273
0.316071
-0.088763
0.316071
-0.088763
0.316071
-0.088763
0.212261
-0.088763
0.212261
-0.088763
1.07607
-0.088763
-1.5203
-0.088763
0.58224
-0.088763
-0.356334
-0.088763
-0.989397
-0.088763
1.20193
-0.088763
-1.29619
-0.088763
-1.67238
-0.088763
-1.67238
-0.088763
0.844622
-0.088763
1.31905
-0.088763
1.31266
-0.088763
1.31266
-0.088763
1.07581
-0.088763
-0.618322
-0.088763
-0.618322
-0.088763
-0.618322
-0.088763
-1.31573
-0.088763
-1.31573
-0.088763
-1.31573
-0.088763
-0.984831
-0.088763
-0.368895
-0.088763
-0.368895
-0.088763
-0.368895
-0.088763
1.20392
-0.088763
-0.27283
-0.088763
-0.27283
-0.088763
-1.21542
-0.088763
-1.21542
-0.088763
-1.21542
-0.088763
-0.758372
-0.088763
0.377473
0.163533
0.377473
0.163533
0.377473
0.0709638
-0.364555
-0.0978571
-0.364555
-0.0978571
-0.364555
-0.0978571
-0.364555
-0.0978571
-0.364555
-0.0978571
-0.364555
-0.0978571
-0.364555
-0.0978571
-0.364555
-0.0978571
-0.437887
-0.0978571
-0.437887
-0.0978571
-0.437887
-0.0978571
-0.437887
-0.0978571
-0.437887
-0.0978571
-0.437887
-0.0978571
-0.437887
-0.0978571
-0.437887
-0.0978571
-0.418986
-0.0978571
-0.927422
-0.0978571
-0.927422
-0.0978571
0.47786
-0.0978571
0.47786
-0.0978571
0.47786
-0.0978571
-0.230933
-0.472088
-0.230933
-0.773016
-0.230933
-0.773016
-0.230933
-0.773016
-0.230933
1.0103
-0.230933
0.312721
-0.230933
-0.077825
-0.230933
-0.077825
-0.230933
-0.077825
-0.230933
-0.077825
-0.0318441
-0.195385
-0.0318441
-0.195385
-0.0318441
-0.195385
-0.0318441
-0.195385
-0.0318441
-0.195385
-0.0318441
0.603775
-0.0318441
0.603775
-0.0318441
0.38056
-0.455559
0.38056
-0.455559
0.38056
-0.455559
0.38056
-0.455559
-0.334668
0.0132582
-1.37493
0.0132582
-1.37493
0.0132582
-1.37493
0.0132582
-1.37493
0.0132582
-1.37493
0.0132582
0.43508
0.0132582
0.43508
0.0132582
0.43508
0.0132582
1.51026
0.0132582
0.979809
0.0132582
1.50653
0.0132582
2.66262
0.0132582
2.57715
0.0132582
2.57715
0.0132582
-0.269461
0.608293
-0.269461
0.608293
-0.269461
0.608293
-0.269461
0.656467
-0.269461
0.656467
-0.269461
0.656467
-0.269461
0.656467
-0.269461
0.656467
0.302407
0.592951
0.302407
0.592951
0.302407
0.592951
0.302407
0.592951
0.302407
0.592951
0.302407
0.592951
0.302407
0.592951
0.302407
0.357731
-0.395112
0.357731
-0.395112
0.357731
-0.273862
0.357731
-0.273862
0.357731
-0.273862
0.00385665
0.667606
0.00385665
-1.68412
0.00385665
0.869172
0.00385665
0.0435713
-1.04502
0.0435713
-1.28778
0.0435713
-1.28778
0.0435713
-1.28778
0.0435713
-0.665108
0.0435713
-0.665108
0.0435713
0.932401
0.0435713
0.932401
0.0435713
0.0301451
0.0435713
0.0301451
0.0435713
1.13221
0.0435713
-0.910896
0.0435713
-0.910896
0.0435713
0.429928
0.0435713
0.695485
0.0435713
-0.363129
0.0435713
-1.16322
0.0435713
0.441077
0.0821789
0.441077
0.082183
0.441077
0.082183
0.204428
0.082183
0.00147039
0.082183
0.00147039
0.734163
0.00147039
0.734163
0.00147039
0.734163
0.00147039
0.734163
0.00147039
0.734163
0.00147039
0.734163
0.00147039
0.734163
0.00147039
0.734163
0.00147039
0.734163
0.00147039
0.233605
0.00147039
-1.12534
0.00147039
-1.12534
0.00147039
-1.12534
0.00147039
0.31744
0.00147039
0.31744
0.00147039
0.31744
0.00147039
-0.437004
0.00147039
-1.16913
0.12574
-1.16913
0.12574
-0.519828
0.12574
-0.519828
0.12574
-0.519828
0.12574
-0.519828
0.12574
-0.519828
0.12574
-0.519828
0.12574
-0.519828
0.12574
0.146052
0.12574
0.146052
0.490396
0.146052
0.1001
0.146052
0.1001
-0.47303
0.1001
-0.177266
0.1001
1.38786
0.1001
-0.895436
0.1001
0.989445
0.1001
0.989445
0.1001
0.271931
0.1001
0.271931
-0.442541
0.271931
-0.532712
0.271931
-0.507872
0.271931
-0.507872
0.271931
-0.507872
0.271931
-0.507872
0.271931
0.579464
0.271931
0.579464
0.271931
0.579464
0.271931
0.579464
0.271931
0.579464
0.271931
0.579464
0.271931
-0.578001
0.271931
-0.578001
0.271931
-0.578001
0.271931
-0.578001
0.271931
-0.556541
0.271931
-0.556541
0.271931
-0.556541
0.271931
-0.556541
0.271931
-0.556541
0.271931
-0.0437752
0.271931
-0.0437752
0.271931
-0.0437752
-0.290847
-0.0437752
-1.29417
-0.0437752
-1.59086
-0.0437752
-1.59086
-0.0437752
-1.59086
-0.0437752
-1.59086
-0.0437752
-1.59086
-0.0437752
-1.59086
-0.0437752
-1.59086
-0.0437752
-0.770431
-0.0437752
-0.770431
0.132405
-0.243756
0.132405
-0.243756
0.132405
0.439348
0.132405
0.439348
0.132405
-0.975449
0.132405
0.562489
0.132405
0.562489
0.132405
0.562489
0.132405
0.562489
0.132405
0.562489
0.132405
0.562489
0.132405
-1.84823
0.132405
-1.84823
0.0448936
-1.84823
0.0448936
-0.47269
0.0448936
-0.47269
0.0448936
-0.47269
0.0471599
-0.393988
0.0471599
0.696882
0.0471599
-1.79358
0.0471599
-1.79358
0.0471599
-1.09155
0.0471599
-1.64878
0.0471599
-1.26918
0.0471599
-1.26918
0.0471599
-2.02274
0.0471599
-2.02274
0.0471599
-0.0244282
0.0471599
-0.0244282
0.986693
-0.089127
0.76652
-0.089127
0.76652
-0.089127
0.341279
-0.089127
0.127764
1.155
0.127764
0.533177
0.127764
0.143449
0.127764
0.143449
-0.149001
-0.760653
-0.149001
-0.738874
-0.149001
-0.738874
-0.149001
-0.738874
-0.149001
0.612677
-0.149001
0.612677
-0.149001
0.457116
-0.149001
0.457116
-0.149001
-1.17872
-0.149001
0.485274
-0.149001
0.485274
-0.149001
-0.103097
-0.149001
-0.103097
-0.149001
-0.103097
-0.149001
-0.103097
-0.149001
-0.103097
-0.258332
0.0269894
-0.258332
0.0269894
0.862326
0.0269894
-1.17953
0.0269894
-1.17953
0.0269894
-2.06055
0.0269894
0.524406
0.0269894
0.524406
0.0269894
0.524406
0.0269894
-0.750611
0.0269894
0.320963
0.0269894
0.320963
0.0269894
1.2752
0.0777823
1.09488
-0.10019
-0.0215558
-0.10019
-0.0215558
-0.129923
-0.369589
0.0850732
1.08449
-0.0999641
-0.214398
-0.0999641
1.50857
-0.0999641
1.50857
-0.0999641
0.721175
-0.0999641
0.721175
-0.0999641
0.721175
-0.0999641
-0.226907
-0.0999641
0.0668203
0.062928
0.0668203
0.759798
0.0668203
-0.396529
0.0668203
0.46521
0.0668203
0.643314
0.0668203
0.643314
0.0668203
0.643314
0.0668203
0.643314
0.0668203
0.555369
0.0668203
0.555369
0.0668203
-1.1636
0.0668203
1.01236
0.0668203
0.0723367
0.0668203
0.0723367
-0.00287141
0.0723367
-0.00287141
0.0723367
-0.00287141
0.0723367
-0.00287141
0.0723367
-0.00287141
0.0723367
0.320621
0.238412
-0.201991
0.238412
-0.201991
0.238412
-0.201991
0.238412
-0.201991
0.238412
-0.201991
0.238412
-0.201991
0.238412
-0.201991
0.238412
-0.201991
0.238412
-0.201991
0.23618
-0.201991
0.23618
-0.201991
0.23618
-0.201991
0.23618
-0.201991
0.23618
-0.201991
0.23618
-0.201991
0.23618
-0.201991
0.23618
-0.201991
0.23618
-0.201991
0.23618
-0.201991
0.0957132
-0.201991
0.0957132
0.636712
0.0957132
0.636712
0.0957132
0.636712
0.0957132
0.313567
0.0957132
-0.707333
0.0957132
-0.707333
0.0957132
-0.707333
0.0957132
0.293381
0.0957132
0.293381
0.0957132
-1.34492
0.0957132
1.09945
0.0957132
0.41222
0.0957132
0.41222
0.0957132
0.41222
0.0957132
0.060092
-0.313205
0.060092
-0.313205
0.664428
-0.313205
0.664428
0.308827
0.664428
-0.298345
0.664428
-0.298345
0.737482
-0.298345
0.737482
-0.298345
0.737482
-0.298345
0.737482
-0.298345
0.737482
-0.298345
0.737482
-0.298345
0.737482
-0.298345
0.737482
-0.298345
0.737482
0.183365
0.801579
0.183365
0.801579
0.183365
0.801579
0.183365
0.801579
0.183365
-0.54061
0.183365
-0.54061
-0.0981669
-0.54061
-0.0981669
-0.111663
-0.0981669
-0.111663
-0.703414
-0.111663
-0.660845
-0.111663
-0.660845
-0.111663
0.497502
0.0901961
0.497502
0.0901961
0.497502
0.0901961
0.497502
0.23132
0.497502
0.23132
-0.381848
0.23132
-0.381848
0.23132
-0.381848
0.23132
-0.381848
0.23132
-0.381848
0.381015
-0.381848
0.381015
-0.381848
0.381015
-0.381848
0.381015
-0.381848
0.381015
-0.381848
0.381015
-0.381848
-0.251945
-0.381848
-0.251945
-0.381848
-0.251945
-0.381848
-0.251945
-0.381848
-0.251945
-0.381848
-0.251945
-0.381848
0.344143
-0.381848
0.344143
-0.381848
0.344143
-0.381848
0.344143
-0.381848
0.344143
-0.381848
0.344143
-0.381848
0.344143
-0.381848
0.344143
-0.381848
-0.278226
-0.381848
-0.278226
-0.381848
-0.278226
-0.381848
-0.278226
0.236803
-0.278226
0.236803
-0.582566
0.0139499
-0.744568
0.0139499
-0.744568
-0.105059
-0.744568
-0.105059
-0.716409
-0.105059
0.762023
-0.105059
0.362462
-0.105059
0.362462
-0.500398
0.362462
-0.500398
-0.0605216
-0.500398
-0.0605216
-1.11588
-0.0605216
-1.11588
-0.0605216
-1.43203
-0.0605216
-0.771579
-0.0605216
1.07419
-0.0605216
1.07419
-0.0605216
1.07419
0.137564
1.07419
0.137564
1.07419
0.137564
1.07419
0.137564
-0.863174
0.137564
-0.863174
0.137564
-0.863174
0.137564
-0.863174
0.137564
-0.863174
-0.061616
-0.863174
-0.061616
-0.863174
-0.061616
-0.863174
-0.061616
-0.863174
-0.061616
-0.863174
-0.061616
-0.863174
-0.061616
-0.863174
-0.061616
-0.863174
-0.061616
-0.863174
-0.061616
0.179091
0.930488
0.179091
0.930488
0.179091
-0.551421
-0.289986
-0.551421
-0.289986
-0.551421
-0.0716295
-0.551421
-0.0716295
-0.551421
-0.0716295
-0.796202
-0.0716295
-0.796202
-0.0716295
-0.796202
-0.0716295
-0.593254
-0.0716295
-0.201631
-0.0345466
-0.765019
-0.0345466
-1.27255
-0.0345466
-1.27255
-0.0345466
-1.27255
-0.0345466
-1.27255
-0.0345466
0.985737
-0.0345466
0.985737
-0.0345466
0.985737
-0.0345466
0.985737
-0.0345466
0.985737
-0.0345466
-0.128124
-0.0345466
-0.275117
-0.110554
-0.275117
-0.110554
0.58639
-0.110554
0.58639
-0.110554
0.58639
-0.110554
-0.746551
-0.110554
-0.746551
0.160721
-0.746551
0.160721
0.026544
0.160721
0.026544
0.160721
0.026544
0.160721
0.026544
0.160721
0.026544
0.160721
0.026544
0.160721
0.026544
0.160721
0.026544
0.160721
0.026544
0.160721
0.026544
0.160721
0.026544
0.160721
0.026544
0.160721
-0.151248
-0.55743
-0.151248
1.08898
-0.151248
0.880185
-0.151248
-0.476474
-0.151248
0.305453
-0.151248
0.305453
-0.151248
-0.221741
-0.151248
-0.221741
-0.251357
-0.221741
0.277826
-0.221741
0.277826
-0.221741
0.277826
0.387459
0.277826
0.387459
0.277826
0.387459
0.277826
0.387459
0.277826
0.387459
0.277826
0.387459
0.277826
0.387459
0.277826
0.387459
0.277826
-0.522907
0.277826
-0.522907
0.374918
-0.522907
0.374918
-0.522907
0.374918
-0.522907
0.374918
-0.357587
0.374918
-0.357587
0.374918
-0.357587
-0.425811
-0.308389
-0.425811
-0.308389
-0.425811
-0.308389
-0.425811
-0.308389
-0.425811
-0.308389
-0.425811
-0.308389
-0.425811
0.310692
-0.425811
0.310692
-0.425811
0.310692
-0.425811
-0.222466
-0.425811
-0.0815257
-0.425811
-0.0815257
-0.425811
-0.0815257
-0.425811
-0.0815257
-0.425811
-0.0815257
-0.850651
-0.0815257
-0.912355
-0.0815257
-0.912355
-0.0815257
0.536011
-0.0815257
0.536011
-0.0815257
-1.06658
-0.0815257
-1.06658
-0.0815257
-1.06658
-0.0815257
-1.06658
-0.0815257
-1.67544
-0.0815257
0.662971
-0.0815257
0.662971
-0.0815257
0.655141
-0.0815257
0.655141
-0.0815257
0.499708
-0.0815257
0.499708
-0.0815257
0.499708
-0.0259507
0.495416
-0.0259507
1.05847
-0.0259507
1.05847
-0.0259507
1.85177
-0.0259507
1.85177
-0.0259507
1.38689
-0.0259507
0.738555
-0.0259507
0.738555
-0.0259507
1.1849
-0.0259507
0.266626
-0.0259507
0.266626
0.34352
-0.357255
0.335641
0.46734
0.0968496
0.46734
0.0968496
0.46734
0.0968496
-0.111622
0.0463821
-0.265428
-0.262461
-0.265428
0.239234
-0.265428
-0.271816
-0.248943
-0.271816
-0.157961
-0.271816
-0.157961
-0.271816
-0.157961
-0.781287
-0.157961
-0.781287
0.14289
-0.781287
0.14289
-0.781287
0.14289
-0.781287
0.14289
-0.781287
0.14289
-0.229985
0.24977
-0.229985
0.24977
-0.229985
0.24977
-0.229985
0.24977
-0.229985
0.24977
-0.229985
0.238876
-0.229985
0.238876
-0.18005
0.0918705
-0.18005
0.0918705
-0.18005
0.0918705
-0.18005
0.0918705
-0.18005
0.0918705
1.09082
0.0918705
1.09082
0.0918705
0.499947
0.0918705
0.499947
0.0918705
0.499947
0.0918705
0.499947
0.0918705
0.499947
0.0918705
0.499947
0.0918705
0.499947
0.0918705
0.499947
0.0918705
0.499947
0.0918705
0.785756
0.0918705
0.392307
0.0918705
0.392307
0.0918705
0.392307
0.0918705
-0.758296
0.0918705
-0.758296
0.0918705
-0.758296
0.0918705
-0.758296
0.0918705
0.956235
0.0918705
0.681001
0.0918705
-1.20976
-0.0277888
-0.0948905
-0.0277888
-0.0948905
-0.0277888
-1.49122
-0.0277888
-1.19007
-0.0277888
0.516032
-0.0277888
0.516032
-0.0277888
-0.8506
-0.0277888
-0.8506
-0.0277888
-1.66853
-0.0277888
1.28517
-0.0277888
1.42339
-0.0277888
1.42339
-0.0277888
1.42339
-0.0277888
1.42339
-0.0277888
1.42339
-0.0277888
0.915113
-0.0277888
0.502792
-0.0277888
0.502792
-0.0277888
-0.177507
-0.468415
-0.177507
-0.468415
-0.177507
-0.468415
-0.177507
-0.468415
-0.273913
-0.468415
-0.273913
-0.468415
-0.273913
0.0108418
-1.19595
0.0108418
-0.143119
0.0108418
-0.143119
0.0108418
1.08622
0.0108418
1.08622
0.0108418
1.08622
0.0108418
1.08622
0.0108418
1.08622
0.0108418
-0.500831
0.0108418
-0.500831
0.0108418
-0.500831
0.0108418
-0.500831
0.0108418
-0.500831
0.0108418
-0.500831
0.0108418
-0.500831
0.0108418
-0.500831
0.0108418
-0.500831
0.0108418
-0.500831
0.0108418
-1.24698
0.0108418
-1.24698
0.0108418
-1.24698
0.0108418
-1.24698
0.0108418
-0.977972
0.0108418
1.01705
0.0345708
1.01705
0.0345708
0.0402883
0.391876
0.0402883
-0.610182
0.0402883
-0.067998
0.0402883
-0.067998
0.0402883
-0.067998
-1.00789
-0.067998
1.77813
-0.067998
1.65592
-0.067998
1.65592
-0.067998
1.09788
-0.067998
1.09788
-0.067998
0.159336
-0.067998
0.159336
-0.067998
0.159336
-0.067998
0.159336
-0.252004
0.159336
0.0959379
0.159336
0.0959379
0.159336
0.7369
0.206079
0.7369
0.206079
0.7369
0.206079
0.7369
0.166536
0.7369
0.166536
0.7369
0.166536
-0.363728
0.218603
-0.363728
0.218603
-0.363728
0.218603
-0.363728
0.218603
-0.363728
0.218603
-0.363728
0.218603
-0.363728
0.218603
-0.363728
0.218603
-0.363728
-0.209484
0.747773
-0.209484
0.747773
-0.209484
0.747773
-0.209484
0.863183
-0.209484
0.863183
-0.209484
0.803536
-0.209484
-0.645051
-0.209484
-0.645051
-0.209484
-0.645051
-0.209484
0.768959
-0.209484
0.768959
-0.209484
0.768959
-0.209484
0.768959
-0.209484
0.63921
-0.0737627
-0.964962
-0.0737627
-1.15685
-0.0737627
-1.11594
-0.0737627
1.13167
-0.0737627
1.00556
-0.0737627
-0.276831
-0.0737627
-0.276831
-0.0737627
-0.276831
-0.0737627
-0.276831
-0.0737627
-0.276831
-0.0737627
-0.276831
-0.0737627
-0.752906
-0.0737627
-0.752906
-0.0737627
-1.47411
-0.0737627
-1.47411
-0.0737627
-0.748458
-0.0737627
-0.748458
-0.0737627
-1.19863
-0.0737627
-1.19863
-0.0737627
0.695284
-0.0737627
0.695284
-0.0737627
0.695284
-0.0737627
0.0752879
-0.640421
0.0752879
-0.640421
0.0752879
-0.640421
0.0752879
-0.818915
0.0752879
-0.818915
0.0752879
-0.818915
0.0752879
acc = 0.249083
