-0.665951
-0.0302064
-0.493269
-0.0302064
-0.493269
-0.0302064
-1.14836
-0.0302064
0.8161
-0.0302064
-0.746618
-0.0302064
-0.746618
-0.0302064
-0.746618
-0.0302064
0.900904
-0.0302064
0.900904
-0.0302064
0.820207
-0.0302064
0.820207
-0.0302064
0.820207
-0.0302064
0.820207
-0.0302064
0.820207
-0.0302064
1.16288
-0.0302064
-0.0816991
-0.157864
-0.0816991
-0.157864
-0.0816991
-0.105227
0.780744
-0.105227
0.780744
-0.105227
0.360725
-0.105227
0.0306902
-0.105227
-0.485387
-0.105227
-0.485387
-0.105227
0.413553
-0.105227
0.413553
-0.105227
0.413553
-0.105227
0.413553
-0.105227
0.413553
-0.105227
0.420331
0.0130201
0.420331
0.0130201
0.420331
0.0130201
2.90699
0.0130201
1.25497
0.0130201
2.39472
0.0130201
0.22895
0.0130201
-0.562545
-0.089
-0.562545
-0.089
-0.562545
-0.362912
-0.460804
-0.362912
0.622407
-0.362912
0.622407
-0.362912
0.622407
-0.362912
0.622407
-0.362912
0.622407
-0.362912
0.622407
-0.362912
0.622407
-0.362912
0.622407
-0.362912
0.601204
-0.31345
0.179626
-0.31345
0.179626
-0.31345
0.179626
-0.31345
0.179626
-0.31345
0.108777
-1.06114
0.108777
-0.147815
0.108777
-0.147815
0.108777
-0.147815
-0.839438
-0.147815
-0.839438
-0.147815
-1.06637
-0.147815
-1.03857
-0.147815
-1.03857
-0.147815
-1.03857
-0.147815
-0.493002
-0.147815
-0.432884
-0.147815
-0.432884
-0.147815
-0.432884
-0.147815
-0.432884
-0.147815
-0.432884
-0.147815
-0.432884
-0.147815
0.677734
-0.147815
0.677734
-0.147815
-0.450531
-0.147815
-0.450531
-0.147815
-0.450531
-0.147815
-0.450531
-0.147815
-0.441717
-0.147815
0.340788
-0.147815
0.340788
-0.147815
0.340788
-0.147815
0.340788
-0.147815
0.340788
-0.147815
0.340788
-0.147815
0.340788
-0.147815
1.12585
-0.147815
0.228965
-0.147815
0.228965
-0.147815
0.228965
-0.147815
0.228965
-0.147815
0.228965
-0.147815
0.228965
-0.336903
0.228965
-0.336903
0.228965
-0.222908
0.228965
-0.222908
0.228965
-0.222908
0.228965
-0.222908
0.228965
-0.222908
0.228965
-0.222908
0.140644
-0.222908
0.140644
-0.222908
0.140644
-0.222908
0.140644
-0.222908
0.140644
-0.222908
0.140644
1.13741
-0.0275366
0.667612
-0.0275366
0.667612
-0.0275366
0.667612
-0.0310014
0.667612
-0.0310014
0.667612
-0.0310014
-1.67432
-0.0310014
-1.67432
-0.0310014
-1.67432
-0.0310014
-1.67432
-0.0310014
-1.67432
-0.0310014
-0.999626
-0.0310014
-0.899544
-0.0310014
-0.899544
-0.0310014
-0.490967
-0.0310014
0.343872
-0.213971
0.343872
-0.213971
0.343872
-0.213971
0.343872
-0.213971
0.343872
-0.213971
0.343872
-0.213971
0.343872
-0.213971
0.343872
-0.213971
0.0872039
-0.0123943
-0.733486
-0.0123943
-0.733486
-0.0123943
-0.598496
-0.0123943
-0.598496
-0.0123943
-0.598496
-0.0123943
-0.945013
-0.0123943
-0.588848
-0.0123943
-0.588848
-0.0123943
-0.588848
-0.0554151
-0.588848
-0.0554151
-0.912085
-0.0554151
0.690211
-0.0554151
0.690211
-0.0554151
-1.30008
-0.0554151
-1.30008
-0.0554151
1.02796
-0.0554151
1.02796
-0.0554151
0.300772
-0.0554151
0.300772
-0.0554151
0.962515
-0.0554151
0.962515
-0.0554151
0.962515
-0.0554151
0.962515
-0.0554151
0.962515
-0.0554151
-1.15173
-0.0554151
-1.55067
-0.0554151
-0.420807
-0.0554151
-0.420807
-0.0554151
0.379175
-0.0554151
0.379175
-0.0554151
-1.28377
-0.0223291
-0.814843
-0.0223291
-0.814843
-0.0223291
-0.814843
-0.0223291
-0.512697
-0.0223291
0.815352
-0.152152
0.815352
-0.152152
0.815352
-0.152152
0.815352
-0.152152
0.749377
-0.152152
-0.0725504
-0.152152
-0.0725504
-0.152152
-0.0725504
-0.152152
0.176275
-0.152152
-0.159032
-0.152152
-0.159032
-0.152152
-0.159032
-0.152152
-0.159032
0.561532
-0.159032
0.561532
-0.159032
0.561532
-0.159032
0.561532
-0.159032
0.258086
-0.159032
-1.2234
-0.159032
-1.2234
-0.159032
-1.2234
-0.129696
-1.03131
-0.129696
-1.03131
-0.129696
1.19326
-0.129696
1.19326
-0.129696
-0.386926
-0.129696
-0.386926
-0.251961
-0.386926
-0.251961
-0.386926
0.152474
-0.386926
0.152474
-0.386926
0.152474
0.0799836
-0.438515
0.0799836
-0.438515
0.0799836
-0.438515
0.0799836
-0.438515
0.0799836
-0.499258
0.0799836
-0.499258
0.0799836
-0.499258
0.0799836
0.3978
0.0799836
-0.0542805
-1.06356
-0.0542805
-1.06356
-0.0542805
-0.384641
-0.0542805
-0.384641
-0.0542805
-0.384641
-0.0542805
-0.384641
-0.0542805
0.42482
-0.0542805
0.170082
-0.0542805
-0.272378
-0.0542805
-0.272378
-0.0542805
-0.474812
0.257147
-0.28743
0.257147
-0.28743
0.0531557
-0.161385
0.0531557
-0.161385
0.0531557
-0.556719
-0.307145
-0.556719
-0.307145
-0.556719
-0.307145
-0.556719
-0.307145
-0.556719
-0.307145
-0.556719
0.121037
-0.556719
0.121037
-0.556719
0.121037
-0.556719
0.121037
-0.556719
0.121037
-0.556719
0.121037
-0.556719
-0.136539
-0.556719
-0.136539
-0.556719
-0.136539
0.000936868
0.507758
0.000936868
0.507758
0.000936868
0.529498
0.000936868
0.529498
0.000936868
0.529498
0.000936868
0.226397
0.000936868
-1.58441
0.000936868
-1.97396
0.000936868
-1.97396
0.000936868
-2.12652
0.000936868
-1.69387
0.000936868
-1.69387
0.000936868
-1.69387
0.000936868
0.396737
0.000936868
0.396737
0.000936868
0.396737
0.000936868
0.396737
0.000936868
0.396737
0.000936868
0.396737
0.000936868
-0.0148154
-0.749195
-0.0148154
-0.749195
-0.0148154
-0.749195
-0.0148154
-0.749195
-0.0148154
-0.749195
-0.0148154
0.385861
0.0429954
0.385861
0.0429954
0.385861
0.0429954
-0.628813
0.0429954
2.02612
0.0429954
2.02612
0.0429954
2.02612
0.0429954
2.33953
0.0429954
1.58171
0.0429954
1.58171
0.0429954
1.58171
0.0429954
1.58171
0.0429954
1.58171
0.0429954
1.58171
0.0429954
0.733911
0.0429954
0.733911
0.0429954
0.733911
0.0429954
0.733911
0.0429954
0.0516698
0.329052
0.0516698
0.329052
0.0516698
0.329052
0.0516698
-0.320785
0.0516698
-0.406344
0.0516698
-0.406344
0.0516698
-0.406344
0.0516698
-0.406344
0.0516698
-0.406344
0.605452
-0.406344
0.605452
0.417652
0.605452
0.417652
0.605452
0.417652
0.605452
0.417652
0.0444506
-0.491281
0.0444506
1.62672
0.0444506
1.62672
0.0444506
-0.894303
0.0444506
0.854527
0.0444506
-0.407374
0.0444506
-1.03377
0.119989
-1.03377
0.119989
-1.02662
0.119989
0.706853
0.119989
0.706853
0.119989
0.706853
0.119989
0.706853
0.119989
0.706853
0.119989
1.18576
0.119989
1.18576
0.119989
1.18576
0.119989
1.18576
0.119989
1.18576
0.119989
1.07719
0.119989
1.07719
0.119989
1.07719
0.119989
1.07719
0.119989
1.07719
0.119989
1.07719
0.119989
1.07719
0.119989
-0.470772
0.119989
-0.470772
0.119989
-0.470772
0.119989
0.00590338
0.119989
0.00590338
0.119989
0.00590338
0.119989
0.00590338
-1.03427
0.00590338
-1.03427
0.00590338
-1.01391
0.00590338
-2.09666
0.00590338
-0.0294062
-1.68606
-0.0294062
-1.68606
-0.0294062
1.29565
-0.0294062
0.91232
-0.0294062
0.91232
-0.0294062
0.91232
-0.0294062
0.91232
-0.0294062
0.361329
-0.0294062
0.361329
-0.0294062
0.361329
-0.0294062
0.361329
-0.0294062
0.361329
-0.0294062
0.361329
-0.0294062
-0.896447
-0.0294062
-2.42258
-0.0294062
-2.42258
-0.0294062
-2.8844
-0.0294062
-1.6604
-0.0294062
-1.6604
-0.0294062
-1.59043
-0.0294062
-0.525299
-0.0294062
-1.13536
-0.0294062
0.383404
0.024058
0.383404
0.024058
0.383404
0.024058
0.383404
0.024058
0.383404
0.024058
1.11265
0.024058
1.11265
0.024058
1.11265
0.024058
1.30457
0.024058
1.25486
0.024058
0.483765
0.024058
0.330008
0.024058
0.330008
0.0918789
-0.804548
0.0918789
-0.961001
0.0918789
-0.0677775
0.242889
-0.0677775
0.242889
-0.0677775
0.242889
0.329343
0.242889
0.329343
0.242889
0.329343
0.242889
0.329343
0.242889
0.329343
0.242889
0.329343
0.242889
0.329343
0.242889
0.329343
0.242889
0.329343
-0.0598553
0.492984
-0.0112902
-0.614737
-0.0112902
-0.614737
-0.0112902
1.51802
-0.0112902
0.785332
-0.0112902
0.785332
-0.0112902
0.785332
-0.0112902
-0.528531
-0.0112902
-0.861792
-0.0112902
-0.861792
-0.0112902
-0.861792
-0.0112902
0.437654
-0.0112902
0.437654
-0.0112902
0.437654
-0.0112902
0.437654
-0.0112902
0.437654
-0.0112902
0.437654
-0.0112902
0.678399
-0.0112902
0.678399
-0.0112902
0.678399
-0.0112902
0.678399
-0.0112902
0.678399
-0.0112902
0.0751259
0.452259
0.0751259
1.3934
0.0751259
1.52859
0.0751259
1.32955
0.0751259
2.35524
0.0751259
2.35524
0.0751259
0.687585
0.0751259
-1.36007
0.0751259
-1.36007
0.0751259
-1.36007
0.0751259
1.5896
0.0751259
-0.80102
0.0751259
-0.80102
0.0751259
-1.36848
0.0751259
0.696098
0.0751259
0.696098
0.0751259
0.696098
0.0751259
-0.86979
0.0751259
-0.86979
0.0751259
-0.86979
0.0751259
1.24383
0.0751259
1.24383
0.0751259
1.52994
0.0751259
1.52994
0.0751259
-1.07195
0.0751259
-1.07195
0.0751259
-1.07195
0.0751259
-0.525836
0.0751259
-0.525836
0.018713
-0.525836
0.018713
0.372759
0.018713
1.05669
0.018713
-1.65149
0.018713
-1.65149
0.018713
-0.241436
0.018713
-0.241436
0.497366
-0.241436
0.497366
-0.241436
0.388798
0.00673343
0.388798
0.00673343
0.388798
0.00673343
0.388798
0.00673343
0.388798
0.00673343
0.388798
0.00673343
-0.425852
0.00673343
-0.425852
0.00673343
-0.68914
0.00673343
0.42181
0.00673343
1.01403
0.00673343
-1.33992
0.00673343
-1.33992
0.00673343
0.228539
0.00673343
1.62131
0.0369647
1.62131
0.0369647
1.62131
0.0369647
1.62131
0.0369647
-0.748847
0.0956659
-0.748847
0.0956659
-0.632905
0.0956659
-0.632905
0.0956659
-0.516477
0.0956659
-0.92266
0.0956659
0.0775076
0.0956659
0.0775076
0.0956659
0.0775076
0.0956659
0.0775076
0.0956659
0.0775076
0.0956659
0.0775076
0.0956659
0.977706
0.0956659
-0.990015
0.0956659
0.289151
0.0956659
0.289151
0.0956659
-0.525083
0.0956659
-0.525083
0.0956659
-0.525083
0.0956659
0.792906
0.0254574
0.490447
0.0254574
0.490447
0.0254574
-1.03467
0.0254574
-0.2466
0.198282
-0.2466
0.198282
-0.279164
0.198282
-0.279164
0.198282
-0.279164
0.198282
-0.279164
0.198282
-0.279164
-0.316387
-0.279164
-0.316387
-0.279164
-0.316387
-0.279164
-0.316387
-0.40576
-0.316387
-0.40576
-0.316387
-0.40576
0.246826
-0.40576
0.246826
-0.40576
0.246826
-0.40576
-0.280787
-0.715555
-0.280787
-0.355145
-0.280787
-0.462596
-0.280787
0.076947
-0.280787
0.076947
-0.715991
-0.0794919
-0.715991
-0.0794919
-0.715991
-0.0794919
-0.715991
-0.0794919
-1.04331
-0.0794919
-1.2766
-0.0794919
-1.2766
-0.0794919
-1.2766
-0.0794919
1.19826
-0.0794919
-1.35694
-0.0794919
0.326561
-0.0794919
0.326561
-0.0794919
1.20013
-0.0794919
1.20013
-0.0794919
1.68655
-0.0794919
1.20105
-0.0794919
1.20105
-0.0794919
-0.193218
-0.0794919
-0.468208
-0.0794919
0.0240566
-0.0794919
-0.550419
-0.0794919
0.77857
-0.0794919
0.77857
-0.0794919
0.037016
0.046187
0.435027
0.046187
0.435027
0.046187
0.435027
-0.0188506
-0.286108
-0.0188506
-0.286108
-0.0188506
-0.286108
0.0676235
1.04982
0.0676235
1.04982
0.0676235
1.09403
0.0676235
1.09403
0.0676235
1.09403
0.0676235
1.09403
0.0676235
-0.580399
0.0676235
0.170861
0.212442
0.170861
0.212442
0.170861
0.212442
0.170861
0.212442
1.29813
0.212442
1.29813
0.212442
1.29813
0.212442
1.29813
0.212442
1.37077
0.212442
1.37077
0.212442
0.202677
0.212442
0.202677
0.212442
0.202677
0.212442
0.202677
0.212442
0.202677
0.212442
0.202677
0.212442
0.202677
0.212442
0.202677
0.212442
0.202677
0.212442
0.202677
0.212442
0.202677
0.212442
0.202677
0.212442
0.202677
0.212442
-0.401391
0.212442
-0.401391
0.212442
-0.401391
0.212442
-0.401391
0.212442
-0.401391
0.212442
-0.401391
0.212442
0.335593
0.212442
0.335593
0.212442
0.335593
-0.13624
0.311948
-0.13624
-1.41692
-0.13624
-1.41692
-0.13624
0.388287
-0.13624
0.388287
-0.13624
0.388287
-0.13624
-0.227655
-0.13624
-0.227655
-0.13624
0.474305
-0.13624
0.474305
-0.13624
0.474305
-0.13624
-1.13674
-0.13624
0.00332308
1.16268
0.00332308
1.16268
0.00332308
1.16268
0.00332308
0.970101
0.00332308
1.47117
0.00332308
0.380349
0.00332308
0.380349
0.00332308
0.380349
0.00332308
0.220116
0.00332308
0.220116
0.00332308
0.220116
0.00332308
0.319659
0.00332308
0.319659
0.00332308
-2.67612
0.00332308
-2.67612
0.00332308
-2.54773
0.00332308
-1.29704
0.00332308
0.626639
0.00332308
-0.459435
0.00332308
-0.449448
0.00332308
-0.449448
0.00332308
-0.449448
0.00332308
-0.449448
0.0529304
0.960802
0.19769
0.960802
0.19769
0.960802
0.19769
-0.61816
0.19769
0.273519
0.19769
0.273519
0.19769
0.273519
0.19769
1.09119
0.19769
0.688489
0.19769
0.688489
0.19769
-0.53651
0.19769
-0.53651
0.157228
-0.541009
0.157228
0.225794
0.554897
0.225794
0.554897
0.225794
0.554897
0.225794
0.554897
0.225794
0.548993
0.225794
0.548993
0.225794
0.548993
0.225794
0.548993
0.225794
0.548993
0.225794
0.548993
0.225794
-0.422993
0.225794
-0.422993
0.225794
0.239236
0.225794
0.239236
0.00392875
0.239236
0.00392875
0.239236
0.00392875
-1.68645
0.00392875
-1.68645
0.00392875
0.570047
-0.118048
0.267274
-0.118048
0.267274
-0.118048
0.256228
-0.118048
0.256228
-0.118048
0.256228
-0.118048
0.256228
-0.118048
0.256228
-0.118048
0.256228
-0.118048
-0.6475
0.0535466
-1.54825
0.0535466
-0.736291
0.0535466
-1.28472
0.0535466
1.19133
0.0535466
1.19133
0.0535466
1.19133
0.0535466
0.195049
0.0535466
0.195049
1.30998
-0.155438
1.30998
-0.155438
-1.56997
-0.155438
1.13325
-0.155438
1.13325
-0.155438
1.13325
-0.155438
1.13325
-0.155438
1.13325
-0.155438
0.721581
-0.155438
-0.464205
-0.155438
-0.374385
-0.155438
0.367172
-0.155438
0.367172
0.154601
0.367172
0.154601
0.367172
0.154601
0.367172
0.154601
0.367172
0.154601
0.102655
0.154601
0.07011
0.0869164
0.07011
1.14867
0.07011
1.14867
0.07011
1.14867
0.07011
1.14867
0.07011
1.14867
0.07011
2.60912
0.07011
0.263884
0.07011
0.263884
0.07011
0.263884
0.07011
0.263884
0.07011
0.263884
0.07011
1.63373
0.07011
1.08888
0.07011
1.08888
0.07011
0.358707
0.07011
0.358707
0.201124
0.358707
0.201124
0.358707
0.201124
0.358707
0.103345
-1.25863
0.103345
-0.199456
0.103345
-0.199456
-0.854502
-0.199456
0.186664
-0.199456
0.186664
-0.199456
0.186664
-0.199456
0.186664
-0.199456
0.186664
-0.199456
0.186664
-0.199456
0.186664
-0.199456
0.186664
-0.199456
0.186664
-0.199456
0.186664
-0.199456
0.186664
-0.199456
0.186664
0.652985
0.186664
0.736767
0.186664
-0.575436
0.186664
0.716042
0.186664
0.546352
0.186664
0.546352
0.186664
0.546352
0.186664
1.22937
0.186664
1.09536
0.186664
1.09536
0.186664
0.910098
0.186664
0.910098
0.186664
0.910098
0.186664
0.910098
0.186664
0.910098
-0.182773
-0.714037
-0.182773
-0.714037
-0.182773
0.106139
0.714587
0.106139
-0.216012
0.106139
-0.216012
0.106139
-0.216012
0.106139
-0.216012
0.106139
-0.216012
0.106139
-0.216012
0.106139
-0.369197
0.106139
-0.369197
0.14838
-0.369197
0.14838
-0.369197
0.14838
-0.369197
0.14838
-0.369197
0.14838
-0.369197
0.14838
0.39375
0.14838
0.39375
0.14838
0.39375
0.14838
0.39375
0.14838
0.39375
0.14838
0.39375
-0.0768415
0.39375
-0.0768415
-0.492455
-0.0768415
-0.492455
-0.0768415
-0.492455
-0.0768415
-0.650127
-0.0768415
0.00503784
-0.976348
0.00503784
-1.22194
0.00503784
-0.458696
0.00503784
-0.458696
0.00503784
0.221504
0.00503784
0.587265
0.00503784
-0.454791
0.00503784
-0.454791
0.00503784
-0.454791
0.00503784
-0.454791
0.00503784
-0.454791
0.00503784
-0.454791
0.00503784
-1.73379
0.00503784
0.82084
0.00503784
-1.36097
0.00503784
-1.36097
0.00503784
-1.36097
0.00503784
-1.31095
0.00503784
-1.31095
0.00503784
-1.31095
0.00503784
-1.31095
0.00503784
-1.31095
0.00503784
0.585414
0.00503784
0.585414
0.00503784
0.585414
0.00503784
0.585414
0.00503784
0.585414
0.00503784
0.49417
0.00503784
0.49417
0.00503784
-0.446341
0.00503784
-0.446341
0.00503784
-0.446341
0.00503784
-0.0332414
0.00503784
-1.47617
0.00503784
0.844989
0.00503784
0.483407
0.00503784
0.263962
0.00503784
1.16258
-0.0955825
1.16258
-0.0955825
0.177396
-0.0955825
0.177396
-0.0955825
-0.134631
-0.181897
-0.134631
0.0888841
0.706283
0.0888841
0.706283
0.0888841
0.706283
0.0888841
0.706283
0.0888841
0.099578
-0.171312
0.099578
-0.171312
0.099578
-1.21492
0.099578
-1.21492
0.099578
0.241438
0.099578
0.384277
-0.198111
0.384277
-0.198111
0.384277
-0.198111
0.384277
-0.198111
0.384277
-0.198111
0.384277
0.273686
0.384277
0.273686
0.384277
0.273686
0.384277
0.273686
0.384277
0.273686
0.384277
0.273686
0.384277
0.273686
0.384277
0.273686
0.384277
0.273686
0.321797
0.191557
0.321797
0.191557
0.321797
0.191557
0.321797
0.191557
0.321797
0.191557
0.321797
-0.444301
0.321797
-0.685596
0.32822
-0.685596
0.32822
0.615852
0.32822
-0.498402
-0.345895
0.165458
-0.345895
0.165458
-0.345895
-0.387393
-0.294397
-0.387393
-0.294397
-0.387393
-0.294397
0.361574
-0.294397
0.361574
-0.294397
0.361574
-0.294397
0.361574
-0.175283
0.361574
-0.175283
-0.0543503
1.68744
-0.0543503
1.68744
-0.0543503
-0.963153
-0.0543503
-0.963153
-0.0543503
0.0302323
-0.150721
0.0302323
-0.530315
0.0302323
0.277365
0.0302323
0.277365
0.0302323
0.277365
0.0302323
0.277365
0.0302323
0.277365
0.0302323
0.277365
0.0302323
1.0474
0.0302323
1.0474
0.0302323
1.61117
0.0302323
1.61117
0.0302323
1.61117
0.0302323
-1.14568
0.0302323
-1.14568
0.0302323
1.60069
0.0302323
1.2501
0.0302323
1.2501
0.019574
1.2501
0.00286081
0.193918
0.00286081
-0.0598518
0.00286081
-0.0598518
0.00286081
-0.0598518
-2.28473
-0.0598518
-1.64707
-0.0598518
-0.294078
-0.0598518
-0.294078
-0.0598518
1.52772
-0.0598518
0.426835
-0.0598518
0.426835
-0.0598518
0.426835
-0.0598518
0.426835
-0.00813887
0.426835
-0.00813887
-0.0822921
-0.705637
-0.0822921
-0.705637
-0.0822921
-0.705637
-0.0822921
-0.217507
-0.0822921
-0.217507
-0.0822921
-0.217507
-0.0822921
-0.217507
-0.0822921
-0.217507
-0.0822921
-0.217507
-0.0822921
-0.217507
-0.0822921
-0.217507
-0.0822921
-0.217507
-0.0822921
0.818194
-0.0822921
0.818194
-0.0822921
0.818194
-0.0822921
0.649062
-0.0822921
0.888283
-0.0822921
0.888283
-0.0822921
0.888283
-0.0822921
-1.40349
-0.0822921
-1.40349
-0.0822921
-0.0630693
-0.0822921
-0.0630693
-0.602236
-0.0630693
0.984336
-0.0630693
-1.77872
-0.0630693
-1.77872
-0.0630693
-1.77872
0.0096667
-1.54261
0.0096667
-1.34539
0.0096667
0.853901
0.0096667
-0.27156
0.0096667
1.1119
0.0096667
-0.594647
0.0096667
-0.594647
0.0096667
-0.594647
0.0096667
-0.594647
0.0096667
1.52343
0.0096667
1.52343
0.0096667
0.111205
0.0096667
0.111205
0.144112
0.111205
0.144112
0.111205
0.615657
0.111205
0.615657
0.111205
0.615657
0.111205
0.615657
0.111205
1.49231
0.111205
-0.60431
0.111205
-0.60431
0.111205
-0.60431
0.111205
-0.486617
0.111205
-0.486617
0.111205
-0.486617
0.111205
-0.362574
0.111205
-0.362574
0.111205
-0.362574
0.111205
-0.315831
0.0498488
-0.315831
0.0498488
-1.06429
0.0498488
-2.1036
0.0498488
-1.84556
0.0498488
-1.84556
0.0498488
-0.931083
0.0498488
1.19115
0.0498488
1.19115
0.0498488
1.19115
0.0498488
1.19115
0.0498488
1.19115
0.0498488
-0.54759
0.0498488
-0.0938029
0.0498488
-0.0938029
0.0498488
-0.0938029
0.0498488
1.34723
0.0498488
1.34723
0.0498488
-0.629808
0.0498488
1.0292
0.0498488
1.0292
0.0498488
-1.54274
0.0498488
-1.54274
0.0498488
-1.74079
0.0671182
0.292168
0.0671182
0.292168
0.0671182
0.292168
0.0671182
-0.107561
0.0671182
-0.107561
0.0671182
-0.107561
0.0671182
-0.0106715
0.0671182
-0.0106715
0.0671182
-0.0106715
0.0671182
-0.0106715
0.0671182
-0.0106715
0.0671182
0.756321
0.0671182
0.756321
0.00653788
1.03998
0.00653788
1.03998
0.00653788
-1.24095
0.00653788
-1.24095
0.00653788
0.548682
0.00653788
-0.469913
0.00653788
-0.469913
0.00653788
-0.469913
0.00653788
-0.469913
0.00653788
-0.469913
0.00415607
-0.469913
0.00415607
0.32905
0.00415607
0.702851
0.00415607
0.702851
0.00164899
0.702851
0.00164899
0.702851
0.00164899
-1.13477
0.00164899
-1.13477
0.00164899
-0.70908
0.0932061
-0.70908
0.0932061
1.4938
0.0932061
1.4938
0.0932061
-0.630432
0.0932061
-0.274176
-0.418206
-0.164894
0.608265
-0.164894
0.450501
-0.164894
0.0655973
-1.57573
0.0655973
-1.57573
0.0655973
-1.57573
0.0655973
-1.57573
0.0655973
-1.04605
0.0655973
-1.04605
0.0655973
-1.04605
0.0655973
-1.04605
0.0655973
-1.04605
0.0655973
-1.32469
0.0655973
-1.32469
0.0655973
-1.32469
0.0655973
-1.32469
0.0655973
-1.32469
0.0655973
-1.32469
0.0655973
-1.32469
0.0655973
-1.32469
0.0655973
0.862876
0.0655973
0.862876
0.0655973
0.862876
0.0655973
0.862876
0.0655973
0.862876
0.0655973
0.121249
0.0655973
0.121249
-1.05619
0.121249
-1.05619
0.121249
-1.05619
0.121249
1.05387
0.121249
0.473715
0.121249
0.473715
0.121249
0.0995048
0.570213
0.0995048
0.570213
0.0995048
0.570213
0.0995048
0.570213
-0.0383525
1.50113
-0.0383525
1.50113
-0.0383525
0.668587
-0.0383525
0.668587
-0.0383525
0.668587
-0.0383525
0.668587
-0.0383525
0.351757
-0.0383525
1.52917
-0.0383525
-0.293898
-0.0383525
-0.293898
-0.0383525
-0.293898
-0.120519
-0.293898
0.334036
-0.293898
0.334036
-0.293898
-0.422534
-0.129159
-0.422534
-0.129159
0.593502
-0.129159
0.593502
-0.129159
0.593502
-0.129159
-0.702243
-0.129159
-0.702243
-0.129159
-1.3175
-0.129159
-0.0843959
-0.129159
-0.0843959
-0.129159
-0.0843959
-0.31953
-0.0843959
-1.54123
-0.0843959
1.05411
-0.0843959
-0.614478
-0.0843959
-0.614478
-0.0843959
-0.614478
-0.0843959
-1.09522
-0.0843959
-0.824842
-0.0843959
1.00788
-0.0843959
1.00788
-0.0843959
1.0328
-0.0843959
-0.837374
-0.0843959
-0.837374
-0.0843959
-0.0814665
-0.0843959
-0.0814665
-0.840055
-0.0814665
-0.840055
-0.0814665
1.50114
-0.0814665
0.915199
-0.0814665
0.915199
-0.0814665
0.915199
-0.0814665
0.915199
-0.0814665
-1.01229
-0.0814665
0.100534
-0.0814665
0.100534
-0.0814665
0.100534
0.0991887
0.100534
0.0991887
0.530511
0.0991887
0.530511
0.0991887
0.530511
0.0991887
0.800662
0.0991887
-0.205362
0.0991887
-0.205362
0.0991887
-0.205362
-0.385746
-0.205362
-0.385746
-0.205362
-0.48019
-0.205362
-0.48019
-0.205362
-0.48019
-0.205362
-0.48019
-0.205362
-0.48019
-0.205362
0.188703
-0.205362
0.188703
-0.717001
0.188703
-1.0194
0.188703
0.341583
0.188703
0.341583
-0.0346489
1.21463
-0.0346489
0.0286916
-0.0346489
0.0286916
-0.0346489
0.0286916
-0.0346489
-0.19364
-0.0346489
-0.19364
-0.0346489
1.05394
-0.0346489
0.547557
-0.0346489
-0.490605
-0.0346489
-0.490605
-0.0346489
1.34234
-0.0346489
1.34234
-0.0346489
1.34234
-0.0346489
1.34234
-0.00687729
-1.30895
-0.00687729
-1.30895
-0.00687729
0.790055
-0.00687729
-0.206922
-0.00687729
-0.206922
0.40486
-0.206922
-0.0112451
1.31064
-0.0112451
-1.00284
-0.0112451
-1.00284
-0.0112451
-1.00284
-0.0112451
-1.00284
-0.0112451
-1.00284
-0.0112451
-0.391354
-0.0112451
0.914649
-0.0112451
0.914649
-0.0112451
0.914649
-0.0112451
2.30969
-0.0112451
2.30969
-0.0112451
0.243902
-0.0112451
0.352665
-0.0112451
0.352665
-0.0112451
0.666075
-0.0112451
0.666075
-0.0112451
0.666075
-0.0112451
-1.00023
-0.0112451
0.480809
-0.0112451
-1.93589
-0.0112451
-1.93589
-0.0112451
0.292715
-0.0112451
0.292715
-0.0112451
0.292715
-0.0112451
-0.187659
-0.0112451
-0.187659
-0.461166
-0.187659
-0.258552
-0.187659
-0.258552
-0.0171149
-0.929514
-0.0171149
-0.929514
-0.0171149
-0.929514
-0.0171149
-0.929514
-0.0171149
-0.929514
-0.0171149
-2.11548
-0.0171149
-0.94254
-0.0171149
-2.03036
-0.0171149
-0.832254
-0.0171149
1.41209
-0.0171149
1.41209
-0.0171149
-1.03796
-0.0171149
-1.03796
-0.0171149
1.25431
-0.0171149
1.25431
-0.0171149
1.92555
-0.0171149
-0.304955
-0.0171149
-0.304955
-0.0171149
-0.304955
-0.0171149
0.257143
-0.0171149
-0.881105
-0.0171149
-2.18996
-0.0171149
-2.18996
-0.0171149
-2.18996
-0.0171149
-2.18996
-0.0171149
-2.18996
-0.0171149
-2.63027
-0.0171149
-1.16896
-0.0171149
0.948408
-0.0171149
-0.3773
-0.059687
0.697582
-0.059687
0.93841
-0.059687
-0.525383
-0.059687
-0.525383
-0.059687
-0.525383
-0.248521
-0.525383
-0.248521
-0.525383
-0.248521
-0.525383
-0.248521
-0.525383
-0.248521
-0.525383
-0.248521
-0.525383
-0.248521
0.711556
0.202706
0.711556
-0.195284
0.711556
-0.195284
-0.739027
-0.220171
-0.739027
-0.220171
-0.739027
-0.20432
-0.739027
-0.20432
-0.356878
-0.20432
0.47117
-0.20432
0.47117
-0.20432
-0.243154
-0.20432
-0.243154
-0.20432
-0.243154
-0.20432
-0.515107
-0.20432
-0.515107
-0.20432
-0.515107
-0.20432
-0.515107
0.30585
-0.515107
0.30585
-0.515107
-0.439738
-0.515107
-0.439738
-0.515107
-0.439738
-0.515107
-0.439738
-0.515107
-0.439738
-0.515107
-0.439738
-0.515107
-0.439738
-0.515107
-0.439738
-0.515107
-0.439738
0.119104
-0.140671
-0.513273
-0.140671
-0.513273
-0.140671
-0.513273
-0.140671
-0.513273
-0.140671
-0.513273
-0.140671
0.859588
-0.140671
-1.00589
-0.140671
-1.00589
-0.140671
-1.00589
-0.140671
-1.00589
-0.140671
-0.257293
-0.140671
-0.0372411
-0.140671
-0.0372411
-0.140671
-0.117603
0.355984
-0.117603
0.355984
-0.117603
0.257798
-0.117603
0.257798
-0.117603
0.257798
-0.117603
0.257798
-0.117603
-0.402892
-0.117603
-0.402892
-0.117603
0.151522
-0.117603
-0.727701
-0.117603
-0.727701
-0.117603
0.95694
-0.117603
0.95694
-0.117603
1.40622
-0.117603
0.637918
-0.117603
-0.317169
-0.117603
1.00582
-0.117603
0.383776
-0.117603
-0.725634
-0.117603
-0.725634
-0.117603
-0.725634
0.224765
0.604812
0.224765
0.468391
0.224765
0.468391
0.224765
0.468391
0.224765
0.0367228
-0.941302
0.0367228
-0.941302
0.0367228
-0.984239
0.0367228
-0.984239
0.0367228
-0.350974
0.0367228
-0.350974
0.0367228
-0.350974
0.0367228
-0.350974
0.0367228
0.163071
0.0367228
0.163071
0.142767
0.163071
0.142767
0.163071
0.142767
0.163071
-0.601571
-0.188943
-0.601571
-0.188943
-0.601571
-0.188943
-0.601571
-0.188943
-0.601571
-0.188943
-0.601571
-0.188943
-0.601571
-0.188943
-0.601571
-0.188943
0.277478
-0.188943
0.277478
-0.188943
0.277478
-0.188943
0.277478
-0.188943
-0.853313
-0.188943
-0.225539
-0.188943
-0.225539
-0.420405
-0.225539
-0.635467
-0.225539
-0.512458
-0.225539
-0.352794
-0.225539
-0.471771
-0.225539
-0.471771
-0.225539
-0.471771
-0.225539
-0.471771
-0.225539
-0.471771
-0.225539
-0.210517
-0.225539
-0.194096
-0.225539
-0.194096
-0.225539
-0.194096
-0.225539
-0.375474
-0.225539
-0.375474
-0.225539
0.7521
0.123749
0.7521
0.123749
-0.334736
0.123749
-0.66964
0.123749
-0.66964
0.123749
0.92402
-0.256508
0.92402
-0.256508
0.92402
-0.256508
0.92402
-0.256508
0.92402
-0.256508
0.92402
-0.256508
0.92402
-0.256508
0.92402
-0.256508
-0.709597
-0.256508
-0.709597
-0.256508
-0.709597
-0.256508
-0.709597
-0.285672
-0.709597
-0.285672
-0.709597
-0.285672
0.11517
-0.285672
0.11517
0.561673
0.11517
0.561673
0.11517
0.561673
0.11517
0.561673
0.11517
0.213105
0.11517
0.213105
0.11517
0.213105
0.11517
0.129475
0.11517
-0.768509
0.11517
-0.768509
0.11517
1.47216
0.11517
1.47216
0.11517
1.47216
0.11517
1.47216
0.11517
1.47216
0.11517
1.47216
0.11517
1.47216
0.11517
-0.586832
0.11517
-0.092219
-0.309505
-0.092219
-0.309505
-0.092219
-0.309505
-0.092219
-0.119036
-0.092219
-0.119036
0.165112
-0.119036
0.165112
-0.119036
0.165112
-0.119036
0.165112
-0.119036
0.165112
-0.119036
0.165112
-0.119036
0.165112
-0.119036
-0.259769
-0.119036
-0.259769
-0.119036
-0.259769
-0.119036
-0.379871
-0.119036
-0.379871
-0.119036
-0.379871
-0.119036
-0.379871
0.0304734
-0.379871
0.0304734
-0.379871
0.0304734
-0.379871
0.0304734
-0.379871
0.0304734
-0.379871
0.0304734
-1.13445
0.0304734
-1.51463
0.0304734
-1.51463
0.0304734
-1.51463
0.0304734
-0.946712
0.0304734
-0.402096
0.0304734
0.47347
0.0304734
1.33191
0.0304734
1.57258
0.0304734
1.57258
0.0304734
1.07261
0.0304734
1.07261
0.0304734
-0.193152
0.0304734
-0.218938
0.0304734
-0.218938
0.0304734
-0.218938
0.462252
-0.218938
0.462252
-0.218938
0.462252
-0.218938
0.462252
-0.218938
0.462252
-0.218938
0.462252
-0.218938
0.462252
0.057821
0.462252
0.057821
1.0568
0.057821
1.0568
0.057821
1.0568
0.057821
1.0568
0.057821
-0.735608
0.057821
0.598242
0.057821
0.598242
0.057821
-0.481851
0.057821
-0.481851
0.057821
-1.09725
0.057821
-1.85132
0.057821
0.730976
0.057821
0.730976
0.057821
0.727317
-0.0904631
0.727317
-0.0904631
0.727317
-0.0904631
1.22122
-0.0904631
1.22122
-0.0904631
-0.996493
-0.210531
-0.996493
-0.210531
-0.996493
-0.210531
-1.00443
-0.210531
-1.00443
-0.210531
0.842173
-0.210531
0.842173
-0.210531
0.842173
-0.210531
0.842173
-0.210531
0.842173
-0.210531
0.842173
-0.210531
0.842173
-0.210531
0.842173
-0.210531
0.842173
-0.210531
-0.774023
0.132764
0.492059
0.132764
0.492059
0.132764
0.3142
0.132764
0.3142
0.132764
0.3142
0.132764
0.3142
0.132764
0.0754453
0.819311
0.0754453
0.819311
0.0754453
0.65822
0.0754453
-1.22766
0.0754453
-1.22766
0.0754453
0.761308
0.0754453
0.549817
0.0754453
0.549817
0.0754453
-1.10465
0.0754453
-1.10465
0.0754453
-1.10465
0.0754453
0.0958739
0.0754453
0.0958739
0.0754453
-0.763183
0.0754453
-0.763183
0.0754453
-0.763183
-0.0804697
-0.763183
-0.0804697
-0.763183
-0.0804697
-0.763183
-0.0804697
-0.763183
-0.0804697
0.260029
-0.0804697
0.260029
-0.0804697
0.260029
0.511875
0.260029
0.511875
0.260029
0.7707
0.260029
0.7707
0.260029
-1.16568
0.260029
0.454078
0.260029
0.454078
0.260029
-0.015527
0.260029
-0.015527
-0.671088
-0.015527
0.0984402
-0.712953
0.0984402
-0.712953
0.0984402
1.34344
0.0984402
-0.757814
0.0984402
-0.757814
0.0984402
-0.757814
0.0984402
-0.757814
0.0984402
-0.473899
0.0984402
-0.472329
0.0984402
-0.472329
0.0984402
-0.472329
0.0984402
-0.60837
0.0984402
-0.60837
0.0984402
-0.60837
-0.017231
2.04538
-0.017231
0.286795
-0.017231
0.286795
-0.017231
0.286795
-0.017231
0.286795
-0.017231
0.286795
-0.017824
0.286795
-0.017824
0.286795
-0.017824
0.286795
-0.017824
0.286795
-0.017824
0.286795
-0.184925
0.286795
-0.184925
0.286795
-0.184925
0.0341147
-0.184925
0.0341147
-0.184925
0.0341147
0.0547252
-0.255774
0.0547252
-0.255774
0.0547252
-0.0803881
-0.705447
-0.0803881
0.68117
-0.0803881
0.68117
-0.0803881
-0.996338
-0.0803881
-0.996338
-0.0803881
0.257978
-0.0803881
0.257978
-0.0803881
1.05881
-0.0803881
-0.162305
-0.0803881
-1.12783
-0.0803881
0.716833
-0.0803881
1.03937
-0.0803881
1.03937
0.0843141
1.95654
0.0843141
1.95654
0.0843141
1.43224
0.0843141
-0.783426
0.0843141
-0.783426
0.0843141
-0.783426
0.0843141
-0.783426
0.0843141
-0.783426
0.0843141
-0.783426
0.0843141
-0.783426
0.0843141
-0.783426
0.144315
-0.783426
0.144315
-0.783426
0.144315
-0.783426
0.144315
-0.783426
0.144315
0.26232
0.144315
0.26232
0.144315
0.26232
0.144315
0.26232
0.144315
0.26232
0.144315
0.26232
0.144315
0.26232
0.144315
0.26232
0.144315
0.26232
0.144315
-0.150886
0.144315
-0.150886
0.144315
-0.150886
0.144315
-0.150886
0.144315
-0.150886
0.144315
-0.150886
0.144315
-0.150886
0.249249
-0.150886
0.249249
-0.150886
0.249249
-0.150886
0.249249
-0.150886
0.249249
-0.150886
0.249249
-0.150886
0.249249
-0.150886
0.0609596
-0.176794
0.0609596
-0.176794
0.0609596
-0.301067
0.0609596
-0.301067
0.0609596
-0.301067
0.0609596
-0.205932
-0.608225
-0.205932
-0.608225
0.319733
-0.608225
0.319733
-0.608225
0.319733
-0.608225
0.319733
-0.608225
0.319733
-0.619218
0.319733
-0.619218
0.319733
-0.619218
0.319733
-0.619218
0.319733
-0.619218
0.319733
-0.619218
0.319733
-0.619218
0.319733
-0.619218
0.319733
-0.619218
0.26
-0.619218
0.26
-0.445448
0.26
-0.445448
0.26
-0.445448
0.26
-0.445448
0.315269
-0.445448
0.315269
-0.445448
0.315269
-0.300472
0.315269
-0.392968
0.315269
-0.392968
0.315269
-0.392968
0.315269
-0.392968
0.315269
0.153952
0.749175
0.153952
0.544885
0.153952
0.544885
0.153952
-0.256917
0.153952
-0.256917
0.153952
-0.256917
0.153952
-0.00329681
-1.04191
0.0478097
-1.04191
0.0478097
-0.426718
0.0478097
0.237132
0.0478097
0.38557
0.0478097
0.38557
0.0478097
0.38557
0.0478097
0.38557
0.0478097
0.38557
0.0478097
-2.0359
0.0478097
0.843582
0.0478097
0.581663
0.0478097
0.581663
0.0478097
1.30234
0.0478097
-0.287104
0.0478097
0.947179
0.0478097
0.947179
0.0478097
1.43181
0.0478097
1.67181
0.0478097
-0.688819
0.0478097
-0.688819
0.0478097
-0.688819
0.0478097
-0.688819
0.0478097
0.985213
0.0478097
0.985213
0.0478097
0.985213
0.0478097
0.985213
0.0478097
1.62662
0.0478097
1.92382
0.0478097
1.92382
0.0478097
0.746165
0.0478097
0.746165
0.0478097
0.746165
0.0478097
0.746165
0.0478097
0.797219
0.0478097
0.797219
0.0478097
0.797219
0.0478097
1.15205
0.0478097
1.15205
0.0478097
1.15205
0.0478097
1.15205
0.0478097
0.604825
0.0478097
0.604825
0.0478097
0.604825
0.0478097
0.604825
0.0478097
0.604825
0.0478097
2.48362
0.0478097
2.48362
0.0478097
2.48362
0.0478097
1.2439
0.0478097
-0.212196
0.234606
0.715492
0.234606
0.715492
0.234606
-0.421993
0.234606
-0.421993
-0.502954
-0.421993
0.0527446
-0.675222
0.0527446
-0.675222
-0.0472762
0.0782512
-0.0472762
0.0782512
-0.0472762
0.490033
-0.0472762
0.490033
-0.0472762
-0.193816
-0.0472762
-0.338556
-0.0472762
-0.338556
-0.0472762
-0.338556
-0.0472762
-0.531291
-0.0472762
-0.531291
-0.0472762
-0.531291
-0.0472762
-0.531291
-0.0472762
-0.531291
-0.0472762
-0.531291
-0.0472762
0.207948
0.0873623
0.322297
0.0873623
0.322297
0.0873623
0.702413
0.0873623
0.702413
0.0873623
0.702413
0.0873623
0.702413
0.0873623
0.702413
0.0873623
0.702413
0.0873623
0.702413
0.0873623
-0.197343
0.0873623
-0.197343
0.0873623
-0.197343
0.0873623
-0.197343
0.0873623
1.06505
0.0873623
1.66564
0.0873623
1.53044
0.0873623
1.53044
0.0873623
1.53044
0.0873623
1.53044
0.0873623
1.53044
0.0873623
-0.348326
0.0873623
-0.348326
0.0873623
-0.348326
0.0873623
-0.348326
0.0873623
-0.348326
0.0873623
-0.348326
0.0873623
-0.348326
0.0873623
-0.348326
0.0873623
-0.348326
0.229644
-0.348326
0.229644
-0.0143932
-2.0915
-0.0143932
-2.0915
-0.0143932
-2.0915
-0.0143932
0.858621
-0.0143932
0.858621
-0.0143932
0.858621
-0.0143932
0.467603
-0.330793
0.467603
-0.0175006
0.467603
-0.0175006
0.467603
-0.0175006
-0.341166
-0.213688
-0.341166
-0.213688
-0.341166
-0.213688
-0.341166
-0.213688
-0.341166
-0.213688
-0.341166
-0.289292
-0.341166
-0.289292
-0.341166
-0.289292
0.0810775
-0.289292
0.0810775
0.182068
0.0810775
1.06484
0.0810775
-0.740348
0.0810775
-0.740348
0.0810775
-0.740348
0.0810775
-0.740348
0.0810775
-0.740348
0.0810775
0.920934
0.0810775
0.920934
0.0810775
-0.9532
0.0810775
-0.9532
0.0810775
0.405143
-0.148907
-0.952683
-0.148907
-0.952683
-0.148907
0.845484
-0.148907
-1.03535
-0.148907
-0.35635
-0.148907
-0.35635
-0.148907
-0.267704
-0.148907
-0.267704
-0.148907
-0.267704
-0.148907
-0.267704
-0.148907
-0.267704
-0.148907
-0.267704
-0.148907
-0.267704
-0.148907
-0.267704
-0.148907
-1.47861
-0.148907
-1.47861
-0.148907
0.295616
-0.148907
0.295616
-0.148907
-0.181992
-0.148907
-0.181992
-0.148907
-0.181992
0.232668
-0.181992
0.0733563
-0.181992
-0.184737
-0.0177563
-0.184737
-0.0177563
0.223459
-0.0177563
0.0894101
0.193955
0.0894101
0.193955
0.379794
-0.337057
-0.171285
-0.337057
-0.524252
-0.337057
-0.524252
-0.337057
0.786507
-0.337057
0.786507
-0.337057
0.408424
-0.337057
0.357979
-0.337057
0.357979
-0.337057
0.357979
-0.337057
0.357979
-0.337057
0.357979
-0.337057
-0.528305
-0.337057
-0.528305
-0.337057
-0.528305
0.441644
-0.341003
0.441644
-0.341003
0.101113
-0.341003
0.101113
-0.341003
-0.00117172
-0.489161
-0.00117172
-1.63901
-0.00117172
-1.63901
-0.00117172
-0.179776
-0.00117172
-0.179776
-0.00117172
-0.179776
-0.00117172
-0.179776
-0.00117172
0.465436
-0.00117172
0.625285
-0.00117172
1.18464
-0.00117172
-1.22268
-0.00117172
-1.5619
-0.00117172
-0.639048
-0.0284072
0.707433
-0.0284072
0.707433
-0.0284072
-0.882362
-0.0284072
-0.882362
-0.0284072
0.989361
-0.0284072
0.989361
-0.0284072
0.989361
-0.0284072
0.347393
-0.0284072
1.70215
-0.0284072
2.71947
-0.0284072
2.71016
-0.0284072
1.4626
-0.0284072
-0.84575
-0.0284072
0.241228
-0.0284072
0.241228
-0.0284072
0.982366
-0.0284072
0.982366
-0.0284072
0.982366
-0.0284072
-1.61767
-0.0284072
1.28924
0.0551391
1.28924
0.0551391
1.28924
0.0551391
-1.56176
0.0551391
-1.61274
0.0551391
-1.49771
0.0551391
0.801038
0.0551391
0.801038
0.0551391
0.801038
0.0551391
0.36996
0.0551391
0.36996
0.0678765
0.36996
0.0678765
0.36996
0.0678765
0.36996
0.267279
0.36996
0.267279
0.36996
0.0560958
1.03948
0.0560958
0.315785
0.0560958
0.315785
0.0560958
0.315785
0.0560958
-1.09279
0.0560958
-1.09279
0.0560958
-1.09279
0.0560958
-1.09279
0.0560958
-1.09279
0.0560958
1.21307
0.0560958
1.07243
0.0560958
0.438975
0.0560958
-0.373788
0.0560958
-0.813786
0.0560958
-0.813786
0.0560958
-0.813786
0.0560958
-1.74858
0.0560958
-1.74858
0.0560958
-1.74858
0.0560958
-1.50016
0.0560958
-1.15179
0.0560958
-1.03177
0.0560958
0.0767423
0.0560958
0.0767423
0.0560958
-1.21978
0.0560958
1.27918
0.0560958
1.27918
0.0560958
1.27918
0.0560958
0.797459
0.0560958
-0.326216
0.0560958
-1.52661
0.0560958
-1.52661
0.0560958
-1.52661
0.0560958
-0.648007
0.0560958
-0.648007
0.0560958
0.644917
0.0560958
-1.60677
0.0560958
-1.60677
0.0560958
-1.60677
0.0560958
-1.60677
0.0560958
0.271416
0.0560958
0.271416
0.0560958
0.271416
0.0560958
0.460283
0.0560958
0.460283
0.0560958
0.460283
0.0560958
0.460283
0.0560958
0.460283
0.0560958
1.57088
0.0560958
1.57088
0.0560958
-1.06721
0.0560958
-0.150423
-0.509151
-0.150423
-0.509151
-0.150423
-0.509151
-0.150423
-0.509151
-0.150423
-0.509151
-0.150423
-0.509151
-0.150423
-0.509151
-0.150423
-0.509151
-0.150423
-0.509151
-0.150423
-0.509151
-0.150423
-0.125358
-0.150423
0.456842
-0.150423
0.0340455
-1.95417
0.0340455
-1.21414
0.0340455
-1.21414
0.0340455
-1.43696
0.0340455
-1.43696
0.0340455
-1.43696
0.0340455
-1.43696
0.0340455
0.114648
0.0340455
0.114648
0.0340455
-0.850299
0.0340455
-0.850299
0.0340455
-0.850299
0.0340455
-0.553615
0.0340455
-0.553615
0.0340455
-0.553615
0.0340455
1.87243
0.0340455
-1.0802
0.0340455
0.0931603
-0.613816
0.0931603
1.32319
0.0931603
1.32319
0.0931603
1.51023
0.0931603
1.51023
0.0931603
1.51023
0.109102
1.08202
0.109102
1.08202
0.109102
-1.34036
0.109102
1.3363
0.109102
-1.37155
0.109102
-0.831721
0.109102
-0.831721
0.109102
0.839466
0.109102
0.839466
0.109102
0.839466
0.109102
0.839466
0.109102
0.839466
0.109102
-0.379454
0.109102
-0.52025
0.109102
-0.52025
0.109102
1.48357
0.109102
1.48357
0.109102
1.87072
0.109102
1.87072
0.109102
1.4645
0.109102
1.4645
0.109102
0.590925
0.109102
-1.2394
0.0788939
-1.2394
0.0788939
-1.2394
0.0788939
-1.2394
0.0788939
-0.912169
0.0788939
-0.912169
0.0788939
-0.912169
0.0788939
1.20954
0.0788939
1.20954
0.0788939
1.20954
-0.0807366
1.20954
-0.0807366
1.75266
-0.0807366
1.75266
-0.0807366
1.95549
-0.0807366
1.95549
-0.0807366
-0.852089
-0.0807366
-0.852089
-0.0807366
-0.852089
-0.0807366
1.5436
-0.0807366
0.951337
-0.0807366
0.951337
-0.0807366
-1.84094
-0.0807366
-1.64882
-0.0807366
-1.17149
-0.0807366
-1.17149
-0.0807366
-0.154161
-0.0807366
0.822157
-0.0807366
0.135888
0.560126
0.135888
0.560126
-0.203763
0.560126
-0.203763
0.560126
-0.203763
0.560126
-0.203763
-0.417452
-0.203763
-0.417452
-0.203763
-0.417452
-0.203763
-0.813164
-0.203763
-0.813164
-0.203763
-0.813164
-0.301944
0.0456803
-0.114091
-0.416751
-0.114091
-0.416751
-0.114091
-0.416751
-0.114091
-0.416751
-0.114091
-0.416751
-0.114091
-0.416751
-0.114091
-0.416751
-0.199438
-0.416751
-0.199438
-0.416751
-0.199438
0.41246
-0.199438
0.41246
-0.199438
0.0177478
-0.199438
0.0177478
-0.199438
0.0177478
-0.199438
0.0177478
-0.199438
-1.33451
-0.199438
-1.33451
-0.199438
-1.33451
-0.199438
0.301373
-0.0676031
0.301373
-0.064141
0.301373
-0.064141
0.301373
-0.064141
0.301373
-0.064141
0.301373
-0.064141
-0.564133
-0.064141
-0.564133
-0.064141
-0.564133
-0.064141
-0.564133
-0.064141
-0.564133
-0.064141
1.35286
-0.064141
-1.56662
-0.064141
-1.56662
-0.064141
-1.56662
-0.064141
0.8745
0.173273
0.611614
0.173273
0.611614
-0.292188
0.611614
-0.292188
-0.481001
-0.292188
-0.481001
-0.292188
-0.481001
-0.292188
-0.481001
-0.292188
-0.481001
-0.292188
-0.481001
-0.292188
0.314573
-0.292188
0.314573
-0.292188
0.314573
-0.292188
0.314573
-0.292188
0.314573
-0.292188
0.314573
-0.292188
0.314573
-0.292188
0.0760343
-0.292188
0.0760343
-0.292188
0.0760343
-0.292188
0.0760343
-0.292188
0.407251
-0.292188
0.407251
-0.292188
0.407251
-0.292188
0.407251
-0.292188
0.407251
-0.292188
0.25152
-0.292188
0.25152
-0.292188
0.25152
-0.292188
0.25152
-0.292188
0.25152
0.195297
0.25152
0.195297
0.25152
0.195297
0.25152
0.362241
0.25152
0.362241
0.25152
0.362241
0.25152
0.362241
0.25152
0.430527
0.25152
0.430527
0.25152
0.430527
0.25152
0.430527
-0.155305
-0.995103
-0.155305
-0.995103
-0.155305
-0.995103
-0.155305
-1.13131
-0.155305
-1.13131
-0.155305
-1.13131
-0.155305
0.239673
0.179946
0.239673
0.179946
0.239673
0.179946
0.239673
0.179946
-0.155683
0.179946
-0.155683
0.179946
-0.155683
0.193505
-0.155683
0.193505
0.841583
0.193505
0.841583
0.193505
0.841583
0.193505
0.841583
0.193505
0.841583
0.193505
0.841583
0.193505
-0.560705
0.193505
-0.560705
0.193505
-0.0828517
0.193505
0.240875
0.193505
0.353892
0.193505
-0.541351
0.193505
-0.541351
0.193505
-0.541351
0.193505
-0.541351
0.193505
-0.541351
0.193505
-0.541351
0.193505
-0.541351
0.193505
-0.167251
0.193505
-0.167251
0.193505
0.115253
-0.886872
0.115253
0.515443
0.115253
0.515443
0.115253
0.515443
0.115253
0.515443
0.115253
0.515443
0.115253
-0.239718
0.115253
-0.239718
0.115253
-0.239718
0.115253
-0.239718
0.115253
-1.51029
0.115253
0.194324
0.115253
0.194324
0.115253
0.0738615
0.115253
0.0738615
0.0808559
0.0738615
0.0808559
0.740093
0.109529
-0.133
0.109529
-0.133
0.109529
-0.233106
0.109529
-0.233106
0.109529
-0.233106
0.109529
-0.233106
0.109529
-0.233106
0.109529
0.118974
0.109529
0.118974
0.109529
0.118974
-0.550325
0.118974
-0.158696
0.324162
-0.158696
0.324162
-0.158696
0.324162
-0.158696
0.324162
-0.158696
0.324162
-0.158696
0.324162
0.78875
0.324162
0.78875
0.324162
0.78875
0.324162
0.78875
0.324162
-0.583905
0.324162
-0.207836
0.324162
-0.207836
0.324162
-0.207836
-0.610958
-0.207836
-0.610958
-0.207836
-0.610958
-0.207836
-0.610958
-0.207836
-0.610958
-0.207836
-0.610958
-0.207836
-0.610958
-0.207836
-0.610958
-0.207836
-0.610958
-0.207836
-0.610958
-0.207836
-0.610958
-0.207836
-0.00930305
-0.207836
-0.00930305
-0.207836
-0.290007
-0.207836
-0.290007
-0.207836
-0.290007
-0.207836
-0.290007
0.291951
-0.290007
0.291951
-0.290007
0.291951
-0.121835
0.291951
-0.121835
0.291951
-0.121835
0.435641
-0.121835
0.435641
-0.121835
-0.96165
-0.121835
-0.96165
-0.121835
-0.96165
-0.121835
0.270805
-0.121835
0.270805
-0.121835
0.270805
-0.250359
0.270805
-0.250359
0.270805
-0.250359
0.270805
-0.0405629
0.270805
-0.0405629
0.270805
-0.0405629
0.270805
-0.0405629
0.270805
-0.0405629
0.270805
-0.0405629
0.270805
-0.0405629
0.270805
-0.0405629
0.270805
-0.0405629
0.270805
-0.0405629
0.270805
-0.0405629
-1.22512
-0.0405629
-0.0537143
-0.0405629
-0.0537143
-0.0405629
-0.0537143
-0.0405629
-0.0537143
-0.0405629
-0.0537143
1.47645
-0.0537143
1.91429
-0.0537143
0.761021
-0.0537143
0.754544
-0.0537143
-1.13085
-0.0537143
1.33094
-0.0537143
-1.3577
-0.0537143
0.53229
-0.0537143
0.53229
-0.0537143
-1.0322
-0.0537143
-1.0322
-0.0537143
-1.0322
-0.0537143
0.419901
-0.0537143
-0.964369
-0.0537143
-0.964369
-0.0537143
-0.964369
-0.0537143
-0.964369
-0.0537143
-0.964369
-0.0537143
-0.991799
-0.0537143
1.16165
-0.0537143
-0.0499287
-0.75232
-0.0499287
-0.75232
-0.0499287
-0.75232
-0.0499287
-0.75232
-0.0499287
1.23346
-0.0499287
1.20495
-0.0499287
1.20495
-0.0499287
0.0610801
-0.536539
0.0610801
-0.707446
0.0610801
-0.332475
0.0610801
-0.332475
0.0610801
-0.332475
0.0610801
-0.332475
0.0610801
0.543578
0.0610801
0.543578
0.0610801
0.543578
0.0610801
0.543578
0.0610801
-0.0290603
0.0610801
0.855257
0.0610801
0.855257
0.0610801
-0.575307
0.0610801
-0.575307
0.0610801
-0.575307
0.0610801
-0.575307
0.0610801
-0.575307
0.0610801
0.220747
-1.0573
0.220747
-0.241269
0.220747
-0.241269
0.220747
-0.241269
0.220747
-0.241269
0.220747
-0.241269
0.220747
0.206421
0.0250885
0.206421
0.0250885
0.206421
0.0250885
0.206421
0.0250885
0.206421
0.0250885
0.206421
0.0250885
0.206421
0.0250885
-1.44675
0.0250885
-1.53471
0.0250885
1.42561
0.0250885
1.42561
0.0250885
-1.49166
0.0250885
-1.49166
0.0250885
-1.49166
0.0178429
-1.09962
0.0178429
-1.09962
0.0178429
0.261547
0.0178429
0.261547
0.0178429
0.261547
0.0178429
0.261547
0.0178429
0.288669
0.0178429
0.195394
-0.4105
0.195394
-0.4105
0.195394
-0.4105
0.195394
-0.4105
0.195394
-0.4105
0.173566
-0.4105
0.173566
-0.4105
0.173566
-0.4105
0.173566
-0.4105
0.173566
-0.533012
0.173566
0.250635
0.173566
0.250635
0.173566
0.366157
0.173566
0.366157
0.173566
0.366157
0.173566
0.379063
0.173566
0.379063
-0.606811
0.379063
-0.606811
0.379063
-0.606811
0.379063
-0.606811
0.379063
-0.606811
0.379063
-0.606811
0.379063
-0.606811
0.379063
-0.606811
0.379063
-0.606811
0.379063
-0.606811
0.379063
-0.266838
0.379063
-0.194881
0.379063
-0.194881
0.379063
-0.194881
0.473276
-0.194881
0.473276
-0.194881
0.473276
-0.194881
0.473276
-0.194881
-0.23934
-0.194881
0.109093
1.26178
0.109093
-0.894616
-0.0121824
-0.778496
-0.0121824
-0.778496
-0.0121824
-0.778496
-0.0121824
-0.211166
0.766564
-0.211166
0.766564
-0.211166
0.227267
-0.344254
0.227267
-0.344254
-0.232152
-0.635998
-0.232152
1.36636
-0.232152
1.36636
-0.232152
-0.540063
-0.0894013
-0.540063
-0.0894013
-0.540063
-0.0894013
-0.441512
-0.166365
-0.441512
-0.166365
-0.441512
-0.166365
-1.40757
-0.166365
0.103322
-0.166365
-0.205908
-0.166365
-0.205908
-0.166365
-0.205908
-0.166365
-0.205908
-0.166365
-0.205908
-0.166365
0.456914
-0.166365
0.456914
0.115511
0.456914
0.115511
0.456914
0.115511
0.456914
0.115511
0.456914
0.115511
0.456914
-0.109003
0.456914
-0.109003
0.456914
-0.109003
0.456914
-0.109003
1.10222
-0.109003
1.36466
-0.109003
1.36466
-0.109003
0.281938
-0.109003
0.281938
-0.109003
0.281938
-0.109003
1.68084
-0.109003
1.68084
-0.109003
1.4878
-0.109003
1.4878
-0.109003
1.69398
-0.109003
-1.18065
-0.109003
-1.18065
-0.109003
-1.18065
-0.109003
-1.18065
-0.109003
0.196772
-0.346339
0.538028
-0.346339
0.538028
-0.346339
0.334216
-0.346339
0.334216
0.131752
0.334216
0.131752
-0.608928
0.131752
-0.608928
0.131752
-0.608928
0.0501233
-0.677194
0.0501233
0.848499
0.0501233
1.54409
0.0501233
1.54409
0.0501233
1.54409
0.0501233
-0.900429
0.0501233
-0.893475
0.0501233
0.970079
0.0501233
0.970079
0.0501233
1.31071
0.0501233
1.31071
0.0501233
1.31071
0.0501233
-0.883269
0.250695
0.533657
0.250695
0.533657
0.250695
0.533657
0.250695
0.533657
0.250695
0.533657
0.250695
0.533657
0.327006
0.533657
0.327006
0.46574
0.327006
0.109756
0.327006
0.109756
0.00501134
0.109756
0.00501134
0.258821
0.00501134
1.47544
0.00501134
1.47544
0.00501134
0.281788
0.00501134
0.281788
0.126585
0.281788
0.126585
0.281788
0.126585
0.281788
0.154704
0.281788
0.154704
0.281788
0.154704
0.281788
0.154704
0.281788
0.154704
0.281788
0.154704
1.198
0.154704
1.198
0.154704
-1.01687
0.154704
0.225838
0.154704
0.225838
0.154704
0.225838
0.154704
0.225838
0.883539
0.225838
0.883539
0.225838
0.883539
0.225838
0.883539
0.225838
0.883539
-0.0349496
0.883539
-0.0349496
0.883539
-0.0349496
0.883539
-0.0349496
0.134464
0.204747
0.134464
0.204747
0.134464
0.204747
0.134464
0.204747
0.134464
0.204747
-0.224642
0.727994
-0.224642
0.72223
-0.224642
-0.0573759
-0.224642
-0.0573759
-0.224642
-0.0573759
-0.212143
-0.0573759
-0.212143
-0.0573759
-0.212143
-0.0573759
-0.771802
0.0950634
-0.771802
0.0950634
-0.771802
0.0950634
-0.771802
-0.110873
-0.771802
-0.110873
-0.771802
-0.0688083
-0.771802
-0.0688083
-0.771802
-0.0688083
1.49801
-0.0688083
-0.743784
-0.0688083
-0.987534
0.0494509
-0.00999523
-0.643085
-0.00999523
-0.643085
-0.00999523
1.38434
-0.00999523
1.38434
-0.00999523
-0.581206
-0.00999523
1.91729
-0.00999523
0.841017
-0.00999523
-0.679664
-0.00999523
-0.679664
-0.00999523
0.172313
-0.00999523
-2.14203
-0.00999523
-0.908449
0.157842
-0.908449
0.157842
-0.535064
0.157842
-0.535064
0.157842
-0.535064
0.30116
-0.178484
0.30116
-0.178484
0.30116
-0.178484
0.30116
-0.178484
0.30116
-0.178484
0.30116
-0.178484
0.30116
-0.178484
0.30116
-0.178484
0.30116
-0.178484
0.30116
-0.178484
0.162522
-0.178484
0.162522
-0.178484
0.162522
-0.132626
0.162522
-0.132626
0.00196026
-0.132626
0.00196026
0.105432
0.00196026
0.105432
0.74809
0.105432
0.74809
0.105432
0.74809
0.105432
0.345414
0.105432
-0.424823
0.105432
-0.424823
0.105432
-0.424823
0.105432
-0.588892
0.105432
-0.588892
0.105432
0.373841
0.105432
-0.57943
0.105432
-0.57943
0.105432
-0.57943
-0.132218
-0.57943
-0.132218
-0.111822
-0.0396117
-0.111822
-0.0396117
-0.111822
-0.0396117
-0.111822
-0.0396117
-0.111822
-0.0396117
-0.111822
-0.0396117
0.433467
-0.0396117
0.433467
-0.0396117
0.433467
-0.0396117
-0.530004
-0.0396117
-0.530004
-0.0396117
0.305048
-0.0396117
-1.26856
-0.0396117
-1.06201
-0.0396117
-1.06201
-0.0396117
-1.06201
-0.0396117
-0.683898
-0.0396117
-0.254481
-0.0396117
-0.254481
-0.0396117
-0.254481
-0.0396117
-0.254481
-0.0396117
-0.254481
-0.0396117
-1.09001
-0.0396117
-0.0181908
-2.09517
-0.0181908
-2.09517
-0.0181908
-0.968741
-0.0181908
-0.968741
-0.0181908
1.2942
-0.0181908
1.44287
-0.0181908
1.44287
-0.0181908
1.44287
-0.0181908
1.44287
-0.0181908
-0.147908
0.376952
-0.147908
0.376952
-0.147908
0.376952
-0.147908
0.376952
-0.153534
0.376952
-0.153534
0.376952
-0.153534
0.376952
0.142006
0.376952
0.142006
0.376952
0.142006
0.376952
0.544301
0.376952
-0.148762
0.376952
-0.148762
0.376952
-0.148762
0.376952
-0.148762
0.376952
-0.148762
0.569982
-0.148762
0.569982
-0.148762
0.431104
-0.148762
0.431104
-0.148762
0.431104
-0.148762
-0.259346
-0.148762
-0.259346
-0.148762
-0.259346
-0.148762
-0.0227358
-0.524386
-0.0227358
0.314435
-0.0227358
-0.680484
-0.0227358
-0.732083
-0.0227358
-0.732083
-0.169284
-0.732083
-0.169284
1.0423
-0.169284
1.0423
-0.169284
1.3037
-0.169284
-0.874371
-0.169284
-0.874371
-0.169284
-0.158545
-0.460926
-0.158545
0.188895
-0.158545
0.188895
-0.158545
0.188895
-0.158545
0.188895
-0.158545
0.188895
-0.158545
0.212726
-0.158545
0.212726
-0.158545
0.212726
-0.158545
-0.493705
-0.158545
-0.493705
-0.158545
0.361779
-0.158545
0.361779
-0.158545
0.361779
0.21112
0.361779
0.21112
0.361779
0.21112
0.361779
0.21112
0.361779
0.21112
0.361779
0.21112
0.361779
0.21112
0.361779
0.21112
0.361779
0.21112
0.361779
0.21112
0.361779
0.21112
0.361779
0.21112
0.361779
0.21112
0.361779
0.21112
0.361779
0.21112
0.361779
0.325586
0.361779
0.325586
0.361779
0.325586
0.361779
0.325586
0.361779
-0.0538979
1.20357
-0.0538979
-0.0403638
1.31724
-0.0403638
1.31724
-0.0403638
0.835668
-0.0403638
0.835668
-0.0403638
-0.284653
-0.0403638
0.84921
-0.0403638
-0.112236
0.627211
-0.290309
0.627211
-0.290309
0.627211
-0.290309
0.627211
-0.290309
0.627211
-0.290309
-0.653765
-0.290309
-0.653765
-0.290309
-0.653765
-0.290309
-0.653765
-0.290309
-0.653765
-0.290309
-0.653765
-0.290309
-0.653765
-0.290309
-0.653765
-0.290309
-0.653765
-0.290309
-0.653765
-0.290309
0.264387
0.0117609
0.264387
0.0117609
0.264387
0.0117609
0.201867
0.0117609
0.201867
0.0117609
-0.984887
0.0117609
-0.984887
0.0117609
-0.984887
0.0117609
1.67242
0.0117609
1.2346
0.0117609
1.2346
0.0117609
1.26176
0.0117609
1.26176
0.0117609
-1.39698
0.0117609
-1.39698
0.0117609
-0.263509
0.0117609
0.103826
0.0117609
-0.465058
0.0117609
-0.465058
0.0117609
-0.465058
0.0117609
-0.435114
-0.344765
-0.435114
-0.096761
-0.139327
-0.096761
-0.139327
-0.096761
-0.139327
-0.096761
-0.139327
-0.096761
-0.139327
-0.096761
-0.139327
-0.096761
-0.139327
0.786673
-0.139327
0.786673
-0.139327
0.786673
-0.139327
0.159505
-0.139327
0.159505
-0.139327
0.159505
-0.139327
-0.191018
-0.139327
-0.191018
-0.139327
-0.191018
0.156587
-0.191018
0.156587
-0.191018
0.156587
-0.191018
0.156587
-0.191018
0.156587
-0.191018
0.156587
-0.191018
0.156587
-0.191018
0.156587
-0.191018
0.156587
-0.191018
0.156587
-0.191018
0.156587
-0.191018
0.156587
0.3223
0.156587
0.3223
0.156587
0.3223
0.156587
1.06478
0.156587
1.06478
0.156587
-0.233548
0.584701
-0.233548
-0.451008
-0.233548
-0.451008
-0.233548
-0.451008
-0.233548
-0.451008
-0.259081
-0.451008
-0.259081
0.444915
-0.259081
0.444915
-0.259081
0.444915
-0.259081
0.444915
-0.259081
0.444915
-0.259081
0.444915
0.498611
0.444915
0.572086
0.444915
0.572086
0.444915
0.534944
0.444915
0.534944
0.444915
0.534944
0.444915
0.534944
0.444915
0.534944
0.444915
0.296146
0.322105
0.296146
0.322105
0.296146
0.322105
0.296146
0.322105
-0.174883
0.322105
-0.174883
0.322105
-0.174883
0.308111
-0.174883
-0.441144
-0.174883
-0.441144
-0.174883
0.463506
-0.174883
0.437873
-0.174883
0.437873
-0.174883
0.437873
-0.174883
0.627904
-0.174883
0.627904
-0.174883
0.627904
-0.174883
0.627904
-0.174883
0.627904
-0.174883
0.627904
-0.174883
0.627904
-0.174883
-0.0339329
-0.632152
-0.0339329
-0.632152
-0.0339329
-0.632152
-0.18069
-0.632152
-0.18069
-0.632152
-0.18069
-0.632152
-0.18069
-0.405985
-0.18069
-0.405985
-0.18069
-0.405985
-0.18069
-0.405985
0.0527329
-0.984266
0.0527329
-0.984266
0.0527329
1.07243
0.0527329
1.07243
0.0527329
1.07243
0.0527329
1.07243
0.0527329
0.968448
0.0527329
-0.134377
0.0527329
-0.134377
0.0527329
-0.0278333
0.89624
-0.0278333
0.27046
-0.0278333
0.0420142
0.494047
0.0420142
-1.43119
0.0420142
1.39383
0.0420142
1.39383
0.0420142
1.39383
0.0420142
1.39383
0.0420142
1.39383
0.0420142
1.39383
0.0420142
1.39383
0.0420142
1.39383
0.0420142
-0.373065
0.0420142
-0.373065
0.0420142
-0.373065
0.0420142
-0.113236
0.0420142
-0.113236
0.860148
-0.113236
-0.752461
-0.113236
-0.752461
-0.113236
-0.752461
-0.113236
-0.752461
-0.113236
-0.752461
-0.113236
-1.0074
-0.113236
-1.0074
-0.113236
-0.410374
-0.113236
-0.410374
-0.113236
-0.410374
-0.113236
-0.410374
-0.113236
-0.410374
-0.113236
-0.410374
-0.113236
-0.410374
-0.113236
-0.410374
-0.113236
-0.410374
-0.113236
-0.410374
-0.113236
1.23863
-0.113236
1.23863
-0.113236
1.23863
-0.113236
1.23863
-0.113236
1.23863
-0.113236
0.437885
-0.113236
0.107737
-0.145433
0.399919
-0.145433
0.399919
-0.145433
0.399919
-0.145433
0.399919
-0.402524
0.399919
-0.402524
0.399919
-0.402524
0.399919
-0.402524
0.303844
-0.402524
0.303844
-0.402524
0.303844
-0.218675
0.303844
-0.218675
0.303844
-0.218675
0.303844
-0.218675
0.303844
-0.218675
0.312042
-0.218675
0.312042
-0.218675
0.271355
-0.218675
0.271355
-0.218675
0.271355
-0.218675
0.271355
-0.461931
0.271355
0.594779
0.271355
-0.882678
0.271355
-0.882678
0.271355
-0.882678
0.271355
-0.882678
0.271355
-0.683019
0.271355
-0.683019
0.271355
-0.683019
0.271355
-0.562497
0.271355
-0.562497
0.271355
-0.562497
0.271355
-0.562497
0.271355
-0.562497
0.271355
0.150557
0.271355
0.150557
0.271355
0.150557
-0.0715395
-1.64089
-0.0715395
-1.64089
-0.0715395
-1.64089
-0.0715395
-0.261498
-0.0715395
-0.261498
-0.0715395
0.331694
-0.0715395
0.331694
-0.0715395
-2.1969
-0.0715395
-2.1969
-0.0715395
-2.1969
-0.0715395
0.42696
-0.0715395
0.42696
-0.0715395
0.42696
-0.0715395
0.435718
-0.0715395
0.236069
-0.14187
0.236069
-0.14187
0.236069
-0.14187
0.236069
-0.14187
0.236069
-0.273384
0.236069
-0.273384
0.236069
-0.273384
0.236069
0.0955392
-0.291852
0.0955392
-0.291852
0.0955392
-0.291852
0.0955392
-0.291852
0.0955392
-0.291852
0.0387121
-0.291852
-0.0509672
-0.291852
-0.211536
-0.291852
-0.211536
-0.0895182
-0.482843
-0.0895182
0.526004
-0.275354
-0.258415
-0.275354
-0.258415
-0.275354
-0.328503
-0.508115
-0.328503
-0.508115
0.253923
-0.508115
0.253923
-0.508115
0.253923
-0.0849771
0.253923
-0.0849771
0.501674
-0.0849771
0.501674
-0.0849771
-0.724935
-0.0849771
-0.724935
-0.0849771
-0.724935
-0.0849771
-1.00123
-0.088626
-1.00123
-0.088626
-1.00123
-0.088626
-1.00123
-0.088626
-0.832657
-0.088626
-0.832657
-0.088626
-0.832657
-0.088626
-0.832657
-0.088626
-0.832657
-0.088626
-0.576776
-0.088626
-0.576776
-0.088626
-0.576776
-0.088626
1.46223
-0.088626
1.46223
-0.088626
0.159163
-0.088626
0.159163
-0.088626
0.159163
-0.088626
0.159163
0.13709
0.0282269
0.13709
0.277225
0.13709
0.277225
0.13709
-0.0790404
0.13709
-0.0790404
0.13709
-0.0790404
0.13709
-0.0790404
0.13709
0.681411
0.13709
0.427765
0.13709
-0.342181
0.13709
0.421611
0.13709
0.421611
0.13709
0.421611
0.13709
0.421611
0.13709
0.421611
0.13709
0.421611
0.13709
0.421611
0.13709
0.421611
0.29968
0.421611
-0.371535
0.421611
-0.371535
0.421611
-0.371535
0.421611
-0.371535
0.421611
-0.371535
0.421611
-0.371535
0.421611
-0.371535
0.518198
-0.371535
-0.559004
-0.371535
-0.559004
-0.371535
-0.559004
-0.371535
-0.559004
-0.0801396
-0.285492
-0.0801396
0.0542476
-0.0801396
0.0542476
-0.0801396
0.0542476
-0.0801396
0.0542476
-0.0801396
0.917892
-0.0801396
0.917892
0.198481
0.917892
0.198481
0.868368
0.198481
0.0308752
0.198481
0.0308752
0.198481
0.0308752
0.198481
0.0308752
0.198481
0.0308752
0.283515
0.0308752
0.283515
0.0308752
0.283515
0.0308752
0.283515
0.0308752
-1.32625
0.0308752
-1.32625
0.0308752
-1.32625
0.0308752
-1.32625
0.0308752
-1.32625
0.0308752
-1.32625
0.0308752
-1.32625
0.0308752
-0.897884
0.0308752
0.477019
0.0308752
0.971715
0.0308752
-0.829011
0.0308752
-0.0117531
0.0308752
-1.37024
0.0308752
-1.37024
0.0308752
0.927121
0.0308752
-1.22059
0.0308752
-0.859607
0.0308752
-0.859607
0.0308752
-0.859607
0.0308752
-0.859607
0.0308752
-0.289823
0.0308752
-0.289823
0.0308752
-0.289823
0.0308752
1.23296
0.0308752
-0.352876
0.0308752
-0.352876
-0.00572416
-0.352876
-0.00572416
0.921569
-0.00572416
1.2427
-0.00572416
1.3939
-0.00572416
1.3939
-0.00572416
1.79338
-0.00572416
-0.295237
-0.00572416
-0.662089
-0.00572416
-0.662089
-0.00572416
-0.662089
-0.00572416
-0.662089
-0.00572416
-0.662089
-0.00572416
0.222734
-0.00572416
-0.551369
-0.00572416
-0.551369
-0.00572416
-1.44615
-0.00572416
0.556904
-0.00572416
0.556904
-0.00572416
0.556904
-0.00572416
0.111677
-0.00572416
0.421154
-0.00572416
-0.38951
-0.00572416
-0.38951
0.129823
0.589607
0.129823
0.589607
0.129823
0.589607
0.129823
0.589607
0.129823
0.649042
0.129823
0.649042
0.129823
0.649042
0.129823
0.649042
0.0184944
0.649042
0.0184944
0.649042
0.0184944
0.649042
0.0184944
1.32231
0.0184944
1.32231
0.0184944
1.32231
0.0184944
-0.774887
0.0184944
-0.774887
0.0184944
-0.774887
0.0184944
-0.808259
0.0184944
-0.808259
0.235554
-0.808259
0.235554
-0.808259
0.235554
-0.808259
0.235554
-0.808259
0.235554
-0.808259
0.235554
-0.808259
0.235554
-0.808259
0.235554
-0.808259
0.235554
-0.808259
0.235554
-0.808259
0.235554
-0.808259
0.235554
-0.808259
0.235554
0.152201
0.235554
0.152201
0.235554
0.152201
0.235554
0.152201
0.235554
0.152201
0.951317
0.152201
0.951317
0.152201
-0.616976
0.152201
-0.616976
0.152201
-0.616976
0.152201
-0.616976
0.152201
-0.616976
0.0514538
-0.616976
0.0514538
-0.616976
0.0341623
-0.616976
0.0341623
-0.616976
0.0341623
-1.09567
0.0341623
-1.27401
0.0341623
-1.02781
-0.0051178
1.15176
-0.0051178
1.12768
-0.0051178
0.0815993
-0.0051178
0.0815993
0.50429
0.0815993
0.50429
0.0815993
0.318429
0.0815993
0.318429
0.0815993
0.318429
0.0815993
0.318429
0.0815993
0.318429
0.0815993
0.318429
0.0815993
1.53196
0.0815993
-0.528628
0.0815993
-0.952943
0.0815993
-0.952943
0.0815993
0.158388
0.0562131
0.340483
0.0562131
0.340483
-0.344034
0.39155
-0.344034
0.39155
-0.344034
-0.388961
-0.344034
-0.388961
-0.344034
-0.388961
-0.344034
0.565535
-0.344034
0.565535
-0.344034
0.565535
-0.344034
0.565535
-0.344034
0.565535
-0.344034
-0.104265
-0.344034
-0.104265
-0.344034
0.112563
0.0739718
0.112563
-0.813781
0.112563
-0.813781
0.112563
-0.813781
0.112563
-0.813781
0.0257161
0.561479
0.0257161
0.807758
0.0257161
1.44341
0.0257161
-0.841861
0.0257161
-0.841861
0.0257161
-1.10747
0.0257161
-1.10747
0.0257161
-0.386825
0.0257161
-0.120434
0.732752
-0.120434
0.732752
-0.120434
0.692221
-0.120434
0.692221
-0.120434
0.153304
-0.120434
0.153304
-0.19963
0.137289
-0.19963
0.137289
-0.19963
0.137289
-0.19963
0.137289
0.131426
0.137289
0.131426
0.137289
-0.687305
0.137289
-0.687305
0.137289
-0.687305
0.137289
-0.388376
0.137289
-0.388376
0.137289
0.0325714
0.137289
0.0325714
0.137289
0.0325714
-0.55678
-0.084772
-0.55678
-0.084772
0.891191
-0.084772
-0.579592
-0.084772
-0.579592
-0.084772
-0.579592
-0.084772
-0.964697
-0.084772
1.56369
-0.084772
0.748374
-0.084772
0.748374
-0.084772
0.748374
-0.084772
0.584281
-0.084772
1.0528
-0.084772
1.0528
-0.084772
1.0528
-0.084772
-0.797977
-0.084772
-0.908584
-0.084772
-0.908584
-0.084772
-0.908584
-0.084772
-0.908584
-0.084772
-0.908584
-0.084772
-0.908584
-0.084772
-0.0612641
-1.48412
-0.0612641
0.839982
-0.0612641
0.839982
-0.0612641
1.11919
-0.0612641
-1.51084
-0.0612641
-1.25253
-0.0612641
-0.897054
-0.0612641
0.369936
-0.0612641
0.369936
-0.0612641
0.369936
-0.0612641
-1.98753
-0.0612641
-1.98753
-0.0612641
0.865484
-0.0612641
1.06159
-0.0612641
1.06159
-0.0612641
0.570846
-0.0612641
0.570846
-0.0612641
1.0454
-0.0612641
-1.28015
-0.0612641
-1.28015
-0.0612641
-1.28015
-0.0612641
-1.28015
-0.0612641
1.601
-0.0612641
1.601
-0.0612641
1.601
-0.0612641
1.4707
-0.0612641
0.425914
-0.0612641
0.799438
-0.0612641
0.799438
-0.0612641
0.799438
-0.0612641
0.799438
-0.0612641
0.847847
-0.0612641
0.847847
-0.0612641
0.847847
-0.0612641
0.847847
-0.0612641
0.847847
-0.0612641
0.847847
-0.0612641
0.979921
0.0587251
0.979921
0.0587251
-0.754044
-0.186771
0.58472
-0.186771
0.58472
-0.186771
0.777976
-0.186771
1.03272
-0.186771
1.03272
-0.186771
1.03272
-0.186771
1.03272
-0.186771
1.03272
-0.186771
1.03272
-0.186771
1.03272
-0.186771
1.03272
-0.199403
0.512278
-0.199403
0.512278
-0.199403
0.512278
-0.199403
0.512278
-0.199403
0.512278
-0.199403
0.791858
-0.199403
0.836152
-0.199403
0.836152
-0.199403
0.836152
-0.199403
0.836152
-0.199403
0.836152
-0.199403
0.836152
0.280192
0.00557804
0.280192
0.00557804
0.280192
0.00557804
0.280192
0.00557804
0.280192
0.00557804
-0.448098
0.00557804
-0.448098
0.00557804
-0.448098
-0.0912214
0.609496
-0.0912214
0.00586885
1.0318
0.00586885
0.686749
0.00586885
-2.0092
0.00586885
-2.0092
0.00586885
-2.0092
0.00586885
0.634732
0.00586885
0.634732
0.00586885
0.634732
0.00586885
0.634732
0.219281
0.634732
-0.01492
0.634732
-0.01492
0.634732
-0.01492
0.634732
-0.01492
0.81866
-0.01492
-1.4061
-0.01492
-1.96262
-0.01492
-1.96262
-0.01492
0.820859
-0.01492
0.360287
-0.01492
0.360287
-0.01492
0.360287
-0.01492
-0.644479
-0.01492
-0.644479
-0.01492
-0.644479
-0.01492
-0.644479
-0.01492
-0.644479
-0.01492
-0.644479
-0.01492
-1.58499
-0.01492
-1.11777
-0.01492
-0.593048
-0.01492
-0.74165
0.221988
-0.0227891
0.221988
-0.0227891
0.221988
-0.0227891
0.221988
0.408204
0.221988
0.408204
0.221988
0.408204
0.221988
-0.175077
0.221988
-0.175077
0.221988
-0.175077
0.221988
-0.175077
0.221988
-0.254283
0.221988
-0.254283
0.221988
-0.254283
0.221988
-0.254283
-0.508026
-0.254283
-0.508026
-0.254283
-0.508026
-0.254283
-0.508026
-0.254283
-0.508026
-0.254283
0.40297
-0.254283
0.40297
-0.254283
0.40297
-0.254283
0.40297
-0.254283
0.40297
-0.254283
0.40297
-0.254283
0.40297
-0.254283
0.40297
-0.254283
0.40297
-0.254283
0.40297
-0.254283
-0.633001
-0.254283
-0.633001
-0.254283
-0.633001
-0.254283
-0.633001
-0.254283
-0.633001
-0.254283
-0.633001
-0.254283
-0.633001
-0.254283
-0.478885
-0.254283
-0.478885
-0.254283
-0.478885
-0.203996
-0.599768
-0.203996
-0.599768
-0.203996
-0.599768
-0.203996
-0.599768
-0.203996
-0.599768
-0.203996
-0.599768
-0.203996
-0.580532
-0.203996
-0.580532
-0.203996
0.438456
-0.203996
0.438456
-0.203996
-0.785595
-0.203996
-0.785595
-0.203996
-0.880353
-0.203996
0.825605
-0.203996
0.825605
-0.203996
0.825605
-0.203996
0.54678
-0.203996
0.54678
-0.203996
0.54678
-0.203996
0.54678
-0.203996
0.54678
-0.203996
0.54678
-0.203996
0.54678
-0.203996
0.54678
-0.203996
0.54678
-0.203996
0.54678
-0.203996
0.54678
-0.203996
-0.842555
-0.203996
-0.842555
-0.203996
-0.776009
0.144601
-0.776009
0.144601
-0.776009
0.144601
-0.776009
0.144601
-0.776009
0.144601
-0.776009
0.144601
-0.776009
0.144601
0.27698
0.144601
0.275343
0.144601
0.275343
0.144601
0.275343
0.0813075
-0.76623
0.0813075
-0.76623
0.0813075
-0.76623
0.0813075
-0.200048
0.0813075
-0.200048
0.0813075
-0.0658399
0.0813075
-0.0658399
0.0813075
-0.0658399
0.0813075
-0.0658399
0.374654
-0.0658399
-0.0483477
-0.0585021
-0.0483477
0.263469
-0.0483477
-1.29297
-0.0483477
-1.29297
-0.0483477
-1.29297
-0.0483477
-1.29297
-0.0483477
-1.29297
0.149869
0.77484
0.149869
0.77484
0.149869
-0.338123
0.149869
-0.127868
0.149869
-0.127868
0.149869
-0.127868
0.149869
-0.127868
0.149869
-0.127868
0.149869
-0.000844272
0.149869
0.584102
0.149869
0.584102
0.149869
0.596309
0.149869
0.596309
0.149869
-0.798756
0.149869
-0.272195
0.149869
-0.152762
0.149869
-0.152762
0.149869
0.96367
0.149869
0.96367
0.149869
0.686448
0.149869
0.686448
0.149869
0.686448
0.149869
0.686448
0.149869
0.686448
0.149869
0.686448
0.149869
-0.725691
0.149869
0.526902
-0.221211
0.526902
-0.221211
0.526902
-0.221211
0.526902
-0.221211
0.526902
-0.221211
-0.711857
-0.221211
-0.711857
-0.221211
-0.711857
-0.221211
-0.711857
-0.221211
-0.711857
-0.221211
-0.499448
-0.221211
-0.27675
0.208797
-0.27675
0.208797
-0.27675
0.208797
-0.27675
0.208797
-0.27675
0.208797
-0.318332
0.208797
-0.318332
0.208797
-0.318332
0.208797
-0.318332
0.208797
-0.318332
0.208797
-0.318332
0.208797
-0.318332
0.208797
-0.318332
0.107376
-0.318332
0.107376
0.830036
0.107376
-0.617085
0.107376
-0.617085
0.107376
-0.617085
0.107376
-0.275941
0.107376
0.3033
0.107376
-0.263464
0.107376
-0.263464
0.107376
-0.263464
0.107376
0.353506
0.107376
0.688982
0.107376
0.688982
0.107376
0.393499
0.107376
0.537731
0.107376
0.537731
0.107376
0.537731
0.107376
0.537731
0.107376
0.537731
0.107376
0.537731
0.372294
0.537731
-0.1806
0.942764
-0.1806
-0.44225
-0.0203415
-0.370514
-0.0203415
-0.370514
-0.0203415
-2.37655
-0.0203415
-2.17554
-0.0203415
0.133424
0.217896
0.133424
0.217896
0.133424
0.217896
0.133424
0.217896
0.201763
0.217896
0.201763
-0.567416
0.201763
0.604907
0.201763
0.604907
0.201763
0.604907
0.201763
0.604907
0.201763
-0.340575
0.151973
-0.0367678
0.151973
-0.0367678
0.151973
0.403933
0.151973
0.403933
0.151973
0.403933
0.151973
0.403933
0.151973
0.403933
0.419032
0.403933
0.419032
0.403933
0.419032
0.403933
0.419032
0.403933
0.419032
0.542174
0.419032
0.542174
0.419032
0.398038
0.419032
-0.0293162
0.419032
-0.0293162
0.520583
-0.0293162
0.108455
0.480405
0.108455
-0.408334
0.108455
-0.408334
0.108455
-0.408334
0.108455
-0.408334
0.108455
-0.408334
0.108455
-1.12358
0.108455
-1.12358
0.108455
-1.12358
0.108455
-1.12358
0.108455
-1.12358
0.108455
-0.524327
-0.102349
-0.524327
-0.102349
-0.524327
-0.102349
-0.524327
-0.102349
0.0635578
-0.102349
1.17261
-0.102349
1.17261
-0.102349
0.830042
-0.102349
-0.77623
-0.102349
-0.77623
-0.102349
-0.77623
-0.102349
-0.342536
-0.102349
0.424922
-0.102349
-0.401106
-0.102349
-0.401106
-0.102349
-0.401106
-0.102349
-0.401106
-0.102349
-0.401106
-0.102349
-0.401106
-0.102349
-0.401106
-0.102349
-0.401106
0.0449284
-0.401106
0.0449284
-0.596227
0.0449284
0.17119
0.0449284
0.17119
0.0449284
0.17119
0.0449284
2.30584
0.0449284
0.862816
0.0449284
-1.79436
0.0449284
-1.31817
0.0449284
-1.06061
0.0449284
-1.06061
0.0449284
-1.06061
0.0449284
-0.219512
0.780164
-0.219512
0.780164
-0.219512
-0.189911
-0.219512
-0.189911
-0.219512
-0.189911
-0.49971
-0.189911
-0.126566
-0.189911
-0.126566
-0.189911
-0.126566
-0.189911
-0.126566
-0.189911
-0.126566
-0.189911
-0.126566
-1.25416
-0.126566
-1.25416
-0.126566
-1.57665
-0.126566
-1.57665
-0.126566
0.500465
-0.126566
0.500465
-0.126566
0.500465
-0.126566
0.500465
-0.126566
0.500465
0.21758
0.500465
0.21758
0.500465
0.21758
0.500465
0.21758
0.500465
0.21758
-0.0968901
0.21758
-0.0968901
0.21758
-0.0968901
0.21758
-0.0968901
0.21758
-0.0968901
0.54986
0.152846
0.54986
0.0462794
-0.042001
0.251861
-0.042001
-0.288791
-0.042001
-0.288791
-0.042001
-0.288791
-0.042001
-0.288791
-0.042001
-0.50859
-0.042001
-0.50859
-0.042001
-0.545231
0.161675
-0.545231
0.161675
-0.545231
0.161675
-0.545231
0.161675
-0.545231
0.161675
-0.338687
0.161675
0.0899166
0.161675
0.0899166
1.41488
0.0899166
1.41488
0.0899166
1.41488
0.0899166
1.41488
0.0899166
0.570304
0.0899166
0.901033
0.0899166
0.901033
0.0899166
-1.50233
0.0899166
-0.788044
0.0899166
-1.55272
0.0899166
0.222037
0.0899166
0.222037
0.0899166
0.222037
0.0899166
1.34833
0.0899166
0.535755
0.0899166
0.649063
0.0899166
0.649063
-0.0710617
-0.246664
-0.0710617
-0.246664
-0.0710617
-1.24298
-0.0710617
-1.24298
-0.0710617
-1.22866
-0.0710617
-1.22866
-0.0710617
-1.22866
-0.0710617
-1.22866
-0.0710617
-1.22866
-0.0710617
0.348367
-0.0710617
0.210506
-0.0710617
-0.962877
-0.0710617
-0.962877
-0.0710617
-0.962877
-0.0710617
-0.707892
-0.0710617
-0.707892
-0.0710617
-0.707892
-0.0710617
-0.707892
-0.0710617
-0.707892
-0.0710617
-1.17011
-0.0710617
-1.43876
-0.0710617
-0.762109
-0.0710617
-0.654845
0.161633
-0.654845
0.161633
-0.654845
0.161633
-0.196527
0.161633
0.0103525
-0.503093
0.0103525
-0.503093
0.0103525
0.786856
0.0103525
0.280887
0.0103525
-0.27822
0.0103525
-0.27822
-0.247306
-0.27822
-0.247306
0.0599757
-0.247306
0.0599757
-0.247306
0.0599757
0.58908
0.0599757
-1.11373
0.0599757
1.16339
0.0599757
1.16339
0.0599757
1.16339
0.0599757
1.16339
0.0599757
0.376793
0.0599757
0.376793
0.0599757
0.376793
0.0599757
0.376793
0.0599757
0.376793
0.0599757
0.376793
0.0599757
0.484992
0.0599757
0.484992
0.0599757
0.484992
0.0599757
0.243232
0.0599757
-0.243407
0.0599757
-0.243407
-0.104148
-0.243407
-0.325877
0.339098
-0.325877
0.339098
-0.325877
0.339098
-0.311039
0.00241341
-0.311039
0.00241341
-0.311039
0.00241341
0.239557
0.00241341
1.34982
0.00241341
-1.21462
0.00241341
-0.198067
0.00241341
-0.198067
0.00241341
-0.198067
0.00241341
-1.4526
0.00241341
-1.4526
0.00241341
-1.98223
0.00241341
-1.98223
0.00241341
-1.98223
0.00241341
-1.15737
0.00241341
-1.32313
0.00241341
-1.34361
0.00241341
-1.34361
0.00241341
-1.34361
0.00241341
-1.34361
0.00241341
-1.34361
0.00241341
-1.34361
0.00241341
-0.349114
0.00241341
-0.349114
-0.291174
-0.349114
-0.20041
-0.349114
-0.20041
-0.349114
-0.20041
-0.349114
-0.20041
-0.349114
-0.20041
-0.349114
-0.20041
-0.349114
-0.20041
-0.349114
-0.20041
1.18573
0.17112
-0.840338
0.17112
0.0857152
0.17112
0.0857152
0.17112
0.0857152
0.17112
0.0857152
0.17112
0.0857152
0.17112
0.0857152
0.17112
-0.345234
0.17112
-0.345234
0.17112
-0.345234
0.17112
-0.345234
-0.0668401
-0.345234
-0.0668401
-0.345234
-0.0668401
0.978419
-0.0668401
0.978419
-0.0668401
-1.12236
-0.0668401
0.813083
-0.0668401
0.813083
-0.0668401
0.813083
-0.0668401
0.813083
-0.0668401
0.813083
-0.0668401
0.813083
-0.0668401
0.813083
-0.0668401
0.813083
-0.0668401
0.813083
-0.0668401
0.813083
-0.0668401
0.813083
-0.0668401
0.813083
-0.0668401
0.813083
-0.0668401
0.787411
-0.0668401
0.787411
-0.0668401
-0.614483
-0.0668401
-0.044509
-0.0668401
-0.044509
0.527004
-0.044509
0.0829404
-0.044509
0.0829404
-0.99196
0.0829404
-0.99196
0.0829404
-0.99196
0.0829404
-0.99196
0.0829404
-0.99196
0.0829404
0.977184
0.0829404
0.867554
0.0829404
0.867554
0.0829404
1.20212
0.0829404
1.20212
0.0829404
-0.870555
0.0829404
-0.870555
0.0829404
-0.870555
0.0829404
-0.580652
0.0829404
-0.580652
0.0829404
-0.580652
0.0829404
0.117854
-0.710039
0.117854
0.967226
0.117854
0.967226
0.117854
0.967226
0.117854
-0.597779
0.117854
-0.597779
0.117854
-0.597779
0.117854
-0.597779
0.117854
-0.597779
0.117854
-0.597779
0.117854
-0.597779
0.117854
-0.597779
0.117854
-0.597779
0.117854
-0.597779
-0.0229408
-0.597779
-0.0229408
-0.597779
-0.0229408
-0.288737
-0.0229408
1.07124
-0.0229408
-0.491772
-0.0229408
-0.491772
0.2557
-0.491772
0.2557
-0.491772
0.2557
-0.491772
0.2557
-0.491772
0.2557
-0.187397
-0.634833
-0.187397
-0.622674
-0.187397
-0.304666
-0.187397
0.114118
-0.187397
0.114118
-0.187397
0.114118
0.592833
0.114118
0.592833
0.114118
0.592833
0.114118
0.592833
-0.158236
0.740863
-0.158236
0.740863
-0.158236
0.774827
-0.158236
0.774827
0.0759416
0.467696
0.0759416
0.467696
0.0759416
-0.23223
0.255413
-0.23223
0.255413
0.0915425
0.255413
0.0915425
0.11923
0.0915425
-0.061054
0.0915425
-0.061054
0.0334955
-0.855429
0.0334955
-2.68308
0.0334955
-2.22645
0.0334955
-2.22645
0.0334955
-1.51108
0.0334955
-1.51108
0.0334955
-0.106004
0.0334955
-0.106004
-0.520475
-0.106004
1.76945
-0.106004
-0.899132
-0.106004
-0.899132
-0.106004
-0.899132
0.223201
0.313201
0.223201
0.7856
0.223201
-0.441992
0.223201
-0.441992
0.223201
-0.441992
0.223201
-0.340191
0.223201
-0.53796
0.223201
0.238224
0.223201
0.238224
0.223201
0.238224
0.223201
0.238224
0.223201
0.238224
0.223201
0.183295
0.223201
0.183295
0.223201
0.183295
0.223201
-0.0173312
0.223201
-0.0173312
0.704677
-0.0173312
0.704677
-0.0173312
0.704677
-0.0173312
0.704677
-0.0173312
0.704677
-0.0173312
0.704677
-0.0173312
0.704677
-0.0173312
-0.1737
-0.0173312
0.0291139
-0.0173312
1.43875
-0.0173312
1.43875
-0.0173312
1.43875
-0.00549103
-0.0291174
-0.00549103
-0.0291174
-0.00549103
-0.0291174
0.0253628
-0.0291174
-0.505998
-0.0291174
1.44683
-0.0291174
3.79806
-0.0291174
3.79806
-0.0291174
3.79806
-0.0291174
3.79806
-0.0291174
3.49979
-0.0291174
3.49979
-0.0291174
3.49979
-0.0291174
0.678871
-0.0291174
-0.167527
-0.0291174
-0.167527
0.209225
-0.167527
0.209225
-0.167527
0.209225
-0.167527
0.209225
-0.167527
0.209225
-0.21101
0.209225
-0.336626
0.209225
-0.336626
0.209225
-0.336626
0.209225
-0.336626
0.209225
-0.336626
-0.155193
-0.432456
-0.155193
-0.432456
-0.155193
-0.432456
-0.155193
-0.432456
-0.155193
-0.432456
-0.155193
-0.432456
-0.155193
-1.09605
-0.155193
-1.09605
-0.155193
0.103705
-0.155193
-0.0834067
-0.155193
-0.0834067
-0.155193
-0.0834067
-0.120588
-0.0834067
-0.120588
-0.0834067
-0.120588
-0.158038
0.429332
-0.158038
0.429332
-0.158038
0.429332
-0.158038
0.0828716
-0.158038
0.0828716
-1.2424
0.0828716
-1.2424
0.0828716
0.515797
0.0828716
-0.876651
0.0828716
-1.25842
-0.0095257
-1.25842
-0.0095257
-1.25842
-0.0095257
0.0496115
-0.632234
0.0496115
-0.632234
0.0496115
1.2667
0.0496115
1.2667
0.0496115
-0.58629
0.0496115
-0.963133
0.0496115
-0.963133
0.0496115
0.526214
0.0496115
0.526214
0.0496115
0.526214
0.35826
0.526214
0.15146
0.326138
0.15146
0.326138
0.15146
0.326138
0.15146
0.326138
0.15146
0.326138
0.15146
0.326138
0.15146
-0.512873
0.125454
0.535725
0.125454
0.922533
0.125454
0.922533
0.125454
0.922533
0.125454
0.922533
0.125454
0.922533
0.125454
1.33382
0.125454
1.33382
0.125454
-0.411963
0.125454
0.594239
0.125454
0.594239
0.125454
0.594239
0.125454
0.594239
0.125454
0.594239
0.125454
0.594239
0.216964
0.353476
0.216964
0.353476
0.216964
0.353476
0.216964
0.353476
0.564444
0.353476
0.564444
0.353476
0.564444
0.353476
0.564444
0.353476
0.564444
0.353476
0.564444
0.353476
0.564444
0.353476
-0.356827
0.353476
-0.356827
0.353476
-0.356827
0.353476
-0.356827
0.353476
-0.356827
-0.192874
-0.356827
-0.192874
-0.356827
-0.192874
0.792344
-0.192874
0.792344
-0.192874
0.956106
-0.192874
1.06303
-0.192874
1.06303
-0.192874
1.06303
-0.192874
-0.830678
-0.192874
-0.830678
-0.192874
-0.028583
-0.192874
-0.028583
-0.970242
-0.028583
0.768044
-0.028583
0.768044
-0.028583
0.714521
-0.028583
0.714521
-0.028583
0.714521
-0.028583
0.912555
-0.028583
1.13147
-0.028583
-1.77383
-0.028583
-1.14006
-0.028583
-1.14006
-0.028583
0.335298
-0.028583
0.335298
-0.028583
0.928995
-0.028583
-0.592199
-0.028583
-0.592199
-0.028583
-0.592199
-0.028583
1.59442
-0.028583
1.20382
-0.028583
1.20382
-0.028583
0.295628
-0.028583
0.295628
-0.028583
0.295628
0.411333
0.295628
0.411333
0.295628
0.685995
0.295628
0.685995
0.295628
0.39835
0.295628
0.39835
0.295628
-0.652668
0.295628
-0.652668
0.295628
-0.652668
0.295628
-0.652668
0.295628
-0.652668
0.295628
-0.652668
0.295628
0.523255
0.295628
0.523255
0.295628
0.523255
0.295628
-0.35504
0.295628
-0.35504
0.295628
-0.35504
0.295628
0.12495
0.295628
0.313079
0.295628
0.313079
0.295628
0.313079
0.295628
0.313079
0.295628
0.313079
-0.194598
0.313079
-0.194598
0.313079
-0.194598
0.313079
-0.194598
0.313079
-0.194598
0.313079
-0.194598
0.313079
-0.194598
0.313079
-0.194598
0.313079
-0.194598
-0.719761
-0.194598
-0.792683
-0.194598
-0.792683
-0.194598
-0.792683
-0.194598
-0.792683
-0.194598
-0.792683
-0.194598
-0.792683
-0.194598
-0.792683
-0.194598
-0.792683
-0.194598
-0.792683
-0.194598
0.368368
-0.194598
0.368368
-0.194598
0.322692
-0.194598
0.322692
-0.194598
0.322692
-0.339191
0.322692
-0.339191
0.322692
-0.339191
0.322692
-0.339191
-0.143515
-0.339191
-0.143515
0.242048
-0.143515
0.242048
0.293082
0.242048
0.293082
0.242048
0.293082
0.242048
0.293082
-0.3348
0.293082
-0.3348
0.293082
-0.3348
0.293082
-0.3348
-0.455851
-0.3348
-0.455851
-0.3348
-0.455851
-0.3348
-0.455851
-0.3348
-0.455851
-0.3348
-0.455851
-0.3348
-0.455851
-0.3348
-0.300529
-0.3348
-0.300529
-0.3348
-0.295292
-0.3348
0.163979
-0.3348
0.163979
-0.3348
0.163979
-0.3348
0.163979
-0.3348
0.163979
-1.07455
0.163979
-1.07455
0.163979
-0.629964
0.163979
0.112009
0.163979
-0.0276885
-0.848783
-0.0276885
0.960677
-0.0276885
0.960677
-0.0276885
-0.827069
-0.0276885
-0.827069
-0.0276885
-0.33755
-0.0276885
-0.33755
-0.0276885
-0.33755
-0.0276885
-0.33755
-0.0276885
-0.554403
-0.0276885
-0.554403
-0.0276885
-0.554403
-0.0276885
-0.469122
-0.0276885
-0.664683
-0.0276885
-0.664683
-0.0276885
0.684138
-0.0276885
0.684138
-0.0276885
-0.702944
-0.0276885
-0.662954
-0.0276885
-0.662954
-0.0276885
-0.662954
-0.0276885
1.75177
-0.0276885
-1.04524
-0.0276885
0.152015
-0.0276885
0.152015
-0.0276885
-1.37964
-0.0276885
-1.37964
-0.0276885
-1.3059
-0.0276885
-0.0380847
-0.0276885
-0.0380847
-0.0276885
-0.0380847
-0.0276885
0.0329624
-0.0276885
1.68617
-0.0276885
1.68617
-0.0276885
1.93492
-0.0276885
1.93492
-0.0276885
0.977777
-0.0854668
0.977777
-0.0854668
0.977777
-0.0854668
0.977777
0.0453354
0.977777
0.0453354
-0.493672
0.0453354
-0.493672
0.0453354
-1.35957
0.0453354
0.0945841
0.0453354
0.0945841
-0.357072
0.0945841
-0.357072
0.0945841
0.233514
0.0945841
0.233514
0.0945841
0.233514
0.0945841
0.233514
0.0945841
0.233514
0.0945841
0.398585
0.0945841
0.398585
0.0945841
0.398585
0.0945841
0.314537
0.0945841
0.550687
0.0945841
0.550687
0.0945841
0.239603
0.164481
0.239603
-0.408334
0.239603
-0.408334
0.239603
-0.408334
0.239603
-0.408334
0.239603
-0.408334
0.239603
0.335687
0.239603
0.63197
0.239603
0.63197
0.239603
0.63197
0.239603
0.173741
0.239603
0.173741
0.239603
0.173741
0.239603
0.173741
0.239603
0.173741
0.239603
0.173741
0.0310259
0.78489
0.0310259
0.78489
0.0310259
0.78489
0.0310259
1.05456
0.0310259
1.5429
0.0310259
1.5429
0.0310259
0.126374
0.232053
0.126374
0.232053
0.126374
0.232053
0.126374
0.232053
0.126374
0.232053
0.126374
0.232053
-0.327261
0.232053
-0.088151
0.232053
-0.088151
-1.25148
-0.088151
-1.25148
-0.088151
-1.25148
-0.088151
-1.25148
-0.088151
-1.09358
-0.088151
-1.09358
-0.088151
-1.09358
-0.088151
-1.09358
-0.088151
-0.746375
0.206164
-0.746375
0.206164
-0.746375
0.206266
-0.746375
0.206266
0.252072
0.206266
0.252072
0.206266
0.252072
0.206266
0.252072
0.206266
0.252072
0.130845
0.169042
-0.150236
0.169042
-0.150236
0.685533
-0.150236
0.685533
-0.150236
0.685533
-0.150236
0.81929
-0.150236
0.81929
-0.150236
-0.941231
-0.150236
0.479481
-0.150236
0.479481
-0.150236
0.479481
-0.150236
0.132225
-0.150236
0.132225
-0.150236
0.132225
-0.698378
0.132225
-0.759038
0.0993333
-0.759038
0.0993333
0.333929
0.0993333
0.289619
0.0993333
0.289619
0.0993333
0.289619
0.103487
0.289619
-0.385036
0.289619
-0.385036
0.289619
-0.385036
0.304126
-0.385036
0.304126
-0.385036
0.304126
-0.385036
0.304126
0.416602
0.304126
0.416602
0.304126
0.416602
-0.296959
0.439315
-0.296959
0.439315
-0.296959
0.439315
-0.296959
0.349048
-0.296959
-0.182938
-0.296959
-0.814176
-0.296959
0.544842
-0.296959
0.544842
-0.296959
0.487984
-0.296959
0.487984
-0.296959
0.487984
-0.296959
0.487984
-0.296959
0.487984
-0.296959
0.181441
-0.296959
0.181441
-0.296959
0.181441
-0.298305
0.181441
-0.298305
0.0669728
-0.298305
0.0669728
-0.298305
0.0669728
-0.298305
0.333725
-0.298305
0.333725
-0.298305
0.333725
-0.298305
0.333725
-0.298305
0.333725
-0.298305
0.333725
-0.298305
0.333725
-0.298305
0.333725
-0.298305
0.333725
-0.298305
0.333725
0.424618
-0.131881
-1.32192
-0.131881
-1.32192
-0.131881
-1.32192
-0.131881
0.295467
-0.131881
0.295467
-0.131881
0.295467
-0.131881
0.295467
-0.131881
0.295467
-0.131881
0.295467
-0.131881
0.295467
-0.131881
0.295467
-0.131881
0.295467
-0.131881
0.295467
-0.131881
0.295467
-0.131881
0.295467
-0.00216462
-1.1186
-0.00216462
-1.1186
-0.00216462
-1.1186
0.0106391
1.87226
0.0106391
1.08242
0.0106391
0.110198
0.0106391
0.110198
0.939524
0.110198
-1.18826
0.110198
-1.18826
0.110198
-1.18826
0.110198
-0.20117
0.110198
-0.20117
0.110198
-0.20117
0.110198
-0.20117
0.110198
-0.20117
0.110198
-0.20117
0.110198
0.299124
0.110198
0.686074
0.110198
-0.277364
0.110198
-0.277364
0.110198
-0.277364
0.110198
-0.456878
0.110198
1.22165
0.110198
0.488955
0.110198
0.488955
0.110198
0.488955
0.110198
0.518722
0.110198
0.518722
0.110198
1.48842
0.110198
1.48842
0.110198
1.48842
0.110198
1.48842
0.110198
1.48842
0.110198
0.0474887
0.110198
0.0474887
0.110198
0.0474887
2.057
0.0474887
-0.644703
0.0474887
0.0535689
1.73417
0.0535689
1.23809
0.0535689
0.352267
0.0535689
-0.677404
0.0535689
-0.677404
0.0535689
-0.677404
0.0535689
0.261265
0.0535689
0.261265
0.0535689
0.261265
0.0535689
1.46813
0.0535689
-0.525035
0.0535689
1.90403
0.0535689
1.90403
0.0535689
1.90403
0.0535689
1.90403
0.0535689
0.160889
0.0535689
-0.160249
0.0535689
-0.160249
0.0535689
-0.160249
-0.940595
-0.160249
-0.940595
-0.160249
0.442822
-0.160249
-0.478644
-0.0735634
-0.478644
-0.0735634
-0.478644
-0.0735634
-0.478644
-0.0735634
-0.478644
-0.0735634
-0.478644
0.0839032
-0.478644
0.0839032
1.10982
0.0839032
-0.917928
0.0314074
1.15941
0.0314074
0.136038
0.0314074
0.136038
0.363558
0.136038
-0.755552
0.136038
0.965375
0.136038
0.965375
0.136038
0.392436
0.136038
0.392436
0.136038
0.155231
0.136038
0.155231
0.136038
0.155231
0.136038
0.049064
0.136038
0.594285
0.136038
0.0811
0.136038
-0.119911
0.136038
0.004308
0.136038
0.004308
0.136038
-0.253842
0.136038
0.797112
0.136038
0.569203
0.136038
0.569203
0.136038
0.569203
0.136038
0.569203
0.136038
0.569203
0.136038
0.569203
0.136038
0.569203
0.136038
0.569203
0.136038
0.569203
0.136038
0.590993
0.136038
-0.211115
0.136038
-0.352637
0.136038
-0.352637
0.136038
-0.352637
0.136038
-0.352637
0.136038
-0.352637
0.136038
-0.330407
0.136038
-1.17524
0.136038
-1.17524
0.136038
-1.44011
0.136038
-1.44011
0.136038
0.320443
0.136038
0.320443
0.136038
-0.461001
0.136038
-0.461001
0.136038
-0.87683
0.136038
-0.87683
0.136038
1.083
0.136038
1.083
0.136038
0.868761
0.136038
-0.106207
0.136038
0.297735
0.136038
0.297735
0.136038
0.297735
0.136038
0.297735
0.136038
0.297735
0.136038
0.297735
0.136038
0.297735
0.136038
-0.448155
0.136038
-0.448155
0.136038
-0.513809
0.136038
-0.513809
0.136038
0.401782
0.136038
-0.576184
0.136038
-0.576184
0.136038
-0.576184
0.136038
-0.576184
0.0592587
-0.576184
0.174759
-0.576184
0.174759
-0.0906698
-0.349791
-0.0906698
-0.0670259
-0.667408
-0.0670259
-0.667408
-0.0670259
-0.667408
-0.0670259
-0.667408
-0.0715163
-0.667408
-0.0715163
-0.667408
-0.0715163
-0.667408
-0.0715163
-0.667408
-0.0715163
-0.667408
-0.0715163
-0.667408
-0.0715163
-0.951523
-0.0715163
0.369622
-0.0715163
0.369622
-0.0715163
-0.859331
-0.0715163
-0.859331
-0.0715163
-0.0224821
-0.729012
-0.0224821
-0.729012
-0.0224821
-1.1823
-0.0224821
0.148037
-0.0224821
-1.0555
-0.0224821
-0.112323
-0.0224821
-0.112323
-0.338607
-0.112323
-0.338607
-0.112323
-0.338607
-0.112323
-0.338607
-0.112323
-0.338607
-0.112323
0.107089
-0.427416
0.107089
-0.427416
0.107089
-0.427416
0.107089
-0.427416
0.107089
-0.838099
0.107089
-0.838099
0.107089
-0.838099
0.107089
-0.838099
0.107089
-0.838099
0.107089
-0.628567
0.107089
-0.310509
0.107089
-0.310509
0.107089
-0.310509
0.107089
-0.310509
0.107089
-0.586385
0.107089
0.726484
0.107089
0.726484
0.107089
0.726484
0.107089
0.726484
0.107089
0.726484
0.107089
0.726484
0.107089
0.348682
0.107089
0.464642
0.107089
0.464642
0.107089
0.464642
-0.0842458
-0.449859
-0.0842458
-0.449859
0.0636679
-0.449859
0.0636679
-0.449859
0.0636679
-0.449859
0.0636679
-0.449859
0.0636679
-0.449859
0.0636679
-0.712591
0.0636679
1.17005
0.0636679
1.17005
0.0636679
1.17005
0.0636679
1.17005
0.0636679
1.17005
0.0636679
1.17005
0.0636679
-0.198854
0.0636679
-0.926051
0.0636679
-1.52564
0.0636679
0.436242
0.0636679
-0.814843
-0.002053
-0.735856
-0.002053
-0.735856
-0.002053
-0.735856
-0.002053
-1.73619
-0.002053
0.383739
-0.002053
0.06701
-0.002053
0.06701
-0.002053
-1.71439
-0.002053
-0.987013
-0.002053
-0.987013
-0.002053
-0.987013
-0.002053
-0.980357
-0.002053
1.8511
-0.002053
0.392196
-0.002053
0.671113
-0.002053
0.671113
-0.137378
-0.582907
-0.224509
-0.582907
-0.224509
-0.582907
-0.224509
0.775039
-0.224509
0.357124
-0.224509
0.357124
-0.224509
0.357124
-0.224509
0.357124
-0.224509
0.427033
-0.156121
0.427033
-0.156121
-0.526242
-0.156121
-0.526242
-0.156121
-0.526242
-0.156121
-0.662302
-0.156121
0.796227
-0.170525
0.796227
-0.170525
0.796227
-0.170525
-0.321222
-0.170525
-0.321222
-0.170525
-0.321222
-0.170525
-0.321222
-0.170525
-0.321222
-0.170525
-0.321222
-0.170525
-0.321222
-0.170525
-0.321222
-0.170525
0.425779
-0.170525
0.425779
-0.170525
0.425779
-0.170525
0.425779
0.417057
0.425779
0.417057
0.425779
0.417057
-0.094738
0.417057
-0.094738
0.417057
-0.094738
0.417057
-0.094738
0.376186
-0.094738
0.376186
-0.094738
0.376186
-0.094738
0.376186
-0.094738
0.376186
-0.094738
-0.308659
-0.094738
-0.308659
-0.094738
-0.308659
-0.094738
1.0413
0.0305631
0.416738
0.0305631
0.416738
0.0305631
1.582
0.0305631
1.582
0.0305631
1.582
0.0305631
1.582
0.0305631
-1.03826
0.0305631
-1.03826
0.0305631
1.10276
0.0305631
0.41786
0.0305631
-0.393968
0.0305631
1.56556
0.0305631
1.56556
0.0305631
1.56556
0.0305631
1.56556
0.0305631
1.45587
0.0305631
0.795007
0.0305631
0.795007
0.0305631
0.795007
0.0305631
-0.240022
0.0305631
-0.240022
0.0305631
-0.240022
0.0305631
0.529659
0.0305631
1.39189
0.0305631
0.0653999
0.0305631
0.0653999
0.0305631
1.15642
0.0305631
0.810477
0.0305631
0.226471
0.0305631
0.226471
0.0305631
0.226471
-0.420489
0.226471
-0.450376
0.226471
-0.450376
0.226471
-0.450376
-0.460354
-0.450376
-0.460354
-0.450376
0.0568443
0.480687
0.0568443
0.480687
0.0568443
0.480687
0.0568443
0.480687
0.0568443
0.480687
0.0568443
0.480687
0.0568443
0.251461
0.150326
0.251461
0.150326
0.251461
0.150326
0.251461
0.150326
0.251461
0.150326
0.251461
0.150326
0.432088
0.150326
0.432088
0.150326
-1.59113
0.150326
0.964957
0.150326
0.964957
0.150326
0.216953
0.150326
0.216953
0.150326
0.216953
0.150326
0.216953
0.150326
0.216953
0.055147
0.216953
0.055147
1.29924
0.055147
0.210257
0.055147
-0.223445
0.055147
-0.223445
0.279525
-0.223445
0.279525
-0.223445
-0.499232
-0.223445
-0.108763
-0.223445
-0.108763
1.12203
-0.108763
1.12203
-0.108763
1.12203
-0.108763
1.12203
-0.108763
1.12203
-0.108763
1.12203
-0.108763
1.12203
-0.108763
-1.41191
-0.108763
-1.41191
-0.0138335
0.515593
-0.0138335
0.125554
-0.0138335
1.09517
-0.0138335
1.09517
-0.0138335
-1.07024
-0.0138335
-1.07024
-0.0138335
-0.0241924
-0.0138335
-0.0241924
0.0930947
-0.0241924
-0.287054
-0.0241924
-1.47051
-0.0241924
0.321284
-0.0241924
0.321284
-0.0241924
0.321284
-0.0241924
-0.341638
-0.0241924
-0.656636
-0.0241924
1.73428
-0.0241924
1.73428
-0.0241924
-1.20768
-0.0241924
-1.20768
-0.0241924
-1.20768
-0.0241924
-1.20768
-0.0241924
-0.537252
-0.0241924
-0.537252
-0.0241924
-0.537252
-0.0241924
-1.16033
-0.0241924
-1.69103
-0.0241924
-1.69103
-0.0241924
-0.811125
-0.0241924
-0.811125
-0.0241924
-0.811125
-0.0241924
-0.811125
-0.0241924
-0.811125
0.125641
-0.811125
0.125641
-0.811125
0.125641
-0.811125
0.125641
0.246971
0.125641
0.246971
0.125641
0.246971
0.125641
0.246971
0.125641
-0.148804
0.125641
-0.148804
0.252887
-0.148804
0.252887
-0.575712
0.252887
-0.575712
0.252887
0.659213
0.252887
0.659213
0.252887
0.659213
0.252887
-0.444304
0.252887
-0.444304
0.252887
-0.444304
0.252887
-0.444304
0.252887
-0.444304
0.0499383
-0.444304
0.0401702
-0.444304
0.0401702
-0.346446
0.0401702
-0.346446
0.0401702
-0.346446
0.0401702
-1.10886
0.0401702
0.465727
0.0401702
1.77669
0.0401702
-0.497799
0.0401702
-0.778843
0.0401702
0.438045
0.0401702
0.438045
0.0401702
0.428584
0.0401702
0.428584
0.173214
0.428584
0.173214
-0.379885
0.173214
-0.379885
0.173214
-0.379885
0.173214
-0.78066
0.173214
-0.221584
0.173214
-0.221584
0.173214
-0.221584
0.173214
-0.221584
0.173214
-0.221584
0.173214
-0.221584
0.173214
-0.221584
0.173214
-0.221584
0.173214
-0.221584
0.173214
-0.221584
0.173214
-0.221584
0.250831
-0.221584
0.250831
-0.221584
0.250831
-0.221584
0.250831
-0.221584
0.250831
-0.221584
0.250831
-0.221584
0.250831
-0.221584
0.250831
-0.257797
0.250831
-0.257797
0.250831
-0.257797
-0.0545539
0.461005
-0.0477224
0.461005
-0.0477224
-1.84447
-0.0477224
-1.19558
-0.0477224
-1.19558
-0.0477224
-1.19558
-0.0477224
1.31891
-0.0477224
1.31891
-0.0477224
1.31891
-0.0477224
1.31891
-0.0477224
1.31891
-0.0477224
1.16621
0.104217
1.06062
0.104217
1.06062
0.0673827
0.508325
0.0673827
1.42949
0.0673827
-1.19839
0.0673827
0.709707
0.0673827
0.23614
0.0673827
0.387318
0.0673827
0.387318
0.0673827
0.873545
0.0673827
1.2218
0.0673827
1.2218
0.0673827
1.2218
0.0673827
1.2218
0.0673827
1.2218
0.0673827
1.2218
0.0673827
1.2218
0.0673827
1.2218
0.0673827
1.2218
0.0673827
0.896929
0.0673827
-0.215594
0.0673827
-0.215594
0.0673827
-0.215594
0.0673827
-0.215594
0.0673827
-0.215594
0.0673827
-0.215594
0.0673827
-0.215594
0.0673827
-0.215594
-0.0196681
-0.215594
-0.0196681
-0.215594
-0.0196681
-0.215594
-0.0196681
-0.233394
-0.0196681
-0.100668
-0.0196681
-0.100668
-0.0196681
-0.100668
0.371722
-0.100668
0.371722
-0.100668
-0.26714
-0.100668
-0.26714
-0.100668
-0.26714
-0.100668
0.35705
-0.100668
0.428278
-0.100668
-0.250733
-0.100668
-0.250733
-0.100668
-1.04369
-0.100668
-1.04369
-0.100668
0.47744
-0.100668
-0.42166
-0.100668
-0.42166
-0.100668
-0.42166
-0.100668
-0.42166
-0.100668
-0.42166
-0.100668
-0.42166
-0.100668
-0.451221
-0.100668
-0.451221
-0.100668
-0.0752543
-0.105895
-0.0752543
0.404118
-0.0752543
0.103623
-0.72611
0.103623
-0.72611
0.103623
-0.326563
0.103623
0.454143
0.103623
0.454143
0.103623
0.454143
0.103623
0.454143
0.103623
0.454143
0.103623
0.454143
0.103623
0.454143
0.308941
-0.580086
0.308941
-0.580086
0.308941
-0.580086
0.308941
-0.580086
-0.32562
-0.580086
-0.32562
-0.580086
-0.32562
-0.0212881
-1.45685
-0.0212881
-0.441695
-0.0212881
-0.243295
-0.0212881
-0.446252
-0.0641899
-0.446252
-0.0641899
0.406256
-0.0641899
0.406256
-0.0641899
0.406256
-0.0641899
0.637326
0.00344015
-2.35937
0.00344015
-2.48446
0.00344015
-2.01188
0.00344015
-2.01188
0.00344015
-0.209056
0.00344015
-0.209056
0.00344015
-0.209056
-0.240191
-0.209056
-0.240191
-0.209056
-0.240191
-0.209056
-0.240191
-0.209056
-0.240191
-0.209056
-0.684743
-0.209056
-0.684743
-0.209056
-0.684743
-0.209056
-0.327072
-0.209056
0.282676
-0.209056
0.282676
-0.209056
-0.592094
-0.209056
-0.592094
-0.209056
0.22052
0.128707
0.22052
0.128707
0.22052
0.128707
0.22052
0.551477
0.0375536
0.551477
0.0375536
0.551477
0.0375536
0.397596
0.0375536
0.397596
0.0375536
0.28635
0.145853
0.28635
0.145853
0.28635
0.145853
0.28635
0.145853
0.291371
-0.253876
0.291371
-0.253876
0.291371
-0.253876
0.291371
-0.253876
0.291371
-0.253876
0.291371
-0.253876
0.291371
-0.253876
0.291371
-0.253876
0.291371
-0.253876
0.291371
-0.253876
0.291371
-0.253876
0.291371
-0.204784
0.291371
0.00750882
0.291371
0.00750882
0.573471
0.00750882
1.03281
0.00750882
1.23669
0.00750882
-1.3554
0.00750882
1.18827
0.00750882
0.172658
0.874896
0.172658
-0.397379
0.172658
0.51414
0.172658
0.51414
0.172658
0.51414
-0.00626891
0.51414
-0.00626891
0.51414
-0.00626891
1.06319
-0.00626891
0.748076
-0.00626891
0.325722
-0.00626891
-0.379471
-0.00626891
-0.250617
-0.00626891
-0.250617
-0.00626891
0.837298
-0.00626891
0.837298
-0.00626891
0.837298
-0.00626891
0.837298
-0.00626891
0.260703
-0.00626891
0.260703
-0.00626891
0.260703
-0.00626891
-0.300174
-0.00626891
0.444391
-0.00626891
1.04714
-0.0188327
1.04714
-0.0188327
-0.794249
-0.0188327
-0.794249
-0.0188327
1.33097
-0.0188327
1.33097
-0.0188327
1.33097
-0.0188327
1.76062
-0.0188327
1.42248
-0.0188327
0.193496
-0.0188327
0.193496
-0.0188327
0.193496
-0.398226
0.193496
-0.398226
0.193496
-0.398226
-0.131682
-0.398226
-0.131682
-0.398226
-0.131682
-0.398226
-0.131682
-0.398226
-0.131682
-0.398226
-0.131682
-0.398226
-0.131682
-0.398226
-0.131682
-0.398226
-0.131682
-0.398226
-0.131682
-0.398226
-0.131682
-0.398226
-0.131682
-0.398226
-0.131682
-0.398226
-0.131682
-0.398226
-0.211406
-0.508598
0.244401
-0.508598
0.244401
-0.508598
0.244401
-0.508598
0.244401
-0.508598
0.244401
-0.508598
0.244401
-0.508598
0.244401
-0.508598
0.244401
-0.508598
0.244401
-0.508598
0.244401
-0.508598
0.244401
-0.508598
0.244401
-0.508598
0.244401
-0.508598
0.244401
-0.508598
0.244401
-0.34128
-0.329366
0.0439191
-0.329366
0.0439191
-0.329366
0.0439191
-0.329366
-0.432787
-0.329366
-0.432787
-0.329366
-0.432787
-0.329366
-0.432787
-0.329366
-0.432787
-0.329366
-0.432787
-0.330213
-0.432787
-0.330213
0.297614
-0.330213
0.297614
-0.330213
0.297614
0.396638
0.297614
0.396638
0.297614
0.396638
0.297614
0.396638
0.297614
0.396638
0.297614
-0.578369
0.297614
-0.578369
0.297614
0.329165
0.297614
0.329165
0.297614
0.329165
0.297614
0.329165
0.297614
0.341355
0.297614
0.291981
0.297614
0.291981
0.297614
0.291981
0.297614
0.291981
0.297614
0.291981
0.297614
0.291981
0.297614
0.291981
0.297614
0.446577
0.297614
0.446577
0.297614
0.446577
0.297614
0.446577
0.297614
0.283405
0.297614
0.283405
0.297614
-0.187218
0.297614
-0.315801
0.211994
-0.315801
-0.0900251
0.0370989
-0.0900251
0.758838
-0.0900251
0.758838
-0.0900251
0.758838
-0.0900251
0.758838
-0.0900251
0.0404175
0.605621
-0.0518654
0.0745808
0.000409886
0.0745808
0.000409886
-0.639744
0.000409886
-0.33032
0.000409886
-2.35269
0.000409886
-0.645082
0.000409886
-0.476502
0.000409886
-0.476502
0.000409886
-0.476502
0.000409886
-0.982804
0.000409886
1.67908
0.000409886
-0.602217
0.000409886
0.919889
0.000409886
0.919889
0.000409886
0.919889
0.000409886
-0.507968
0.000409886
-0.507968
0.000409886
-0.94845
0.000409886
0.40229
0.000409886
0.823613
0.000409886
0.823613
0.000409886
1.26572
0.000409886
1.26572
0.000409886
0.155819
0.000409886
0.155819
0.000409886
0.155819
0.000409886
0.155819
-0.778691
0.155819
-0.168689
0.155819
-0.168689
0.155819
-0.168689
-0.271976
-0.168689
0.478372
-0.168689
0.381233
-0.168689
0.000311097
-0.168689
0.255353
-0.168689
0.181059
0.872632
0.0902333
-0.0551536
0.0902333
-0.0551536
-0.482163
-0.0551536
-0.482163
-0.0551536
-0.482163
-0.0551536
-0.0641418
-0.0551536
-0.0641418
-0.0551536
-0.0641418
-0.0551536
-0.442694
-0.0551536
-0.442694
-0.0551536
1.53144
-0.0551536
1.53144
-0.0551536
1.53144
-0.0551536
1.53144
-0.0551536
0.408207
-0.20631
0.0442495
0.0477737
-1.50838
0.0477737
-1.50838
0.0477737
0.470068
0.0477737
0.470068
0.0477737
1.63342
0.0477737
-0.0934017
0.0477737
-0.0934017
-0.517529
-0.0934017
-0.517529
-0.0934017
-0.517529
-0.0934017
-0.517529
-0.17277
-0.517529
-0.17277
-0.517529
-0.17277
-0.517529
-0.17277
-0.517529
-0.17277
-0.406579
-0.17277
-0.406579
-0.17277
-0.406579
-0.17277
-0.406579
0.13428
-0.113138
0.83472
-0.113138
0.83472
-0.113138
0.83472
-0.113138
0.83472
-0.113138
0.6057
-0.113138
0.6057
-0.113138
-0.480821
-0.113138
0.640664
0.135857
0.640664
0.135857
0.615811
0.135857
0.720529
0.135857
0.619706
0.135857
0.619706
0.126911
0.619706
0.126911
0.619706
0.126911
-0.0153504
-1.34065
-0.0153504
-1.34065
-0.0153504
-1.34065
-0.0153504
-1.34065
-0.0489505
-1.34065
-0.0489505
-0.632039
-0.0489505
-0.245183
-0.0489505
0.313896
-0.255244
0.399956
-0.12559
-0.9433
-0.12559
-0.9433
-0.12559
0.182139
-0.12559
0.17641
0.103106
0.17641
-0.603698
0.17641
0.649168
0.17641
-0.567243
0.17641
-0.567243
0.17641
-0.567243
0.17641
-0.567243
0.154151
-0.567243
0.154151
-0.567243
0.154151
0.898528
0.154151
0.768269
0.154151
0.768269
0.154151
0.768269
0.154151
-0.735856
0.154151
-0.735856
0.154151
0.510049
0.154151
0.183146
0.154151
0.678226
0.154151
0.678226
0.154151
0.678226
0.154151
0.678226
0.154151
0.678226
0.154151
0.678226
0.154151
0.678226
0.154151
0.678226
0.154151
-0.227741
0.154151
-1.08154
-0.16785
-1.17394
-0.16785
-1.09243
-0.16785
-1.09243
-0.16785
0.603118
-0.16785
0.603118
-0.16785
0.603118
-0.16785
-0.57203
-0.16785
0.14631
-0.16785
0.14631
-0.301447
0.14631
-0.301447
0.14631
-0.301447
-0.262943
-0.301447
-0.262943
-0.301447
-0.19054
0.0680648
-0.19054
0.0680648
-0.19054
0.44987
-0.19054
0.44987
-0.19054
0.72913
-0.19054
0.0555625
-0.19054
0.0555625
0.461512
0.0555625
0.461512
0.0555625
-1.73547
0.0555625
-1.57843
0.0555625
-1.57843
0.0555625
-1.57843
0.0555625
0.305627
0.0555625
0.136398
0.0555625
0.734308
0.0555625
0.734308
0.0555625
-0.715942
0.0555625
0.249109
0.0555625
-0.710316
-0.0829872
-0.710316
-0.0829872
0.500974
-0.0829872
0.500974
-0.0829872
0.500974
-0.0829872
1.0372
-0.0537934
1.0372
-0.0537934
1.28652
-0.0537934
1.28652
-0.0537934
-0.217733
-0.0537934
-0.217733
-0.0537934
0.837485
-0.0537934
0.837485
-0.0537934
0.837485
-0.0537934
0.66648
-0.0537934
0.66648
-0.0537934
0.66648
-0.0537934
0.66648
-0.0537934
0.66648
-0.0537934
0.66648
-0.0537934
0.419197
-0.0537934
0.419197
-0.0537934
0.419197
-0.0537934
0.419197
-0.0537934
-0.830837
-0.0537934
1.04784
-0.0537934
-0.042612
0.195018
0.57907
0.195018
0.57907
0.195018
0.57907
0.195018
0.57907
0.195018
0.57907
0.195018
0.57907
0.195018
0.57907
0.195018
-0.00899273
-0.911985
-0.00899273
1.40753
-0.00899273
1.40753
-0.00899273
1.40753
-0.00899273
1.40753
-0.00899273
1.40753
-0.00899273
-0.539054
-0.00899273
0.193149
-0.00899273
-0.954217
-0.00899273
-0.954217
-0.00899273
-0.954217
-0.00899273
-0.954217
-0.00899273
-0.354632
-0.00899273
-0.354632
-0.00899273
-0.354632
acc = 0.240083
